 1.47679079  2.11780834  1.55270505  3.02247906  1.85594141  3.09896135
   1.38770688  3.37306023  0.89530164  2.34260035  2.91109896  1.4712491
   2.60175705 -0.05449909  0.67667806  1.29895091  2.17689991  0.64045948
   1.60225022  0.6169892   1.22060788  0.88115168  3.15594792  4.26697302
   0.92238861  0.7940256   1.47060752  0.91435629  2.25831223  2.19076371
   2.669101    2.29382181  0.84906703  1.14336908  0.70952529  1.36696541
   1.61595774  2.0258975   1.65501571  1.14984453  1.23747921  2.65657234
   4.3138442   1.51695728  0.84745175  1.42009747  1.79975045  1.51094055
   1.3552469   1.75745153  2.43089819  1.10674465  0.77194327  3.29887414
   1.10842884  1.39270771  1.18871582  3.5364964   1.88546407  2.65554404
   1.44973743  3.77571774  1.45118976  0.75005484  2.24059987  2.55849957
   1.20189023  0.80911887  1.1982944   1.37903011  3.3854785   1.68071091
   1.30576825  1.93470752  2.83366776  1.48946214  2.16612935  1.9210279
   2.02622795  2.81439972  1.81667495  0.92667788  1.36676311  1.58367109
   2.18943     1.37355769  0.76890838  1.29243326  1.28725243  1.50875986
   3.06865001  4.72270346  0.82492602  0.70962495  2.21534777  2.10027075
   1.30909276  1.20777893  2.60030031  3.52724695  2.92730284  1.30565453
   2.5184238   2.27091932  1.76395607  2.18553638  4.17932844  1.33143115
   1.72253668  1.89596844  3.60471392  1.99383128  2.43809843  1.397385
   2.41329312  1.24654341  1.37674594  3.42263556  1.70426238  1.63465917
   3.43672109  1.25916898  1.73976922  1.06331682  1.27556992  2.33786917
   3.12057877  3.04505801  2.35454988  0.85609388  1.11923957  1.51911342
   1.5224421   2.63574266  2.47468519  0.7301423   1.29848075  0.78096288
   2.95002341  2.05637789  1.54070556  1.91154814  1.00549662  2.78084874
   3.43166232  1.37765324  1.30336249  0.345514    2.81086659  1.23658991
   1.97169209  2.74301243  2.14800167  2.28012705  1.28496027  1.46981955
   3.84442663  1.61926794  0.68972707  3.14585686  2.75586271  1.40898836
   1.3003968   1.9854207   2.29856229  0.34015569  1.14118326  2.03322196
   1.02630699  0.89234513  1.2179805   0.64111251  1.49986374  3.75061035
   1.87585568  2.41399956  1.05841374  1.39790905  1.90518939  2.35604477
   2.51344585  3.61218476  2.71288991  2.28786492  2.57698131  2.40015364
   3.49642849  1.49373174  0.77768821  1.30582082  2.30804133  2.20656562
   0.22371253  1.46759534  1.66886878  1.88965762  1.49734581  1.8760457
   1.36762249  1.83909523  1.58819282  1.42835593  1.34281778  2.05035853
   2.71678925  0.74777043  1.11148202  0.94906986  3.28610134  0.31376678
   2.07128692  3.2222271   0.6189791   2.52946401  3.31028628  1.74933207
   2.8454423   1.0518651   1.16037691  3.17133784  1.5312494   1.71123838
   0.97482467  0.7781747   3.16995478  3.6104126   0.98183221  1.01289892
   2.57381725  2.80936694  1.17024422  1.06602645  2.23751593  3.79816151
   2.36409211  2.43274069  3.04339075  1.37083757  0.82358235  1.39917147
   1.80482101  1.57467771  1.20433438  1.30057442  2.06957769  1.65137899
   0.79615456  1.40789568  1.85059237  1.38850188  2.30298853  3.01836753
   2.25135446  1.59692502  0.7856887   1.11527741  1.86524343  1.21087527
   2.20659423  2.2091701   1.94727027  2.60433912  1.95563555  0.72950101
   2.77593064  1.82509816  0.80346727  1.11108208  1.00454807  1.75918722
   1.27992809  1.81313491  2.39256668  1.36552155  1.12799346  1.45003939
   1.29543459  1.38213432  1.24300086  1.76048172  1.4566884   1.28835177
   3.92585301  1.70002186  2.07745838  2.91451812  2.25369477  1.82139838
   1.99590731  2.61408973  4.18045425  1.77332258  2.06523156  0.69567913
   1.67117918  0.74369061  1.62340271  2.20520544  0.31856638  2.26363969
   0.42946029  1.37749994  1.41775239  1.1590327   1.28474987  0.99235839
   1.58133936  1.14956069  2.75915241  2.26612735  2.76322198  3.49115825
   0.48161218  1.34156823  1.67960274  2.90414405  1.87085426  3.5188992
   3.10695648  2.59187102  0.88338399  0.91442186  1.05138779  1.79052186
   2.89340925  1.2077744   0.56626606  0.47043863  2.42197824  3.78904748
   1.21581066  2.85476947  0.94607466  2.26721311  1.48232174  2.99000168
   1.18123674  1.90328825  2.51622725  2.67599607  1.17541361  2.01220179
   3.30955124  2.77995038  1.09747088  1.36995864  1.90040779  3.32271552
   1.88025999  3.1117928   2.12779903  0.87756407  1.57949185  1.09983325
   1.72918308  2.18338394  1.92919457  2.29291439  3.73641682  1.70487332
   3.3646121   2.92188525  1.26266968  2.00723028  2.14625883  1.70930123
   2.23461342  2.30363178  2.95293021  2.52058983  3.46355605  1.10541189
   0.81248432  1.59369195  0.68305594  1.99602616  1.58489716  2.94503212
   2.01830053  1.66706538  2.99370337  0.95007992  2.8937645   2.43846607
   1.00020063  0.5553869   2.07943892  1.18714023  1.99880219  2.78737807
   1.08035922  2.82148743  2.99329114  1.36357081  2.31614566  2.23362565
   0.84051776  2.47089505  2.18950987  1.89569414  1.33812773  1.88283896
   1.67056882  1.29152262  2.92092109  1.10592222  1.26938879  1.82319474
   2.52184105  1.71051192  2.30555129  1.78673124  2.73565507  2.08106446
   2.54327989  1.64280128  0.8638339   1.59799039  2.30196857  2.51396322
   1.48193896  1.81369126  2.3109591   2.87655234  1.76484704  0.62479335
   1.53367949  1.82175994  1.27880204  1.96998656  1.29602492  1.46706283
   2.96391988  3.70428562  1.12512648  1.35710919  2.44248629  2.02495599
   1.14574099  1.7486136   1.36129081  1.79552352  1.48160636  1.84735131
   0.8677538   2.37777543  2.03870177  1.3816812   1.39015269  0.80723727
   1.43085968  3.97761703  1.23773527  1.51379585  2.56059861  1.20510042
   1.68153512  0.84323663  2.54415464  1.7843256   2.20483112  0.95816135
   1.87579763  3.52031016  1.09810638  1.69872987  0.41099414  2.16060162
   1.15149748  1.43473232  1.18327868  2.70329499  0.93632919  1.77190709
   3.06714058  2.38970542  1.76041031  3.28215146  0.74981159  3.19893932
   2.33071756  3.35456753  3.11820984  4.097826    2.73908758  3.17169547
   1.54939961  1.90285182  1.41670203  0.96610177  3.18181992  0.9162001
   1.73505092  1.43533969  0.82224685  1.45807993  2.60303617  2.52592731
   1.72941983  1.07859349  1.62180626  2.70016837  2.42063332  2.46421385
   2.4963038   1.18612194  1.19505882  2.62046885  4.51327991  1.05000007
   0.90685207  1.82183099
