 2.36576009  2.76386929  1.74934936  2.84799147  2.45672536  3.15356994
   1.7940371   3.09347415  1.36551774  2.14721847  2.97908115  1.70539057
   3.0937562  -0.03255292  0.1629227   0.61780274  1.57121825  0.62261957
   0.68256396  0.62288314  0.68113577  0.96151638  3.5361166   4.2531352
   0.90549815  0.87221134  2.12062693  1.17255688  3.00679636  2.5243628
   2.96927714  2.28724027  1.5165571   1.17063332  0.63980216  1.00401926
   2.78518248  2.035887    2.43031836  1.20947409  1.42253757  3.18916154
   3.19208288  0.97177941  0.91870296  1.89984572  2.27004933  1.38370991
   1.15967059  2.76190257  2.07595634  1.14867055  0.80714232  4.24544477
   1.68206728  1.16668558  1.32505429  2.87649179  1.25266898  3.27559543
   1.33765805  3.61032128  2.19899774  1.21454012  2.14708948  3.17967343
   1.27042842  0.46961254  1.45256627  2.06695151  3.49717212  1.63503301
   1.00975704  1.41837502  3.30821657  1.69694686  1.65608501  2.23465061
   2.20814371  2.52446508  2.1644721   0.89403844  1.11504972  1.80335975
   2.96703434  2.56511426  0.87833041  1.48212171  1.82853377  2.19045162
   3.64069152  1.007321    0.79153109  0.61347556  2.27839923  2.40052915
   1.4284066   0.58664268  3.1669364   3.30421352  4.25002575  1.30906534
   2.41487503  2.56550074  2.49577332  2.24635601  4.21431828  1.35255039
   1.25084949  1.54043794  3.62937522  3.27010059  2.30760956  1.1641221
   2.33537364  1.4029206   2.92341018  2.61268353  1.89217532  1.65780056
   3.32303119  2.35590315  2.77051592  2.0112102   1.85329652  1.91266537
   2.70307183  3.33516288  2.04422021  1.14562464  0.54356915  1.51368511
   1.17323124  2.71434832  3.33950543  0.87411016  1.98575425  2.05630636
   2.84202838  1.67549562  1.5643872   2.87814093  2.52159667  3.29252768
   3.08835673  1.06302524  0.94237244  0.49954993  2.79946947  1.86743605
   1.44072127  2.88227177  3.00928068  2.29988599  1.32798767  1.46737325
   3.13384557  2.54441714  0.79955536  2.17783141  2.28461432  1.60514057
   1.29861486  2.45176697  1.54099524  0.18613401  0.9863767   1.68705082
   1.08785439  0.98658276  1.38511896  1.08290803  1.1738435   5.03447485
   2.29101992  2.33789325  2.05263996  2.21844864  1.54546082  1.0794946
   2.18203831  3.18069768  3.24306393  2.43965673  2.6397295   1.90788531
   3.3061204   1.33571053  0.85289121  1.06334341  2.60715437  2.58030367
   1.00054765  0.7354871   1.44894505  1.47545588  1.35780561  1.57419157
   1.33387971  1.50302172  2.26625323  0.32203108  0.62455463  2.71909642
   0.74119854  0.67448241  1.14830983  1.32007062  1.89024711  0.27836129
   2.31919837  3.7725513   0.62561089  2.12972522  3.23226595  1.60298991
   3.10937238  0.9107427   1.18626642  3.33827305  1.70325649  1.98631644
   0.49217597  1.05830669  2.29819155  3.01480174  0.99784833  1.45006025
   2.85509706  1.61824477  1.2414577   0.63506162  1.87599719  3.55797839
   2.37687564  2.55669808  3.17487097  1.57713985  0.976749    1.39155436
   2.34485674  1.04864156  1.16896641  1.13655186  2.45505261  1.98100185
   0.78810287  0.88362801  1.84925485  2.74810648  1.57857525  3.12794542
   1.72175217  1.64208639  0.75407308  1.25979483  1.50766122  1.48104632
   3.1374886   2.27239013  2.25262308  2.59557676  2.04436994  0.64516717
   2.42338872  1.04630232  1.48134387  1.18440413  1.44736087  2.98440695
   1.1738559   2.58072758  2.26636767  1.55960596  1.02840781  1.48859572
   1.18164551  2.52808738  1.30815625  2.72572279  1.3060143   0.96871835
   4.01682425  1.31684935  2.17884994  3.44213653  3.41473532  1.70649135
   2.00709844  3.94441247  4.27718401  1.93392253  2.18313789  0.5219804
   0.90835154  1.19777417  2.33242321  3.520262    0.58783656  2.95458865
   0.85256338  1.88152277  1.37787843  1.39761662  2.12352681  1.27985978
   1.0820173   1.3132751   2.67219782  3.29478574  1.77468657  3.01341772
  -0.03111566  0.79412073  1.77786207  3.96275091  1.38275409  2.92625713
   3.2547183   3.16669822  1.97283995  1.077227    0.90343773  3.28473544
   1.55305672  1.03239977  0.24027793  0.50014776  1.61564684  2.53293824
   1.87519848  2.80054641  1.192559    2.07947493  1.54700053  3.14115071
   0.9327935   2.17108774  2.06791425  2.95629001  1.36987269  2.61069775
   2.90629148  2.38968515  0.9492923   1.01772773  2.67079639  2.54182196
   2.42973089  3.30183601  1.92598867  2.53267241  0.8869155   0.77371919
   0.9572559   2.20119381  3.84859753  2.41814208  3.528512    2.38996673
   2.73728251  2.69661975  1.61696982  2.40965629  2.30794549  2.27852345
   2.19452953  0.94147694  3.11288452  1.45063972  3.26825809  1.61222565
   0.73558789  1.61147535  0.89288354  1.19788074  3.13884473  4.0653286
   1.87936723  1.45953     3.79708314  1.10491276  3.36237478  1.78766394
   1.02935529  1.89674139  1.71547234  0.94531423  2.23507309  2.40851784
   2.00056744  2.84890103  3.18401909  0.90570331  2.33827758  2.36504793
   0.82058674  2.87783623  3.59834003  2.04103947  2.32833457  3.28535819
   2.35229635  0.82208639  3.88484454  1.26564109  0.94559079  2.60028076
   2.48030901  1.8613615   2.56475806  1.7807548   2.72238922  1.55266845
   2.9034369   1.16139054  1.20584238  1.42867541  2.52407408  2.78768206
   2.1347568   1.36861038  3.24883866  2.3098278   2.33336496  0.83113557
   1.3614012   1.23502052  1.31445348  1.55734921  1.17653906  1.58418179
   2.43591762  3.76629806  1.41886866  1.64670968  1.73223484  3.15135956
   0.98361242  1.64205766  1.86464345  2.23321056  1.37495637  1.99296832
   0.97322494  2.3230288   2.76566553  1.54703629  2.37950182  0.72738397
   1.13889682  4.43468428  1.68681383  1.90132105  1.88945472  1.74317157
   1.33698177  1.09628499  1.95315635  0.99721587  2.66891527  1.0487752
   2.42079473  3.6295557   0.7093643   3.32615924  1.26497614  2.63871884
   2.59858131  1.29322553  1.56872535  2.93028927  0.75391793  2.24115944
   3.05140567  2.39174843  1.60657287  2.77371645  0.9467392   2.92886567
   1.16171801  3.4186151   2.93834972  3.57812452  2.6364975   2.82714081
   1.02676964  1.71426964  1.1837461   1.27016521  2.88535738  0.90928972
   1.53685486  1.86059928  0.80593741  1.44453788  1.82847714  2.61586499
   2.85279298  1.07113814  1.5798074   3.61356425  2.41538501  3.04562521
   2.49807715  1.36021149  0.64745396  3.07282376  4.11221504  0.6543681
   1.41316438  1.91037631
