 2.46520162  3.43177104  1.49753344  1.82918823  1.2356751   1.92957747
   1.4333185   3.0399313   1.20010424  2.69218683  3.8636086   1.26895344
   3.33153629  0.64833772  0.26303753  0.73192602  1.28193927  0.56569195
   0.79834116  0.97796977  0.95890182  1.16722274  2.71464992  4.36229944
   1.64040434  0.8111698   2.85585976  1.17735648  2.13707757  3.02420378
   2.91881704  1.35588145  0.9528262   2.00097227  1.40463495  1.29164076
   2.11887026  1.54392028  1.60855126  0.77964205  1.85902286  1.84791398
   2.76176929  0.5446189   0.81402105  1.04719782  1.16797948  0.92764807
   0.89639384  2.85026598  1.79135287  1.88209808  0.85848141  3.9889164
   2.09601951  2.04319739  0.69947666  4.04657793  1.43179691  2.30871034
   1.12663603  4.33911228  1.54902732  1.31086409  2.12354159  2.70697451
   1.30892742  0.55732054  0.73912096  2.78721046  2.66432309  1.71392465
   1.18506515  1.6376816   2.65066957  1.06230891  0.77090591  1.82344615
   1.37423491  3.17753792  4.54236031  0.96680623  0.98174119  2.89622331
   3.68733621  1.31792343  1.03828788  1.92037225  1.75961328  1.88878441
   1.74553716  1.28914714  1.03480971  0.89592552  1.70722413  2.61656189
   1.74186277  1.26164508  3.52893853  2.14078259  2.94353342  1.35390329
   2.91107917  2.11120296  2.62460685  2.47714686  4.37754202  0.76579082
   1.53170264  3.0910964   3.66664171  3.95520258  3.01861668  1.28904593
   2.10420299  1.12399387  3.73158312  1.63228762  1.87390721  2.27899837
   3.30504346  1.91904163  1.71599162  1.05018938  2.21363473  2.04361916
   2.996593    3.53131127  1.91422749  0.84712607  0.72056609  1.18135118
   0.74700475  2.60533094  2.77550793  0.89487666  1.73720169  1.87850761
   2.81268668  1.33849621  1.96774781  1.60580099  1.58567357  2.86896467
   3.65821958  1.74334419  1.61574554  0.65286362  4.08955622  2.85304594
   0.71351403  2.27506018  2.39435077  2.35904145  2.15727329  0.85978913
   3.12104154  2.29687214  0.74207693  2.51052547  2.72518635  1.38408983
   1.15607238  1.55167902  2.11242175  0.40279782  1.48651576  1.77085054
   0.97216529  1.18263304  1.45505548  1.02492905  1.78094435  3.83103633
   2.14865232  2.62561941  1.80999792  1.84382153  1.60682583  2.13247991
   1.63840914  3.37015867  2.86995459  2.30177045  2.42758512  1.84431803
   3.77967215  1.25948691  1.11819839  1.61640203  3.67120814  2.02291465
   3.02320838  0.7088294   0.94849139  1.88706934  0.34522122  1.53222263
   0.99983722  2.1908803   2.83963799  0.36419979  0.50415272  2.57249737
   1.29808283  1.45261371  0.95357454  0.96908784  1.80475247  0.78308421
   1.73107481  2.54742646  0.94804543  2.55459905  3.17445707  1.26271713
   2.22955608  0.95906931  1.03793478  4.14226389  1.70338416  1.48589659
   1.18705189  0.96103197  4.12840319  3.03515315  0.87481874  1.2163502
   2.84351611  2.19122434  1.08001554  1.0861181   1.48451877  2.62582541
   1.26577103  4.03679228  3.26387191  1.60037422  0.7682274   1.62852848
   2.50926471  1.52329075  1.21469676  2.72823596  1.76190734  1.57436228
   1.25536036  1.13203859  2.23855853  1.19300473  1.72438896  3.64244342
   2.63118291  1.563218    0.90554458  1.46668708  0.94136608  1.70253956
   3.5236311   1.81238091  1.79156375  3.16470528  1.77526498  0.41824594
   3.87867618  0.9178611   0.94361186  0.44508973  1.52921486  1.5858289
   1.34379971  2.3683219   2.35314393  1.12148809  1.11096346  1.62052619
   0.29708025  2.53132987  1.22486746  3.75694466  1.49345732  0.77392149
   3.78123617  1.09882414  2.29141736  2.18450856  3.00311828  2.10700536
   2.28541875  3.69232678  4.70603609  2.26282978  1.58632815  0.19415444
   1.36377931  2.27662277  2.99034357  3.36100245  1.1412828   3.0847044
   0.95378131  1.09586549  1.94094098  1.51216054  1.46220088  1.29174972
   1.35987306  1.16716218  2.85524583  3.72988057  2.21243525  2.98233581
   0.44866663  1.13775098  2.03971934  5.36760902  0.97598368  2.75114107
   3.23330951  2.10800719  2.86699677  1.15672207  1.05456209  2.7398324
   2.43509865  2.17643094  0.64210212  0.58766258  1.72251654  3.36314893
   2.56954312  3.55313087  1.23608041  1.62394273  2.06643558  3.29615641
   1.08535421  3.16495156  1.33455932  1.91343606  1.50164974  2.78277349
   3.23488951  3.19728708  1.12944496  1.31567287  1.89521635  2.12913513
   3.25871181  3.15903616  1.78866029  1.94399583  1.18334818  1.49604094
   1.05734849  3.03529429  3.02917933  2.37382865  3.04060054  2.1995213
   2.64094901  2.64243054  1.96379781  1.90078461  3.09418845  2.15539432
   2.89735079  0.58227897  4.21464872  1.6883601   3.12777042  1.54718959
   0.84123123  2.38177848  1.1022017   1.84608054  2.0408144   3.57823229
   1.22262704  1.3240813   4.86158848  1.15481818  3.40159559  1.24683654
   1.21340883  0.55617315  1.15843916  1.55910254  3.1962781   1.89820492
   1.50940728  3.07868433  3.17425895  1.53154552  2.23120522  1.40907669
   1.55111504  3.13999128  3.10258007  2.85936999  2.42238998  2.08323407
   1.92695928  0.86538118  2.98092341  1.11270332  0.73959333  2.02360368
   2.66968751  1.53492224  2.33914542  1.74675155  3.64933991  2.29968929
   2.38882875  1.45052969  1.31016994  1.7999661   3.23963451  2.3019197
   1.72122335  1.97328246  2.77479029  2.01715779  2.76512837  0.85631233
   1.00742233  1.16462934  1.76989079  1.95152116  1.19835043  1.28795767
   2.59060597  3.6434567   2.1757102   2.76537633  1.81866443  2.2072227
   1.07307994  1.12617898  1.67385578  0.47504565  1.5746001   1.39649796
   1.12852204  2.3823123   1.27531159  1.34073937  1.39919984  0.9320361
   1.96125197  3.56563783  0.71905375  1.41798842  3.14079738  1.06621039
   2.05710578  1.23489678  3.51616645  1.43313909  3.13301039  0.74081028
   1.95156705  3.86135054  1.76877069  1.740888    0.8316102   3.62399483
   2.42031789  2.03531027  1.30882251  2.89581323  0.6549741   2.96716666
   4.08181715  2.17721534  1.05477333  2.85354567  1.13863254  3.78683209
   0.91858703  3.62116194  2.92190647  3.50799274  2.86924696  2.70692492
   1.22585368  2.02786899  1.38864934  1.17733073  3.81270695  1.22660768
   1.84230185  1.38824892  1.07562578  0.92292464  1.30076385  3.69997597
   2.91038847  1.73361719  1.10788691  3.35221672  2.35578918  3.92863655
   2.69349694  1.27119815  1.08814549  2.31070209  4.00336456  0.58220065
   1.0969975   1.35412753
