 2.40442133  1.72524035  1.53783202  1.43709147  2.19270372  2.57792878
   1.80101037  2.49967647  0.79351103  2.81076097  2.59490442  1.70800138
   1.89841461  0.29729709  1.85965717  0.50642371  1.19117987  0.54020095
   1.4115572   0.65558904  0.62332559  0.80486423  1.15783012  2.91613746
   1.94359016  0.10442574  3.16145492  1.52803254  2.27700496  1.73444068
   1.94869208  1.005494    0.75941801  1.28765428  0.11183868  1.17220497
   1.7935282   1.68459821  1.48512149  0.60271627  2.0747385   2.66214895
   2.4851706   0.91244537  0.93006235  2.43240595  1.58209062  0.73273253
   1.98032403  2.02713346  1.26282907  1.68027461  1.22025657  1.73783493
   1.7926631   1.81059194  0.74687678  1.6059469   2.00984859  2.02000809
   1.48716259  3.1450448   2.08575392  0.87551141  1.29065132  2.55067897
   1.2685523   1.37326872  1.62420285  1.73163259  2.45392537  0.6962955
   1.15858781  1.30726814  1.65782595  2.10859966  1.17580318  1.93643081
   1.26095283  1.68703914  2.81734467  0.6726681   0.73272371  2.13714194
   2.7230649   1.09812832  0.47235304  2.6678791   1.51581061  3.79102659
   1.23172832  0.93912023  0.89683491  0.71875209  1.91570151  2.39459515
   1.44117284  0.96698201  3.24393559  1.48043895  2.5615294   1.40463746
   2.03364444  1.68182516  1.00466371  1.98566067  4.32406092  1.23530746
   1.26619887  3.11916685  2.86083984  1.74694717  1.73140216  1.23464513
   1.8948338   1.29505503  2.02339029  2.04187727  1.33261371  1.65016174
   2.1153686   2.00007343  1.5951612   1.31742477  2.18803406  1.68307686
   3.35782218  3.72404695  1.87706017  0.83605975  1.00986505  1.621292
   1.60335207  1.88627183  2.25094008  0.64320701  1.05135238  0.87629694
   2.08749294  2.2037456   1.4182049   0.79674578  1.11049545  3.23235083
   2.68665218  1.62297404  1.65519559  0.54360801  2.24924278  2.07722759
   1.30047548  2.433249    2.96725106  1.45999932  1.17426217  0.9354893
   2.58827758  2.04667139  0.79435766  0.84582037  1.73685348  0.61272568
   0.9674381   1.19715679  1.42090762  0.42013976  0.53998888  3.10719085
   1.6770376   0.97059292  1.02791488  1.03762054  0.89263755  2.80014777
   1.85146976  2.56395006  1.00802958  2.42448211  1.10821819  1.52519214
   1.50531316  3.26481342  3.16781449  2.2901721   2.00580406  1.56968892
   2.675879    1.13540995  1.00594068  0.96348292  2.24862242  1.80291772
   1.1642046   0.57394916  1.06909323  2.14724302  1.85390079  1.33572197
   1.22433019  1.45105016  2.81399941  1.17865729  0.66295248  1.58836532
   2.8234489   1.97969198  1.07219577  1.30793607  1.84406519  1.39597178
   2.12514019  1.75670397  1.85527468  2.82534027  3.07130766  1.38071752
   1.49727619  1.08321965  1.84820843  3.34522676  1.33499706  0.738482
   1.53519249  1.10596383  2.51323223  2.26386809  1.04223979  1.73367226
   2.27756906  2.15601945  2.78280163  1.56156838  2.21599793  1.53579867
   0.76318413  2.37957978  2.67567873  1.64367437  0.94310039  1.25529408
   2.60800862  1.58754814  0.71968341  1.42339993  1.65700567  2.00126886
   1.68058705  1.30618632  1.19769263  1.50029004  1.32672822  2.64053297
   2.12080026  1.87900591  1.23232806  1.18147302  0.98636973  1.0581969
   2.4678843   1.27265966  1.52168822  2.35496521  1.74536467  0.64963722
   2.9705956   0.59277111  1.20199287  2.20383     1.3697989   1.20471525
   0.98154116  2.04263568  1.81793952  0.82793158  1.05114937  0.78470105
   0.63192242  1.29653251  1.1783123   1.98940122  1.82072294  1.41007626
   2.58034468  0.8051824   2.25796556  1.98611486  2.61156774  1.64907026
   1.82148564  2.11790609  3.59580326  1.97461188  2.38247108  0.74423748
   2.36477399  1.03462362  3.59350991  2.31917667  0.28141397  1.78266776
   0.41934237  1.51777709  1.96663392  2.06178522  2.7398293   0.95009202
   1.16863179  1.13760483  2.78668165  2.24798369  3.6004622   2.94427538
   0.27108917  1.07568276  2.22808099  2.15938544  0.66129279  2.5602932
   3.23968506  1.64535379  1.23028374  0.32636228  0.62088764  2.71756482
   2.40622234  1.31656229  1.24218595  0.5674879   2.7749207   2.18371582
   1.6424619   4.07506084  0.85367286  1.18157303  1.49129224  1.67631173
   0.98412329  2.52270699  0.57459491  1.78348577  0.83237547  2.23123789
   1.80949044  2.33599114  0.59571016  2.34064031  1.98506391  1.68961513
   1.96983397  2.56761146  1.65503943  1.06500351  0.8147552   1.97842324
   1.0476681   1.7816608   1.89183116  1.69861782  2.42701173  3.00743675
   2.37461662  2.14098001  1.71018076  1.97570944  2.9200139   1.38089347
   1.50975263  2.39800525  3.51382399  1.44051886  2.36136889  1.28080761
   0.41723403  3.75112152  0.54944605  1.26674116  1.28850496  3.14344907
   1.62042654  0.76654458  3.05404878  1.22964001  2.73483276  2.12574077
   1.16644323  0.43832898  0.61096632  1.19815302  3.44559669  2.17762947
   1.31606543  3.38925815  1.49668753  1.22791731  1.72899866  1.65041685
   0.99575514  2.49922419  2.50435495  1.96303511  2.97658181  1.21587849
   1.53000462  1.03823924  3.07284474  1.29489028  1.63787472  1.57127964
   1.85792685  1.93398321  2.01828337  1.84123194  2.51403165  1.49050546
   2.30529737  2.19881797  1.26079476  1.27854419  2.05195022  2.58077812
   2.07546163  1.17032182  2.48808289  1.54320574  2.44527197  0.97895825
   1.03578317  0.95879704  1.56671095  0.94575047  1.60424733  1.25065386
   2.5852294   3.21312904  1.00499487  1.53800952  1.57740915  2.00773835
   1.31402767  2.42454934  1.85124004  0.78887838  1.13730562  1.92233074
   1.4463973   1.97350419  2.04319263  1.880566    1.72769439  0.94825804
   1.4978646   1.45731103  1.58838654  1.75576568  2.46193504  0.87807435
   2.39758563  1.01221943  2.96710539  0.84975094  2.3592608   0.63407367
   2.12983346  2.78416085  2.79650736  2.33365011  0.47334364  2.3534081
   1.2897321   2.09521341  2.22699904  2.19351244  0.40693858  3.56817508
   2.35980201  1.28236032  1.08474863  1.4043442   0.77260333  2.9288671
   2.5951755   3.94289064  2.09045792  1.36218989  2.19590807  1.61875963
   2.32978749  2.67790174  0.962506    0.90093303  3.00476599  0.55698162
   1.33961153  0.77678061  0.87052107  2.03025126  1.45941937  2.78226614
   1.68887115  1.04453838  1.27214193  2.10254216  2.6645081   3.32563758
   0.91077906  1.16022658  0.98086661  2.51907539  3.16243696  0.51228905
   1.32441187  0.81386137
