 1.84922647  1.84982657  1.97458589  1.33346832  1.34326279  1.52543008
   1.31365013  1.52488339  1.55475271  1.7345891   2.33704424  1.25579405
   1.31072116  0.83423793  0.83251631  1.96567726  1.90685201  0.61052388
   0.92458987  1.05320001  0.79359806  0.81472754  2.12971425  2.59212065
   2.30445504  0.96480656  2.95180774  1.86060441  1.03089666  1.48536158
   1.7325592   1.18361366  0.87310314  1.85209727  0.37243423  1.65595222
   1.83375752  0.77733982  2.82944536  0.77578771  1.16060019  1.4206363
   3.50389218  1.21964705  0.96623182  0.86111182  1.96847403  1.17826271
   1.88216794  1.57472694  1.43447733  1.09383297  1.64724028  1.41011477
   1.60219443  1.43695629  0.8772105   2.79783678  1.48345864  2.54645395
   1.2334348   2.69477916  1.94981706  0.9236517   1.77790129  2.07679653
   1.1253835   0.41589946  1.24182773  1.64725363  2.13362527  1.43868685
   0.95658457  0.35439628  1.93853211  0.97417057  0.74345714  2.08392119
   1.02475977  1.64233208  2.36159253  1.23573148  0.99076915  1.9512316
   1.40754879  1.10334373  0.88827395  2.35482311  1.54203475  2.77240372
   1.85560048  3.20769191  1.08003664  0.64898092  1.26788831  1.27191293
   1.90275371  1.23489726  1.67143679  0.83737051  1.68853188  1.76302946
   1.3982718   1.71328211  1.3651489   1.63855088  3.22566414  0.95067036
   0.98499268  1.91160905  2.33359337  1.58688617  2.54713058  0.83390933
   0.52673715  0.84652507  0.54791707  1.04942679  1.08674574  2.57496524
   1.21800923  1.88529229  1.78385329  1.41516209  0.61857808  1.19147706
   3.20499301  2.67428017  1.10771108  0.82241154  0.54708773  1.58931041
   0.83008283  1.6034354   1.4333812   0.57031661  0.99480253  0.58319628
   1.31351542  1.24235439  0.66102082  1.83405375  1.44661999  2.31932282
   2.34519053  1.14980066  0.78506833  0.32220453  2.30862594  0.89897275
   0.82028681  1.57956731  2.06362128  2.42932129  1.60824394  1.1293757
   1.78684056  1.48772967  0.82018954  1.44189584  1.7121315   1.69124413
   0.92981046  0.85032237  2.39514947  0.83622426  0.8146131   0.80801296
   1.19411969  1.22319245  0.66894341  0.65667278  1.87418926  2.46186352
   2.09192252  2.73254275  1.60876298  1.69229805  0.96150023  1.52935433
   1.58962154  2.8107729   1.95816243  1.312042    1.24633026  1.19239724
   2.61535263  0.93165779  0.89867431  1.1697433   1.83537543  1.85230267
   1.5125196   1.10478961  1.18132007  1.23197663  1.18551922  0.82139951
   1.49048924  1.6660403   2.01362467  1.08023906  0.67775625  1.89246762
   3.62758994  1.10078907  1.40396547  1.00518322  1.43594861  1.96166956
   1.0863018   0.72732884  1.79445398  2.14364004  1.68364608  1.08404708
   1.37162161  0.70635235  1.9765861   1.94771242  3.10019755  1.39369464
   1.37987113  0.84686089  3.14144707  1.92798722  0.82713431  1.36985672
   1.70492184  1.17090499  0.31294861  0.7489298   1.31616461  1.08768153
   1.11600673  2.75427818  2.23252535  1.39841366  0.98215735  1.84224546
   1.86839366  1.51809776  1.42959964  0.04390329  0.91936493  1.41693032
   0.76553595  1.38917542  1.02904403  1.14313877  1.44884169  1.83112228
   2.16302109  2.07494569  1.25999761  2.08970618  0.62848186  0.64228898
   1.72135365  0.49703598  1.51567471  1.58667183  1.71422589  0.97308725
   2.08162928  0.91235876  0.91781038  1.55902362  1.3443445   1.44722104
   1.15279031  1.95668471  1.60106802  0.8225767   1.94512963  1.28111255
   1.35832632  1.21590388  0.69737792  1.71838534  2.00030446  0.3377164
   3.37220979  1.24925077  1.82360351  1.23994529  1.83853567  1.52459836
   1.06316781  1.66520715  2.80170274  1.90973043  1.9777509   0.53066099
   2.43845177  1.313627    2.10617876  1.67481148  0.42654008  1.79424751
   0.42230216  1.54955077  1.23018312  1.45340085  1.56213534  1.17448807
   1.73023975  0.98946083  2.23411226  2.50531292  0.84565741  2.56586528
   0.76174939  1.41955113  1.64817023  1.44476175  0.53980643  1.30786383
   1.68899572  1.95767891  0.46237963  0.76073164  1.08911502  1.0976249
   1.75692308  2.65610909  0.81233603  0.81634545  1.74792659  2.24868155
   1.07789946  4.09628677  1.51728511  1.66792953  1.41253793  2.17010236
   1.28024292  2.09527302  1.81138492  1.42042553  1.09265828  1.00445843
   1.19724989  1.53523159  0.76014692  1.53259611  1.56509209  3.35546827
   1.31377172  1.48942161  1.22703564  1.68833315  1.39980912  1.00746965
   0.69830108  0.70197242  1.31352377  1.28636658  1.38271964  1.46400297
   2.25975084  1.62272072  1.69361651  1.35889351  2.06674957  1.12439227
   1.78571987  1.22497475  3.43922329  0.58464158  1.60983872  1.55691338
   0.49158952  2.80035472  1.1402297   1.61650836  1.08851767  1.90166688
   1.46450078  1.4985131   1.67502451  1.26512098  1.58145165  1.51598644
   1.26868284  0.57626873  0.96374959  1.12038159  2.55645561  1.62236011
   1.54635918  1.85216343  1.75317991  1.49892163  0.45244995  1.46077836
   0.45636547  1.79044855  2.04513335  1.06062269  1.84580553  0.4753927
   1.588727    1.12052655  2.24245143  1.67170036  1.62976885  1.37413156
   1.08040106  1.39390767  1.26033127  1.51544988  1.96719968  1.81553233
   2.17374611  1.38649285  1.26695418  2.07928443  1.54821301  1.58354199
   2.88212466  1.65508294  1.10579872  1.42433178  2.20100808  1.23396456
   1.73975217  1.23259985  1.60185182  0.59738666  2.08792567  1.34320641
   0.94344634  1.53051746  1.29889917  2.07043219  1.30957365  1.51245761
   0.74723101  2.02360225  1.99744678  2.08916259  1.41947103  1.96061635
   0.79190642  1.10121298  0.97846943  2.49203897  0.97889692  1.06185234
   2.1849854   1.67581582  0.97199452  0.87204474  1.95513344  0.83350593
   1.17131901  0.87686533  3.37818742  0.77956551  1.0624243   0.94916981
   1.97670257  1.9189558   1.12463295  3.3071599   0.6082685   1.14523387
   1.76338935  1.89728487  1.49405992  1.6123513   0.68719631  1.7358247
   2.5004065   1.88205254  1.72048378  0.78017384  0.72899204  3.6217339
   1.40697896  1.50515711  1.67315197  2.05015898  1.1160574   1.81132066
   1.07958066  2.32202101  2.3076272   1.04285395  1.95772076  1.57568073
   1.59542394  1.0893532   0.63648117  1.5632236   1.46055853  2.4549377
   3.69399524  1.52482617  1.79563868  1.5352546   1.79373562  2.55440497
   1.412045    0.81142682  0.84565479  1.59339821  2.46458936  1.15879762
   0.88807744  1.20392251
