 2.21903539  1.70346141  1.68039775  1.55530608  1.67688918  3.07809949
   2.36941576  0.78120619  1.12602365  2.57819867  1.67539895  1.15582025
   1.84151196  0.45544913  0.36972702  0.51063353  0.76429391  0.5019899
   0.64125013  0.97445208  1.08766735  0.86230391  2.4529388   1.61782825
   2.89365911  1.47824037  2.03024173  3.966115    1.91866767  2.44367766
   1.69280124  1.93028128  0.95400691  1.11366129  0.72825223  1.42414474
   2.39284492  1.05100667  2.10108876  1.85494137  1.01081896  0.54301983
   2.87757015  1.70043659  1.11890209  1.24139261  2.35537195  1.42425931
   1.41415608  1.97433066  1.48666978  0.89622205  1.7072438   1.94054174
   1.53532457  2.72561646  1.2990725   1.24639428  1.56673729  2.23922968
   1.51178622  3.87161088  1.4631108   1.059811    0.80509418  1.4264425
   1.06675267  1.46316445  1.59826827  1.27370167  2.29240894  1.1610446
   0.97842664  0.60928327  1.1008594   2.03305674  0.56176972  2.29104829
   1.28388524  1.78535783  1.10233009  1.16573679  1.22246122  2.34472871
   1.68498492  1.2872647   0.77075517  2.56509185  1.4358052   3.37508869
   1.90400326  0.84819198  1.05753052  0.65978152  0.67357683  2.99559283
   1.60759687  0.92723626  1.60130608  1.15430534  1.35905266  1.44077623
   1.37793243  1.96255696  3.42638874  1.31520104  2.22012234  1.37172067
   1.13123393  1.48566961  1.92737377  1.94200253  1.56984699  1.70657444
   0.8031702   1.41537893  0.6994319   1.29602039  2.08729196  1.60114896
   1.21015477  1.28531492  1.44405246  0.77496958  1.35558975  1.98506975
   2.44645071  1.69872832  1.18239725  1.40620959  0.88691574  2.02736831
   1.32511699  1.20491624  1.20362067  0.86701208  1.02842796  1.69214237
   1.40459883  1.1083988   2.84010863  1.430125    1.48330247  1.29419518
   2.01966929  0.7665596   1.00531471  1.31616139  2.00405836  1.14131773
   0.78926831  1.57754302  1.55320251  2.04260278  1.10724139  1.1742363
   1.71692765  3.59574771  1.05402052  1.21107268  1.46460044  2.06568718
   0.65776032  1.22972929  1.78091574  1.65610802  1.33423221  0.32674602
   1.46937716  1.13329804  0.72457498  1.70124829  1.78569198  2.76504207
   1.50591075  2.33475661  1.6291281   1.50261104  1.83915484  1.4053458
   2.0261867   3.55353951  1.216205    0.72897613  1.02980959  0.6742686
   1.59778452  1.76163602  0.76714677  1.06550491  1.11988962  1.44965136
   1.1320231   0.63872069  1.77008307  1.25666213  0.59099609  1.37858164
   0.98192644  0.52712333  1.89117444  0.80280381  0.92155206  0.88608861
   4.78757858  0.97272164  1.53620124  0.87927008  1.89870369  0.69204152
   1.27017975  1.26044321  0.78146869  1.46912944  1.79258752  1.8166585
   1.35034859  0.90000892  0.49039954  1.9758606   2.03949618  2.05226636
   1.46319914  1.10161412  1.53638637  2.26331306  1.26431537  2.40559649
   1.26681304  1.05740476  2.37370491  1.01287043  0.70922071  1.9832828
   3.48346877  1.44707787  2.24531245  1.0206387   1.11657524  1.37965167
   2.7839632   1.38437414  1.16539669  1.96527421  1.24860775  1.58658266
   1.5175252   0.88845778  1.00727665  2.13939309  2.70930529  2.13365197
   1.71855211  1.56238401  1.47741437  1.99183524  2.21380401  0.83010542
   1.12789893  3.60064554  2.71525097  1.34299278  1.81063497  2.25511312
   1.63167977  1.9870044   1.33593309  0.82597709  1.16320372  1.07110107
   0.83019358  1.16801977  1.48200512  1.30379379  1.12096477  1.28317654
   1.48556292  1.88049066  1.02550066  2.81669259  1.94342494  1.58527744
   2.86260009  1.18222499  2.24086547  0.73764896  1.83426929  1.16891479
   1.02756333  1.77369773  3.1776166   1.37071824  1.67658186  1.78285003
   2.57089949  1.32777309  2.52406383  2.78980231  0.45050886  2.20068359
   0.47443289  2.27634358  1.3729918   1.46329927  1.22614515  1.20441496
   1.20351243  0.67153877  1.68152618  2.53046823  1.00114214  3.17814922
   1.06594336  1.14895594  2.09525776  1.05619884  2.09331036  1.07043004
   1.51289594  1.05622542  0.76822042  1.08844256  0.89424002  1.73541212
   1.44173324  1.77472222  1.17173707  1.10224819  2.17494869  1.97735739
   2.02099442  3.39015627  2.19777131  1.50408471  1.09514499  1.91128898
   1.44075251  3.16059732  2.36789322  1.61711776  1.15104127  1.03571892
   1.58216417  0.94063377  1.20691264  1.08174574  2.13761687  2.82610559
   1.07536578  1.04600465  1.32146883  1.42390871  0.60142463  2.33856964
   2.19346929  0.24429764  2.04204679  1.1277163   1.09175849  0.58698261
   1.43637085  2.06349206  0.99275875  0.76762819  1.48420143  1.04686916
   0.23003554  0.94380128  2.937778    1.25830889  1.33468378  1.71012378
   0.54421955  2.28100467  1.02601695  3.28638983  1.46232224  0.75690603
   0.90587133  2.49191785  1.19569933  1.30104601  1.4962734   1.50894368
   0.92194831  0.78352195  2.68290854  1.2288636   2.14192009  2.75218344
   1.70882094  1.30387998  0.72011089  1.31949401  0.69589472  1.21345294
   0.67670655  1.88774955  2.69300961  0.91654992  1.46334887  3.30422926
   1.60606432  1.43749022  2.08421326  1.38254857  2.1634326   1.6619941
   0.91373807  0.68409616  1.04627633  1.84279108  2.16552472  1.68469942
   1.61617613  1.7276715   1.17613268  1.56506813  1.74481761  2.35195065
   2.11117625  0.94338775  0.66939658  1.38340247  2.79596663  0.9046486
   1.54013932  1.39479506  1.86777198  0.42862159  1.4650358   1.49814391
   0.42321634  1.41072333  2.00702882  1.48922014  1.1753701   2.11571932
   1.01218712  1.82686353  0.68646181  1.92185092  1.43423605  1.32389855
   1.47206736  0.87993997  1.77185631  1.84828746  2.15018368  1.09002805
   0.87525922  1.35023212  1.29246402  0.91774321  1.40694058  1.80372453
   0.89015782  0.73456198  2.75113678  0.83486986  1.38510239  0.82169747
   1.58177459  1.87779939  1.86270773  0.92780572  1.0398736   0.98754507
   0.94015372  1.92781687  0.71245462  1.76743996  1.95192623  1.65275002
   2.55341458  1.94027984  1.40539753  0.42329732  0.73619348  3.25687146
   1.75277328  2.58711958  1.52365232  2.07745266  1.739573    2.2255826
   2.04355812  2.80705357  1.24358284  0.90937144  1.01546466  1.39495039
   1.58673561  1.73942733  1.27997053  0.99081516  1.39337885  1.43381977
   1.46310461  1.51744044  2.09126782  1.64036894  1.29156506  3.13084626
   1.1812923   1.41356611  1.57298565  1.8438009   2.42898607  1.59897506
   1.28501701  0.54791099
