 1.65255249  0.82171476  1.49542964  0.88628852  2.16042948  1.37452137
   1.65073764  0.79972446  1.19367135  1.67090511  1.15424109  1.03882003
   1.5162313   0.8052277   0.40858805  0.32715258  0.93101603  0.59146923
   1.37033892  0.90342343  1.19760311  0.91694671  2.11365795  1.72687566
   3.20434642  1.53647864  0.61854744  3.12921929  1.36919582  1.43020821
   2.19481611  2.17912745  0.83361125  0.89886773  1.1645627   1.24737954
   2.75702238  2.38946366  1.64424121  1.34676158  1.50291252  0.70997769
   2.21715665  0.76909965  1.03385603  1.29061365  2.31339669  1.48314333
   1.36956334  1.9223268   1.35359251  0.85909748  1.48479533  2.01079607
   1.4672271   2.06519485  0.99977529  2.04081845  1.55864048  1.28670275
   1.49263096  2.36252213  1.64454091  1.0467571   0.90299743  1.52019656
   1.01159155  1.30395234  0.83636606  0.97113585  2.6832521   1.70007145
   1.08861625  0.57929295  0.63712579  0.9511376   1.5432651   1.45482779
   1.11150169  1.61151576  1.71359444  1.16903305  1.04758251  1.76565313
   1.94816327  1.05539811  0.9263202   1.78915572  1.06134546  2.14063263
   1.37666988  1.42654216  0.95741385  0.85648835  0.79348451  1.84221435
   1.21592951  1.26665378  1.16589391  1.20305383  1.362589    1.45164442
   0.08593475  0.76296753  2.54146218  1.24792993  2.19483423  0.68563461
   1.03640938  2.23693466  1.69684637  1.66387427  1.39517152  1.47321188
   0.80538249  1.43418252  0.66373962  1.15075219  1.95548165  1.27433109
   1.80700433  1.4728229   1.15933466  0.76603097  0.94362122  0.97467786
   1.39745641  1.28064811  1.01766288  0.97382456  0.72323298  1.90379
   0.47463134  1.19299734  0.80765164  0.9174009   0.81183219  1.7048682
   1.16180563  1.29742515  1.96157014  1.29807174  0.75175071  1.75908327
   1.70602858  1.63409901  1.00585115  1.02286446  2.29099917  0.54672724
   1.053092    2.12434173  1.08988333  1.50682509  0.33544603  1.2606504
   1.90679073  1.73028314  0.7038272   1.03920734  1.36055279  1.49038076
   0.52505034  1.07696915  0.97701424  1.15477395  0.98080695  1.65885973
   2.02798176  1.17101908  0.57469726  1.49213982  1.49966955  1.25981796
   1.56315792  2.0547986   1.63091409  1.84347248  1.48254359  1.33279538
   1.26516545  2.99184537  0.89179474  1.04560292  0.90706128  0.74542087
   1.04404426  1.22062576  0.82770783  1.26222408  1.8755964   1.1385349
   0.6812948   0.96392661  0.88900924  0.8163631   0.88644588  1.76037991
   0.71818644  1.46228826  2.23051572  1.18386304  0.6922977   1.32106841
   4.0946908   1.02670825  2.2161808   1.37891376  1.45703495  0.77144897
   0.65250254  1.32980657  0.95814914  2.21319103  1.57035458  1.46642113
   0.96539539  0.99658704  1.13780951  2.31008863  1.90942025  1.29582822
   1.67871809  0.60040772  1.51374233  2.17567468  1.42015958  2.53076768
   2.14777374  1.11588836  1.52696264  0.64112693  0.63647503  3.32694125
   1.49034441  0.86818665  2.00494814  1.1438849   1.02309346  1.32930076
   3.27680898  1.12121367  1.18570387  1.0949266   1.21348047  1.29937077
   0.97549045  0.76534534  0.39145404  1.01063275  2.11776423  1.83709919
   1.77163982  1.36851072  1.17964053  1.5290705   0.73499763  0.62873417
   1.94584095  2.11482143  1.87602103  1.19145119  1.80023658  0.85173064
   0.92598885  1.01788056  0.89806628  0.68376505  1.50907207  1.30258429
   1.22288752  2.10288429  1.24570012  1.02526748  1.61085153  1.39121139
   1.41098416  0.53874207  1.22565758  2.60098052  2.02781081  1.34211695
   1.78918684  1.29972243  2.47997689  0.92416364  1.68472922  1.30281472
   1.69378853  1.83652961  2.39620638  1.25030816  1.5829066   1.16839576
   1.55333114  2.52696848  2.07638335  2.9559586  -0.01529454  2.20812178
   1.04902196  1.0722996   1.66850364  1.56471467  1.60600972  1.28997326
   0.94921517  0.78000921  2.18579173  1.8434391   1.66959321  2.68690538
   0.03114852  1.39857519  2.44328547  0.77281129  1.96511483  0.78514838
   1.55893064  1.17888057  0.85568941  1.14725268  1.11723316  1.54582334
   0.51756591  1.65618205  0.72521418  0.9786132   1.49354684  1.62266767
   0.43161839  2.85579896  1.77186871  1.26768363  2.49462247  1.35042572
   0.92253089  2.61719584  1.36935139  1.77031875  1.16455781  0.75299644
   1.44121182  1.29627347  1.32745481  1.86995518  1.16964459  2.94617462
   1.02157497  1.18067372  1.65022922  1.35479093  1.04723632  1.99630582
   1.186324    0.93509293  1.80450892  0.73185635  1.83524013  1.12734151
   1.13478673  1.92146015  1.34997821  0.90810353  1.46700573  1.74595213
   1.58313775  1.62447655  2.07731819  0.60062033  1.50111973  1.57499182
   0.80246329  2.44882369  1.17522931  2.2584219   1.48338675  1.30402458
   1.39320266  1.16184425  1.06059861  1.68390572  1.2184186   1.72010851
   1.11045718  1.24786508  1.82368481  1.17879844  2.01555991  2.67738771
   2.15580678  1.25309634  1.87503862  1.23144054  0.96660447  1.20173156
   0.66836953  1.25013566  2.23370361  1.89360392  1.97237217  1.82376027
   1.48132515  0.98029286  1.65473759  0.98988152  0.40081897  2.58849359
   1.67561257  1.13298547  1.27053595  2.01838422  1.94753134  0.92959303
   1.64881301  1.09970856  1.28960419  1.83022666  1.31981301  2.0245831
   0.85096341  1.0114845   2.12253761  1.37830698  2.82859492  1.25234795
   1.61380148  1.3437562   1.45724618  1.02375937  1.06175208  1.71915126
   1.38436592  1.8415519   1.62879336  1.10798442  1.71184182  1.70735824
   1.30333185  1.69590294  0.89649516  0.58177644  1.17876482  1.51119256
   1.28876579  1.95561016  1.20508409  1.57622421  1.75748122  1.20876455
   0.89068234  1.8189255   1.01681638  1.23441339  1.85251498  2.65939331
   0.64212108  1.27631843  2.55613899  0.81507695  1.36158085  0.93074375
   1.56856489  1.38714778  0.83936381  1.05270016  0.99213517  0.89766473
   1.4303714   2.34783912  1.83530676  1.82285786  2.33152437  3.29953098
   1.37059093  1.68592036  1.30297613  0.67364693  1.31937373  3.10294437
   0.97080326  1.99634182  1.60505509  2.04787374  1.38550448  2.39666724
   1.19171572  2.2730999   1.23610044  1.52846527  0.40577951  1.11003327
   1.48692703  0.39830709  0.93810451  1.52791333  2.12859273  1.84148502
   1.56398523  0.99439996  2.09766436  0.96322697  1.06260252  2.44454288
   1.40484035  1.40686119  0.88461429  1.41911137  3.23070931  1.03814507
   1.07441115  0.91843611
