 1.88174486  1.82928669  2.41038275  1.28202021  2.4286902   1.59210205
   1.07892978  1.6827184   1.26662982  2.01263237  1.40700603  2.04971004
   1.60988688  0.76042449  2.33124185  0.4993321   1.37154031  0.57554525
   1.06334984  0.83783376  2.05897164  0.88662368  2.31930971  1.76488781
   0.83833444  1.1882838   1.92923832  2.60309792  0.51703411  1.27046287
   1.99065137  1.87932575  0.55354089  0.91890782  1.34176779  1.38275504
   1.48609579  1.86124921  1.55448556  1.02672076  1.63150215  0.76621449
   3.01665401  1.10485256  0.92141628  1.98204923  1.43632042  1.46040714
   1.94340563  1.43409967  1.71664917  1.06942153  1.8287704   2.1341784
   1.21687984  1.08899844  1.06852365  3.95970392  1.83548427  1.32160378
   1.40435433  2.5608933   1.30925727  1.10840809  1.06013954  1.40013778
   0.96267164  2.04896474  0.50556916  1.35133362  2.22736311  2.32389688
   1.02010465  0.96728587  0.77118504  1.40959334  1.60762823  1.89996636
   0.82293892  1.45701432  1.65186071  1.33170235  1.33805966  2.31183386
   1.8770479   1.2047255   1.12632346  1.7750783   1.35691452  1.93879068
   1.3199538   0.64639014  0.94629276  0.82087255  1.69761372  1.66184032
   1.58343911  1.35491037  1.04349911  0.70206016  2.68387246  1.26817119
   0.33717063  1.47272635  1.38125527  1.45531154  2.92426777  1.47675943
   1.72603035  3.21132588  2.35916662  2.27450895  1.38495028  1.50802433
   1.28828156  1.29994047  0.7913959   2.07398057  2.06596661  0.95401001
   1.48028851  1.93427706  2.53308582  1.01881647  1.53130198  1.44607878
   1.40386772  1.28353131  1.10447526  0.89485425  0.6177575   1.80478406
   0.47068185  1.31378305  1.80216074  0.61633086  0.74945438  0.88400888
   1.07270837  0.92155254  1.54855037  1.5708971   1.3239646   2.16927743
   2.67712712  1.28919685  0.34832817  1.0318104   1.42614055  1.21318173
   1.87028372  1.80286181  1.34527314  1.47329307  0.53397214  1.38102639
   1.57631612  1.39115655  0.71323812  1.60885167  1.17199731  1.03677166
   1.59273112  1.40299273  2.158988    1.41556871  0.91448623  2.43634129
   1.19994831  1.1988039   0.50331622  1.70864081  1.90336919  1.86726224
   1.03326893  2.62298536  1.76630878  1.45724952  1.57552242  1.40502203
   2.33504963  3.6047802   1.27689767  2.00626373  1.30027211  1.24135578
   0.75078082  1.66415322  0.86252868  1.24622464  1.88124847  1.6336658
   1.76188755  0.80776614  0.88555682  0.45451894  2.91435885  2.1112802
   0.83670801  1.54431212  1.56840181  2.37626314  0.48197448  2.6623466
   3.79698372  2.06673431  1.82747066  1.16602349  1.63642204  1.71845055
   1.25817668  1.68492019  1.96564734  2.49901104  2.15928388  3.46319485
   2.7202642   0.97174668  0.77874851  2.35756493  1.87614071  1.16378546
   1.71085989  1.51381266  1.28005052  1.46301401  2.67956114  2.11508965
   1.47452152  2.02735972  1.96283019  2.13284588  1.30530429  3.67613244
   1.38378322  1.20410097  1.85048044  1.31326711  1.14102316  1.65469611
   2.59212518  1.44234335  0.98030037  1.04055774  0.05742216  1.20116079
   1.07419276  1.04647255  1.04840887  0.73496789  1.94637132  2.18554974
   1.9189254   1.20122945  2.30527043  0.61191303  1.17550194  0.44070831
   2.74165916  0.55903912  1.53187644  1.79257762  1.9237572   1.55657709
   0.60692281  1.05545688  1.4225527   2.77550697  1.3408432   1.7673378
   0.9244436   2.4253509   1.73702741  0.98073184  2.20146942  1.47196221
   1.13490796  0.77687413  1.23138583  1.94860303  1.83020544  0.92834675
   3.45466614  1.24173331  1.48614562  2.36823273  1.39705253  1.08045769
   1.64745593  2.09277701  3.18987441  0.9251793   1.29850566  0.80027479
   1.20007074  1.87528598  1.44383562  2.24680924  1.10826933  0.7783255
   0.59335726  1.28086865  1.77881444  1.6640234   1.96639884  1.50576234
   0.83182895  1.19679582  1.89235651  0.94041342  3.84955287  2.43369865
   0.95146251  1.29885006  1.81463838  1.37265086  3.44755721  1.23965764
   2.28488255  1.30101991  0.45771053  1.33546495  1.09643757  1.95251489
   1.85370445  2.24111485  1.04832673  0.83341843  1.56450212  1.91960871
   0.80954731  4.05562401  1.43088913  1.85962117  1.36321867  1.52331567
   0.94835597  2.48365617  0.96486324  2.36348271  1.03331292  1.24471343
   1.18415046  1.87116742  1.47144639  2.09548092  1.07091403  2.76513147
   1.08872449  1.74749458  1.29303241  1.23801279  1.8916539   1.01863897
   1.31057012  0.76999825  1.748703    1.94930923  2.17511082  1.80267799
   1.62580776  1.46741199  1.3886497   1.27595413  1.54346204  0.99843174
   0.81721061  1.70216846  1.53592193  1.4648391   2.56287265  1.63926101
   0.67311072  3.74085236  1.11174726  1.9408375   1.30323839  1.53288984
   1.91198242  1.77843821  1.2863313   1.2707659   1.06115484  1.34932315
   1.44097757  0.58318335  1.89534593  1.18864238  3.05698037  1.27616572
   1.94709718  2.15375638  2.19910717  1.40639365  0.91161078  2.29167676
   0.7597369   1.52199185  1.24779856  2.11967754  1.92259526  3.11975574
   1.51170814  1.13030457  1.43876612  1.2406708   1.45045841  3.30679107
   2.22878408  0.85444063  1.03629696  1.90271878  1.70420063  1.48761439
   1.25162983  1.09511745  1.32859516  1.25145423  1.27304375  1.52231574
   1.63321972  2.10258532  2.94533896  2.55176163  2.02277446  1.01930141
   0.94375384  1.34631646  1.53329265  0.39581761  1.99569809  1.54225266
   0.55885285  1.89468217  1.63325012  1.13294053  1.68106544  2.25269723
   3.21666503  2.13137293  0.92648304  0.55270135  1.49597824  1.42392588
   1.44477046  1.86138582  1.66581345  1.75092256  0.99652195  1.07069671
   1.2564621   0.55706131  0.81962734  1.582528    1.83891582  1.74684417
   1.57981169  1.59074104  2.80573416  1.37868392  0.74864936  0.93124259
   1.95362437  2.54631495  2.67151117  0.79011768  1.16240191  1.30816174
   0.91516846  1.83963919  0.83799994  2.19153428  2.47689104  2.98784757
   2.04268146  1.605744    1.03508723  0.96632969  1.54830551  2.96785402
   1.33110499  1.84730995  1.37448478  1.77425385  2.71303916  1.86291933
   0.83273184  3.08246589  1.29934394  1.03256702  1.99379838  1.10377431
   1.60472465  1.03446329  0.96775258  1.75866163  1.53875375  2.42876697
   2.1864531   1.00897861  2.57234335  0.78355235  1.05508351  2.38446569
   2.62591434  1.916924    1.92481649  1.23641992  3.09065294  1.48424888
   1.37162459  0.73246104
