 2.62675858  1.1619693   2.97434449  2.19101357  2.10488582  1.97868741
   2.97102022  1.72530854  1.18779504  1.07275736  1.97790384  1.54087424
   1.87724209  1.20004201  4.86691427  2.51840281  1.84600806  0.74593753
   1.24009049  0.93611223  1.02469182  1.14834249  1.04946291  2.69008899
   2.42596126  1.40675497  2.02151608  2.09474182  1.47624004  1.22398603
   1.69301987  1.49312067  1.32800615  1.62561572  0.73112816  1.2195735
   1.7411201   4.41281223  1.84126365  1.47510135  2.18735981  1.41775513
   3.32901716  1.12707472  0.81565851  1.15124416  1.14878321  1.47063112
   1.08228242  1.96995652  1.7075026   1.52965379  2.73369694  1.81472683
   1.30164254  2.60744882  1.02996671  4.19609261  1.4801867   2.75287724
   1.49233449  2.13696027  1.44980216  1.01721144  1.86048782  1.52057445
   1.29095531  2.00342178  1.06937861  1.88204217  2.06610799  2.35514951
   0.96420538  1.15704548  1.36019754  1.40610576  2.8475225   0.95591599
   1.14348805  1.99663234  2.097965    1.06382585  1.50589895  2.81551313
   2.69021654  1.30448008  0.93176949  1.90782166  1.43580294  1.7590673
   3.43635178  2.01217437  1.81357813  0.83076566  2.91803551  2.33084559
   1.1892736   1.45354795  1.69548953  0.60425657  2.49093533  1.19502854
   1.45691407  1.73759639  2.04873538  1.35719788  2.6737361   1.62699068
   2.89220977  1.45943427  2.01748109  3.61016917  2.28594875  1.17711234
   1.64451039  1.9774611   0.64744353  1.22078693  2.00027084  1.23444486
   2.64319658  2.46553445  3.41780281  1.38531244  2.60015821  1.17585146
   2.59801412  1.60383832  1.31990385  0.85498083  0.72510481  1.19865239
   1.45367217  1.61005569  1.91659606  1.47788537  1.12490332  1.50567579
   2.28205061  2.39264131  2.06981778  1.26771522  3.49336934  2.8976109
   4.23920393  1.77044094  1.10599935  0.85188913  2.16860008  0.64248163
   2.62286592  3.07819343  2.67333007  1.69360781  1.06427479  1.63587928
   2.24956179  1.19232869  0.96041763  1.48724687  2.19011998  1.16091752
   1.23780835  1.07075703  2.17015338  1.07106614  1.36531866  2.42117977
   0.9319275   1.05052793  0.61145848  0.44138283  1.42238784  1.72753835
   1.67172587  2.50394607  2.07264233  2.52830648  1.44583118  1.16583586
   1.84560561  3.59844255  2.29141116  2.72409225  1.62603104  1.51215935
   2.3967576   1.57676482  0.85219693  1.30970132  2.81385469  1.87638497
   2.69531465  0.79131949  1.55756438  1.7015363   1.61190164  1.36649323
   1.11280191  2.09237933  1.00571668  2.75487781  0.50348181  1.78926563
   4.42455006  1.88164091  1.0410049   1.82338905  2.18045759  1.90964866
   1.81578207  1.42846227  1.11641884  1.70700467  1.33158803  1.88150954
   1.95338798  0.84190947  1.49047828  2.75737786  2.87528539  1.54245913
   1.18144739  3.10230255  1.54685593  2.61467648  1.67987585  1.42467093
   1.90340817  1.444013    0.94486994  2.88660669  1.62688398  4.40546608
   1.42275691  1.89519632  2.4384973   1.53211892  1.20694482  2.5203402
   1.80719149  1.81787813  0.95549923  2.68717933  0.46483123  1.46357763
   1.59594166  1.34118819  2.46400499  0.71874613  1.74324346  2.7092371
   1.57371294  1.78237319  2.1578021   0.89785349  1.41426134  0.84163564
   2.61860013  1.57477212  3.13987184  1.94407785  2.00217009  1.0746634
   2.01773405  0.97340685  0.9172743   1.57979715  1.27414954  1.59008491
   1.35896468  2.24664807  1.55991602  1.00495601  2.32706118  1.30281341
   1.54810631  1.93689716  0.82775813  2.32708955  1.24834824  0.86884922
   1.87768984  2.10510182  2.46101308  2.52393651  1.46055126  2.00501776
   1.19731975  2.00717378  1.68799031  1.74515522  1.36462855  0.75193667
   1.27185488  0.51144689  1.16050208  3.02690959  0.71074259  2.2918613
   0.64750111  0.96477956  2.31222677  1.46820605  1.97340477  1.55353737
   1.21961462  1.01636815  2.22563362  2.41913724  1.80943263  2.23187518
   0.12392412  1.71567237  2.04545641  1.45455658  1.59611213  1.68839276
   1.13833106  1.75727522  1.00210989  1.24224412  0.82607645  1.73075557
   1.59091592  2.14642262  1.30326164  1.06102848  1.83214664  2.63548017
   0.78996664  3.95427895  0.29696238  2.37445951  1.19354618  1.59273601
   1.13028705  2.64601517  1.43062294  3.23761511  1.55708253  1.13253415
   1.82655621  2.54324293  1.6144079   1.34305859  2.09179449  2.50689888
   0.87211531  2.4465127   1.22298455  2.19000554  2.95848465  1.11384332
   1.79757261  1.43491364  2.36455464  2.85811472  1.38382399  1.231776
   1.60595191  1.55700481  2.02787447  2.56648827  2.25108767  1.89398646
   1.41378355  1.59944749  1.83687544  3.90977478  3.31020951  1.414415
   0.7256602   4.55347633  1.36095631  1.873546    1.2633779   2.8919003
   1.61509585  1.14663041  1.55557442  1.74922383  1.47728121  2.02673006
   1.28479588  1.16987932  1.7099551   1.10692     4.34310675  2.17274737
   1.71511745  1.72284901  1.2888813   1.73037457  1.44930661  1.70919812
   0.19734913  2.04678917  2.49521089  1.64390695  1.68764699  2.17318916
   1.57654905  1.28558505  3.15937924  4.01946068  0.73084205  4.3812871
   2.9119029   1.0602349   1.2936188   1.97578716  1.52950454  0.61179674
   1.46157074  2.1149447   1.95918763  2.05170441  2.34333253  2.88153028
   1.99359751  2.89114881  2.44118452  1.5878371   1.79291296  1.10955131
   1.65063131  1.31102574  1.04974186  1.63401234  2.43910909  2.29579544
   2.18284726  2.91601443  1.45433295  1.20365369  1.99526775  2.66368294
   2.39506865  2.19031334  1.20229757  0.92753142  1.41604364  1.484074
   1.84570897  2.06023526  1.52329695  1.30379701  1.51442552  0.9868325
   1.08238328  0.80143112  2.75213361  0.93653494  2.35012317  2.93409419
   1.6975261   1.15961659  3.20654655  2.21970534  1.14410233  0.93918198
   2.21594191  2.47929859  3.46308136  1.00640607  0.8502894   2.40367532
   2.00068665  1.58943582  1.70026433  2.62944078  0.94486219  3.06881285
   2.37273002  2.36809301  2.34720063  1.31655085  1.05912316  1.83830655
   2.0959301   2.05914688  1.24909592  2.16735244  2.52411938  2.43829012
   0.60446596  2.13710713  1.35933125  1.7605207   1.66548312  1.26635921
   1.12641633  0.63162953  0.84166723  2.02156329  1.30337489  2.44316316
   1.28815174  3.78096366  2.29155803  1.74977791  2.15291572  2.70067334
   1.28427744  1.19668794  1.81907773  2.41095328  3.29185343  1.19264531
   1.06451094  2.27468729
