 1.75099242  1.04057276  2.26767039  2.15880156  0.98123437  1.90578914
   1.1671946   1.86719477  1.34754372  1.634902    1.31929457  1.61232972
   1.97215152  0.39612433  2.48087168  1.17561722  1.62920237  0.73907125
   1.7536813   1.12631202  1.00009859  1.04485762  1.32652676  2.43367863
   2.98198557  1.51131546  0.94227606  2.95142984  1.18552053  2.15359592
   2.63071585  0.83060676  1.17001235  1.74879634  1.09069133  2.25149608
   2.69314647  1.59804833  1.74223828  0.99990726  1.93642116  1.26494634
   3.79041362  1.06321764  0.8923831   2.07121515  0.89747149  1.37297463
   1.06759596  1.92126679  1.24444878  0.93937057  1.4060322   1.29812109
   1.39488888  2.10333586  1.00431812  3.27179193  1.42098331  1.97384572
   1.22755003  2.75513721  1.46609366  1.04363513  1.66869497  1.78758466
   1.45262849  2.11070824  0.93065149  4.54432058  3.2964406   1.78310478
   1.27077162  1.45718825  1.64246345  0.87307209  1.04166532  1.48432004
   1.45205641  1.46227825  1.56397235  0.99435043  1.38492954  2.13362288
   2.42006445  1.51108861  1.27967727  1.72651267  1.44633114  2.90132308
   4.10992098  1.89682984  0.69767874  0.8949067   1.52104139  2.0785706
   0.94037098  1.15906584  2.94656157  1.40349841  1.5858947   0.73317081
   0.50197595  1.52446532  0.5601784   1.70184636  1.67620254  1.7296294
   2.27991462  1.60771191  2.24845529  2.49167514  2.50443077  1.15073335
   1.57632399  1.11418056  1.1120429   1.58441365  1.44829011  2.07844138
   3.20314169  2.95053911  2.81336999  1.67632043  1.41897476  1.13252783
   3.12419295  2.47848463  0.96580231  0.85346854  1.16351092  1.22800827
   1.40415621  2.06167579  2.34933972  1.54968274  0.77600682  1.10492551
   2.02368569  2.43203425  1.42218101  1.38412261  1.45034218  3.14192462
   4.45009804  1.28819597  1.94374573  0.87439024  1.68123233  1.44062388
   1.25702286  1.79301977  2.49279547  1.60387695  0.35417724  1.30416226
   1.88007677  2.99548292  0.67251486  1.60814953  1.92713404  2.2174077
   0.65959585  0.98695046  3.60576701  0.43245438  0.2601867   1.65540814
   2.22857928  1.14844382  0.73549336  0.84731013  1.35552859  1.61245835
   1.70538259  2.58164358  1.88021278  2.38594818  1.93096459  1.41614473
   1.34468699  3.7256968   2.64416122  1.71372366  1.49850082  1.66373634
   2.57136941  1.21412134  1.03746593  1.53444302  2.65134692  2.0501821
   1.746539    1.12366652  1.68400538  1.22497225  1.60780084  1.7123543
   0.92736667  1.36110985  2.05792737  2.09623361  0.82421899  2.40557671
   3.94497132  2.51502013  1.24395502  1.70925879  1.80118108  2.02748394
   1.94689143  2.0379591   1.12555373  1.90847158  1.26923227  1.75656998
   2.00319219  0.60718131  1.88252556  3.04499674  3.78299165  1.32592392
   1.36416256  1.671       1.68652427  2.57822704  1.41321278  2.50774288
   2.50231957  1.59129214  0.94308001  1.90457654  1.15750337  2.69466901
   1.50699818  1.25698245  3.40999055  1.71432257  1.72946405  1.75172412
   1.52632904  1.24398661  0.98716486  1.97400773  1.75571573  1.74711251
   1.77454937  1.36332655  1.24281502  1.11971939  1.84567547  2.8693316
   2.43121004  2.20953226  1.23096204  1.54046404  2.04073596  1.33091545
   1.08113539  2.24012494  1.74690366  1.80784202  1.54019678  0.89637578
   2.06584263  0.99234176  1.08015263  1.7635982   1.34744155  2.39033508
   1.84711444  2.5553062   1.95982409  1.17693472  2.41574359  1.42529953
   0.72360963  0.47813675  1.16184914  2.92469049  1.91486013  1.02963698
   2.14690471  2.08045101  1.62035966  2.07641292  1.47949708  1.10561872
   1.00076222  1.67021179  2.30701566  1.55337918  1.53531027  0.87919235
   2.0843277   1.32820821  2.05025983  2.85566521  0.77062523  2.31018376
   0.5377993   1.17449141  1.78362012  1.62167418  1.85125983  1.3568083
   1.74418139  0.91849399  1.50102305  2.22110915  1.47697783  2.12744665
   1.46664095  1.93188024  1.78508556  1.88817441  2.00073195  1.78618193
   1.15923607  0.94948381  0.25002372  1.00701904  1.1527406   2.80057693
   1.16370106  1.57112014  1.29411459  0.99063832  2.09975576  2.32012844
   1.12216365  3.41948986  0.49375242  2.54130149  1.26712167  1.52213717
   1.29093921  2.30729318  1.52353251  2.23444605  1.3401643   1.09240031
   1.6987015   2.00035739  0.84286904  1.99730361  2.54387736  1.6834774
   1.2009182   2.36097455  1.01737022  1.78543353  2.5516715   1.36493516
   1.32138848  0.73984027  1.93212306  2.40856886  1.89485657  0.74556452
   2.05991745  1.62482202  1.46738374  1.66689634  2.4957242   1.9326421
   1.93193042  1.54476023  1.74667752  2.87361288  2.98711586  1.72027409
   0.61003941  3.67835021  1.21157444  1.99648106  2.77466035  2.56694436
   2.03151608  1.71074069  1.57164609  2.2736907   1.63547778  1.47202384
   1.33479404  0.62759918  1.21262586  0.9729414   3.62635612  1.13282549
   1.36648333  1.41876328  1.61042106  1.43520808  2.19599295  1.21454978
   0.45408413  1.67157996  1.99965119  1.31797075  1.35717762  2.5877049
   1.22034156  0.97408497  3.006809    1.82127988  1.34770095  2.35335517
   2.40583825  1.35473657  1.98314035  2.01789784  2.62110353  1.2814914
   2.16211677  1.73210096  1.46335232  1.80354095  1.91301084  4.03476524
   1.23892653  2.02174973  3.12314343  1.20479858  1.80327189  1.20196152
   1.44099247  1.20954216  1.19058037  1.11837912  2.05536175  2.12520409
   2.13298202  2.40620852  1.08466947  2.41750574  1.93225777  3.06030154
   0.61339736  1.70927894  1.8600384   0.73305506  2.40685129  1.7015121
   1.89293659  0.76351297  1.74524009  1.35763454  2.12774086  0.93473858
   1.14920318  0.98300356  1.52812445  1.12258601  2.23101807  2.20359969
   2.46158957  1.18731892  1.7276473   1.11754823  2.1606288   0.89666295
   2.20723605  2.47316122  2.62364435  0.72839022  1.2760396   3.67310452
   0.81959569  2.07500887  0.97300446  2.30387092  0.85532564  3.24158359
   1.52188694  2.08372712  3.18629193  1.27286279  0.66825825  2.17661357
   1.77914846  3.88705993  1.73180914  1.87827599  0.96060777  2.6609447
   0.51909846  1.81908441  1.61000597  1.72212124  0.97070342  0.99300748
   1.08090568 -0.03214277  1.66959703  1.51869321  1.6010983   2.15483904
   1.36984825  4.52610588  1.67753184  2.41779637  2.2900722   2.04982567
   0.90068346  1.42265594  2.13177037  1.98295939  3.18428516  0.39726335
   0.84696579  2.64584756
