 1.68704045  0.9433496   2.20837426  2.08349991  1.14239085  1.75163341
   1.21618032  1.43252969  1.79372752  1.56603479  1.21233273  1.52486122
   2.59209085  0.94499338  1.72574496  1.81130183  1.77215636  0.6894387
   1.28410733  1.1582458   1.24564302  0.92945504  1.62336659  3.19564652
   3.71513128  1.23203385  1.46139896  2.51852918  1.74644828  2.65704513
   2.16182899  2.10042191  1.16867208  1.79481852  1.19881558  2.64130926
   2.63174176  1.15767574  4.55075169  1.26246941  1.92886508  1.56608701
   4.1993804   1.13977623  0.75439793  1.61339235  1.09939659  0.81340969
   1.69288659  2.11085463  1.56406999  1.14825451  2.06228089  1.19244862
   1.44991076  1.91586757  1.00994372  2.47480559  1.39312685  2.28227043
   1.31377649  3.18196464  1.67920208  1.11430967  1.35784376  1.48499787
   1.46117842  2.11154699  1.35703003  2.75901103  3.82490611  1.86959839
   1.39094138  1.18376231  1.4759481   1.12685192  0.41084349  0.918015
   1.0852896   1.48055661  1.46264565  1.09725535  1.3981154   2.50526881
   1.61445522  0.96847063  1.20543814  2.13053298  1.36374199  1.38844895
   4.5734725   1.79698658  0.8195805   1.31386113  1.28779709  2.42422748
   1.1580236   1.05045736  3.14285707  1.08240688  1.51348734  0.79570305
   1.84806144  1.32490277  0.7622034   1.70619178  2.54935789  2.82711005
   1.2167592   2.38498139  2.15243244  2.97203708  2.13572788  1.47191155
   1.16476047  0.49567753  1.2488544   1.76284289  2.24436998  2.14799213
   2.4485991   2.67719531  1.83485067  1.40465438  2.32536602  1.66227341
   2.33360314  3.42531109  1.20506132  1.02675354  0.52750981  2.11334467
   1.19053721  1.97119105  1.7267822   0.37857005  0.38518605  1.58449185
   1.59425211  1.1044873   1.87142777  1.84544325  1.30620944  2.13875651
   4.13250399  1.21546686  2.52394795  0.70968884  1.6748662   0.58422768
   1.17751491  1.0123477   2.11177039  1.88024378  0.49172747  1.52897394
   1.86087704  2.51377654  0.74555856  1.77940643  1.72988415  1.19554949
   0.43419591  1.18348563  2.60474038  1.02089882  0.76741165  1.49584937
   2.19400978  1.29283106  0.78152233  1.49257767  1.36818326  1.88709676
   1.12243915  2.61359811  1.98229623  1.90847373  1.75245309  0.86495835
   1.68439305  2.96228933  2.16520953  1.63828576  1.59989154  1.38486493
   4.99876547  1.56696904  1.1181308   1.87638116  2.01712942  1.31641328
   1.42363667  0.80150449  1.48388553  2.27588201  0.52099663  1.18994784
   1.13983369  0.89327747  1.99523878  1.10508513  0.39724103  1.31963909
   7.15754032  0.91481936  0.86407149  1.51280904  2.16305685  1.20584679
   1.27129591  2.77490926  1.35761166  1.19817185  1.43652654  1.63072181
   1.24433446  0.4953773   1.28948998  2.31651402  2.15545893  2.06268263
   1.38476515  1.41466331  0.82952654  2.28660059  1.53917515  2.7678771
   1.74172592  1.41228485  0.82953835  1.04873836  1.46762919  3.29841876
   3.33124566  1.10301387  3.01054001  1.31397951  1.26249218  1.47902143
   1.12639213  1.56234169  1.09988976  1.02856922  2.0251205   1.23686576
   1.15275514  0.78556234  2.41851068  1.74091744  1.97276735  1.79849505
   1.78442121  1.58061492  1.98605919  1.19058049  2.00826216  1.16594529
   1.3025111   4.45896816  1.38548315  1.60320258  1.50123656  1.57920408
   2.54082847  1.3138324   1.07852221  2.20189404  1.70309782  2.44191098
   1.17028797  2.00387096  0.72565001  1.35376608  3.29369712  1.77316022
   1.91063583  0.74354267  0.78943717  2.37626767  2.01316905  1.40374947
   3.86166811  1.79469454  2.88069439  1.66866601  1.16738844  0.97293276
   1.28777802  1.71083403  3.44261408  1.62293017  1.18415308  0.70900553
   1.97059751  2.7066133   1.83278525  2.78897905  0.96228725  2.0447638
   0.96050328  2.19046926  2.14949965  1.2756933   1.59210002  2.43623996
   1.81384575  1.05288219  2.08495665  2.05351472  1.29088223  2.39119577
   1.25297165  1.86164021  1.46343815  1.65195251  1.63882422  1.70805848
   0.73699427  1.33506596  0.8333801   1.27960515  0.71910149  2.91606474
   1.32566082  1.77398527  0.90785784  1.06853628  2.05538273  3.27806735
   1.35236073  3.19014239  0.48866132  2.24205971  1.6087358   1.5071553
   2.59818625  2.94147229  2.27580667  2.23157406  1.22008193  0.37956178
   1.44044363  1.58890891  1.55959117  1.47230184  2.3824048   1.72691333
   1.05390275  1.70882571  1.02760613  3.75282359  1.86757767  1.66166937
   1.23217797  1.02284241  1.88945973  1.64861095  1.35904956  1.76702166
   3.07028818  1.39939535  0.81261027  1.30245173  1.38434017  1.74579489
   2.25461841  1.72005486  1.42095089  3.63780951  2.21867895  1.77201486
   0.62347949  2.96752405  1.16426933  1.91518056  1.83815563  1.63921118
   1.80028057  1.73971689  2.0148735   1.82793927  2.05173254  2.04286003
   1.17789674  0.65067762  1.17285585  0.80641717  2.90591788  0.80414373
   1.67429972  1.15148246  2.12981057  1.35544086  2.72936916  1.3043406
   0.40929848  1.9869591   2.00907946  1.42501366  1.46591628  2.43495178
   1.55500388  1.11314082  2.03129053  2.05890656  1.37117326  2.20399117
   1.33950233  0.89308757  1.13516867  2.44177079  1.92586267  1.07038319
   1.56125486  1.16933119  2.30951929  2.40488958  2.75144124  4.0485568
   1.48426402  2.39998364  2.33663082  1.87509513  1.67558146  1.1592772
   1.68094587  1.52620685  1.01617515  1.28316724  1.56333661  1.7017206
   1.75491369  2.72458363  0.96969175  1.2394464   1.96506727  4.09067059
   0.41808966  1.35416067  1.87845743  2.27334404  2.5940249   1.94126427
   1.36246932  0.74597257  2.57755923  1.80700696  2.00865126  1.45226896
   1.46286952  1.74302793  1.2475493   1.20852375  2.18797469  2.40525436
   2.65791678  0.98298812  1.55034482  1.37160909  1.99691641  0.83109033
   1.19506013  2.4577744   0.17093971  1.26162052  1.89371526  2.50309992
   1.30295205  1.40507436  1.56355381  2.21218824  0.77321398  1.4815855
   1.3594805   2.24580193  3.2989974   1.43599737  1.1516397   2.50400472
   1.80068696  2.73846221  1.97894263  1.9870652   1.36040103  2.41575766
   1.13000071  2.27631927  1.82210231  1.07092369  1.86800694  0.64049208
   1.55286753  0.69924933  1.2614727   1.70928776  1.33393037  1.73224401
   1.36137128  3.71880293  1.71067226  3.20847011  2.59090137  2.57800293
   1.78881776  1.62787366  0.88799036  2.28806973  2.90171981  0.78815341
   0.70742798  1.91555715
