 1.83718121  1.42106593  1.1356355   3.13814712  1.27586031  1.81806707
   1.44068694  1.32513106  1.61979747  0.5398832   1.27376652  1.14723504
   2.23187995  1.71681523  0.77343094  0.72099268  1.72069705  0.82464457
   1.23058176  1.02040458  1.13324249  0.88365573  2.43583798  2.49572611
   3.74619031  0.97916985  1.61040449  3.03472257  2.01934433  2.1606667
   1.31993008  3.21364403  1.76786506  2.02502799  0.71800715  2.36616349
   2.5562005   2.09912658  4.21599722  1.28271735  2.10665917  0.65126199
   4.18756533  0.97387189  0.66154611  1.04211771  1.0548923   0.81234264
   2.06542516  1.88247311  1.77134919  1.59164929  1.94263554  2.13547277
   1.64083207  1.79686868  0.99598324  1.99692595  1.36807537  1.84383547
   1.98916268  3.23269653  1.4173547   1.23164141  1.2578336   1.69802904
   1.55098975  2.17977333  1.08073974  3.81533742  4.14768171  1.61213827
   1.0653075   1.13297701  2.10096025  1.37053072  0.65986794  1.70915079
   1.82635522  1.32950222  1.80715358  0.85708952  1.46080089  2.74960971
   1.43551171  1.37522948  1.63801479  2.05188465  1.63850057  1.85812676
   3.83799934  1.93348145  0.79487878  1.61260378  2.25718188  2.48110485
   1.26208639  0.55047482  3.00089478  1.39691961  2.34753346  0.97105551
   2.38556695  1.52881396  2.93088102  1.28859591  2.63033557  2.33108258
   1.49377143  1.82778502  2.68493485  2.91368604  1.51803303  1.34939778
   1.30283797  0.49753129  2.08008432  1.53765965  2.62332225  1.87942255
   2.01960397  1.94731975  2.61734915  0.92886037  1.06810987  1.43555319
   2.81499338  2.28238034  0.76672101  0.9104107   0.58078498  2.96141219
   1.21614826  1.13946426  2.16428947  0.72465879  0.63880944  2.14309025
   1.02680469  1.24393761  2.59557366  1.63186049  2.68743277  1.84903729
   3.47473168  1.3435297   0.92204857  0.52197021  1.61894286  1.11711013
   1.15594769  1.54722023  1.55705512  1.54610765  1.03026009  1.43385696
   1.71785653  3.61277461  1.07658553  1.70195317  1.92515779  2.10337353
   0.36610493  1.1923219   1.9010886   1.05214024  1.05462956  1.36934125
   2.33314371  1.13061988  0.57461661  0.88866347  1.14730608  1.89201081
   1.29599607  2.81606364  1.80088043  1.29221737  2.35804367  0.97478187
   1.85322917  2.26455712  2.09935427  1.77980208  2.29412031  1.00610554
   3.77100229  1.67323411  1.43467951  1.45679259  0.75007445  1.72155654
   1.09732759  0.78932142  1.61810207  1.9544487   0.43737012  1.28873181
   1.25258625  1.12107325  1.54919064  1.08099186  0.39848459  2.25253057
   5.55240059  1.34691989  1.9987489   1.2538625   2.43723226  0.47689673
   1.80286336  1.96766043  1.30258203  1.35382557  1.52844095  1.34274733
   1.79268825  0.48159581  1.20350349  2.52680683  2.5100646   1.82538736
   1.26079726  1.17692888  1.72606075  2.57780981  1.33664954  2.00516701
   1.99976671  1.38326895  0.97511441  1.08948195  1.67140138  2.74634767
   3.60564709  1.31642663  2.62550139  1.1656611   1.15881431  1.80436313
   1.77668178  0.92363286  1.12952471  1.79102302  1.01744413  0.83600992
   2.06128359  0.913104    2.5511322   1.96749496  1.6653862   2.26462102
   1.80338407  1.21471047  2.24910283  1.86519444  2.36854839  0.4721854
   1.67436719  3.17091465  2.18611622  1.64037895  0.9976638   2.50285482
   3.17464161  1.76111507  1.08908498  1.08017421  1.25454557  2.59636116
   1.25543797  1.23759949  0.43134829  1.11426723  1.9245218   1.34652352
   1.55796385  1.12596631  0.7175138   2.42577839  1.5618428   0.58665067
   2.67213964  1.64656365  2.61574507  1.67084169  1.45024192  0.80052125
   1.09726667  1.31232965  3.89637208  1.85594285  1.58268356  0.5545857
   1.53098428  2.84834099  1.32848454  3.23261619  0.6228559   1.64892316
   0.92599547  1.9706912   1.53152514  1.4817481   1.54885054  1.19301319
   2.00011373  0.67278713  2.19161415  1.94429183  1.0137924   2.40650702
   1.18999946  1.67136836  1.59041941  1.03273034  1.67110574  0.97783238
   1.01147497  1.65819681  0.80211663  1.22137642  1.42124486  2.41177249
   0.44253698  2.49276543  0.71523017  1.08272338  1.46955395  3.12254524
   2.84047008  3.34419703  1.64529705  1.93013859  1.40290558  1.30527329
   1.37918472  1.47666228  2.55341887  2.06193089  1.37735713  0.80669832
   1.43939567  2.20836544  2.28173923  1.03308022  2.31648922  1.72016978
   0.71853113  1.95863128  1.09951818  3.59405088  1.73402905  1.71373427
   2.28783321  1.74025464  2.45657039  2.4984436   2.12143612  1.3050586
   3.08021212  1.18918848  0.86274427  1.83093095  0.87411207  1.30628765
   2.53830433  0.88499314  2.0335505   2.99912119  2.99102759  1.92100728
   0.70571655  3.36776495  1.35294259  1.85017943  1.82808888  2.22214746
   1.32021487  2.7308836   1.73317826  2.02426052  1.35236621  2.63632464
   1.34246075  1.19790328  2.92384577  0.86705399  2.40024042  0.69906121
   1.26394916  1.17203724  2.52199888  1.73610246  1.7606014   1.78698945
   0.4066337   1.67532837  1.85985363  1.46936107  1.86528122  4.16132975
   1.8030982   1.19269776  2.55096865  2.09104061  1.54483688  2.92366719
   1.48699296  1.26372027  1.11442912  3.76159739  2.19795108  1.91009402
   1.60071182  2.50235009  1.61566138  1.78656483  1.96390128  3.22262096
   0.89204067  2.59962082  2.38421178  1.88323605  1.83551753  1.31565487
   1.485394    1.41082907  1.17704606  1.31783605  1.85452914  2.06863451
   2.55707169  2.45808911  1.2149514   0.88230407  1.28408051  4.15198565
   0.99628133  2.42225575  1.85903978  1.25042629  1.73863268  2.03089762
   1.65564883  1.15009177  3.02253342  2.07990599  1.7027005   0.81216419
   1.48268497  1.62049735  2.83052444  1.57826412  1.95118034  2.29652572
   1.89859712  1.23859572  1.49906969  1.29896772  1.87901282  0.65868908
   1.76428282  2.15353155  0.13879387  1.09711361  2.11119223  1.93878353
   1.56746507  2.11466241  0.54452306  1.60280526  0.92209429  1.64927924
   1.58213973  1.61614871  3.39883232  1.33792603  1.74545777  2.46122885
   1.18432093  2.71081662  2.1176312   2.09309006  1.82021952  2.895612
   1.2947675   2.06022501  2.45363998  1.14918685  1.88328552  0.70862991
   1.7656194   1.28896725  1.29350138  2.38683748  1.36861348  1.84240627
   2.0670526   2.25525975  1.43607056  2.75954747  1.83523643  2.71365666
   0.90226221  1.26483345  1.68642354  1.54184306  2.50269604  0.88879287
   0.95184386  1.45219529
