 1.31275964  1.45524061  1.43950939  2.3987577   2.07528663  1.43763649
   1.0126965   1.32235754  0.83562702  0.67712611  1.23796344  1.24762356
   2.50337291  0.50673342  0.95584619  1.37951767  0.95629191  0.18661441
   2.02566123  0.92206925  0.84801179  0.51431495  1.83898509  1.60319781
   1.17026794  0.83260787  1.46491444  3.48335624  2.31492996  2.47507834
   1.77674127  2.4486692   0.99734849  1.15852833  0.14298861  1.6913712
   3.18256617  2.03993392  2.83562326  1.28291309  1.03629136  1.9060533
   3.3948288   0.82418871  0.60472029  0.3510634   1.66185725  0.61111337
   3.49378967  2.18603659  0.99023068  2.07475519  0.9567709   2.59390473
   1.58995986  1.56503749  1.05474937  1.75419497  1.2285018   1.20392764
   1.13892722  3.11324954  1.5887109   0.84820127  1.67363584  1.50526989
   1.57638741  1.65727055  0.77360529  1.55865335  3.36828256  0.80732632
   1.0582608   1.2373935   1.62182379  0.76904327  1.51816905  2.02537465
   1.88539541  1.50265467  1.58075094  0.74952883  1.71872497  1.54321361
   2.19051027  1.40447581  0.69298279  2.20371747  1.25576174  3.27723408
   2.61057615  1.2395885   1.909078    0.76234865  1.26149035  2.6318779
   1.5642637   0.72318816  2.1866672   1.05012298  1.69253385  1.18342865
   0.77889222  0.70782363  1.33403647  1.7656945   2.38801384  1.07837307
   1.7816596   1.79198623  2.55414867  2.94064784  2.37175822  1.03700507
   0.74332178  1.16952991  2.28526521  1.56346011  2.93204999  2.28725028
   1.88948262  1.30446374  1.64544594  0.67690974  1.55253303  1.52646351
   3.28397727  2.29936481  1.06960356  0.68873745  0.56680435  2.05787897
   1.52563441  1.49828231  2.15294361  1.62478805  0.94129694  1.27999222
   1.69263482  1.7971462   2.81750059  1.74519098  1.39746797  2.07238388
   1.80071807  0.62923944  1.47007906  0.94116592  2.49786258  0.66286296
   1.4346174   2.15636086  1.56120026  1.87108874  0.40014011  1.10346329
   2.0300529   3.99369836  0.94413567  2.07735682  1.07654679  1.10572588
   0.5311352   1.27589369  1.73179471  0.20149116  0.09349538  1.70535874
   2.53155637  1.19129479  0.76765889  1.07368362  1.76945174  2.12365007
   2.55995274  2.45258498  1.60672092  1.74721479  0.94114786  0.75333226
   1.11282682  2.97011042  2.5271678   1.93371928  1.43189561  1.74580014
   2.29038954  2.18642044  0.74198794  1.11964869  1.63335693  2.24043727
   1.20902133  0.45578447  1.02123439  0.80631471  0.64228827  2.35364175
   0.77054304  1.41295755  2.53161812  1.52251065  0.44718027  1.25250781
   4.7728281   0.90678418  1.65865231  0.72532731  1.81072736  0.99028325
   0.89981848  1.6534344   1.29304922  1.73563397  1.70465302  1.00038469
   1.82530677  0.69294494  0.62200987  2.37187076  3.20012069  2.09568381
   2.24172616  1.06178212  1.36838937  1.64671326  1.33030093  1.74499869
   2.13922739  0.93304181  1.97565484  1.05438411  2.15257049  2.40407801
   2.04507732  1.07928145  2.84850597  1.17342639  0.27734473  1.80472803
   2.63613963  0.78474301  0.71416938  2.05189037  1.13082623  1.35215735
   3.22914338  0.97283131  0.31772119  1.505898    1.4107542   2.3923142
   2.11460233  1.92143357  0.40246966  0.94163591  1.1534816   0.91701347
   2.71771407  2.97259855  2.10053921  1.96527815  1.25861907  1.52948773
   0.61685437  1.81909811  0.65396976  1.07284105  1.47495604  3.5035305
   0.97568798  1.86821783  1.1057843   0.60588741  2.25946093  1.61351216
   0.85159457  0.96578979  1.0453862   2.50027585  1.63373339  2.06163716
   2.9387548   1.02560818  1.40876365  1.35768247  2.25854015  0.93230158
   2.09507465  1.49746406  4.08070612  1.4692347   2.32398748  0.4426232
   2.60458589  3.83846831  1.74438405  3.13073468  1.44643998  2.04973865
   0.96363729  1.31303418  1.49608231  1.46877265  1.85179257  1.21345961
   1.02866769  0.58256376  2.09233618  1.18921936  2.87300491  2.23646855
   1.26403797  1.10663378  1.90260589  1.89646161  1.68425453  1.09931219
   2.53834462  1.71887863  1.21589971  1.22758222  1.19573474  1.49197161
   1.37787616  1.66523349  0.48371166  0.87226009  2.40977359  2.31109881
   1.37564111  2.72894359  1.15312326  2.04873157  1.28559566  1.66486657
   0.77788329  3.15040302  2.10057807  2.32458472  1.31194961  0.94790143
   1.28859365  1.70705426  0.95644546  0.54923987  1.55229938  1.63319838
   1.22685325  1.70386684  1.98826146  2.41731834  2.72018266  2.23874259
   2.36447954  1.24762666  2.39413977  1.18202531  2.32348609  1.75890207
   1.83884883  0.95096749  0.39855197  0.97681171  1.56083703  1.23448217
   2.29626894  1.64830077  1.87680113  2.48174667  2.55168796  1.73404098
   0.52551931  3.27974319  1.07471621  2.045331    1.76717734  1.6672796
   1.15555871  1.28537202  1.62720644  1.35820043  2.19801784  2.28370094
   1.03818071  0.31073946  1.23713636  0.94899851  2.07414007  2.02962232
   1.63756001  2.22365999  1.2082988   1.55073166  1.85342395  2.35538745
   0.44699097  1.93907845  1.9522748   1.40111518  1.07836056  1.36066031
   2.11072421  1.25935769  1.57374907  2.0718112   2.43130946  2.05118394
   1.26299202  0.89557934  1.33537686  4.42443609  2.89209604  1.33937371
   2.49660277  1.57411397  1.38137853  1.69490862  1.86596382  2.54310489
   1.49408734  1.45568383  1.89201057  1.30263078  2.53706026  0.6091277
   1.55756629  1.7053045   1.38422346  0.45984527  1.36748755  1.63886189
   2.55972004  2.13977957  1.52745903  1.32368493  1.37433159  3.33383083
   2.44970131  1.41837692  2.62615275  2.2664578   1.35135472  1.65302885
   0.81053269  0.93083638  2.18729377  1.8329109   1.52407575  1.2062062
   2.55544543  0.39246467  1.7429074   1.52958238  2.32667255  1.1229465
   1.46107173  1.18929756  1.58505774  0.74301279  2.50390506  0.58237803
   1.81885028  2.12654066  1.37014914  1.04249847  1.81739676  1.62034082
   1.10462987  1.84385359  0.96260375  1.25251305  0.6750285   2.00044727
   0.93195623  1.45006776  1.70460105  0.85673177  1.53214777  2.68148112
   0.66592246  2.26612258  2.26099062  2.08538675  1.68997037  2.9503274
   1.25005889  1.32626486  1.93265116  1.6883533   1.36559439  0.72837996
   0.68547964  1.64856195  1.14456308  1.43751514  1.64115477  1.95639014
   2.98177528  1.06800175  0.97775298  2.21658516  1.14485562  1.74083591
   1.26495552  1.47428405  1.64340997  0.82068616  2.55769491  0.70472848
   0.2146524   1.64029801
