 1.13590002  2.76323509  0.73639649  1.90079057  1.30754173  1.07972467
   1.66045427  2.06267643  0.71884471  1.1973666   0.86741638  1.82070446
   3.27502704  0.74100423  1.50579965  1.08779764  1.49924386  0.10771119
   1.25872123  0.76660019  1.2206701   0.68895441  2.60145378  2.73159838
   1.29440188  0.49715719  0.9531222   4.35622072  1.54545724  3.2415359
   2.44022655  2.34627104  0.86653954  0.41226193  1.4972558   1.33577216
   3.45131111  1.13229513  2.42714143  1.79660261  1.93972945  1.68771815
   3.32255197  0.07456917  0.5761807   1.35935187  1.07452011  0.94869059
   3.47971702  2.95521379  1.33368027  2.76725721  1.59670913  2.42291284
   1.85798872  1.74240005  1.18365061  2.93779087  1.60866272  2.00842309
   1.39692426  3.65777802  1.30825078  1.10860837  1.21236968  1.71705687
   0.99786359  1.56318223  0.33218604  1.97376943  3.44096851  1.19638705
   1.31807017  1.76726377  2.48873568  1.27864313  1.36521995  2.31139374
   3.09612703  2.49626398  2.68413663  1.20096362  2.11080861  3.09132838
   2.31347775  1.52097678  0.79062361  2.63258648  1.77485764  1.7002492
   2.39268517  0.88856059  2.63908005  1.24209642  1.66371965  2.97120857
   2.70455408  0.93789124  2.64222789  0.32615957  1.96344543  1.18258166
   1.99240005  1.50215769  2.35970807  2.15668845  2.91448331  1.49586284
   1.40655136  2.00530171  2.49335456  2.60229731  3.37867022  1.06501675
   1.65604174  1.40471077  2.71528983  1.08904755  1.50643528  3.06251431
   2.51398849  2.37773442  3.2113843   1.47147417  1.63824213  1.6052618
   3.64101958  2.44664812  0.89691687  0.47104546  0.69933325  2.48042417
   1.26708663  1.69029641  1.92379606  1.01966679  0.81364328  1.78582549
   1.98022008  2.3343389   1.8144989   2.15748906  1.56371534  2.49300885
   1.64761698  0.73032749  0.8586303   0.54463238  1.89051473  1.48170996
   1.03957999  2.19076896  2.28338695  1.92700076  0.96075088  0.50146335
   3.44381499  3.12438941  1.34452593  1.66021109  1.9201169   1.28981996
   0.50891507  0.69851422  1.48161304  0.17714679  0.62259883  2.05110836
   2.3662765   0.81477994  1.01182771  0.98266965  3.38666606  1.87873423
   1.4417578   1.70976388  1.48111415  1.37495077  1.21447527  1.17833543
   1.04608345  3.4446311   2.52079439  1.23681092  1.80730367  1.57481933
   2.44541836  2.32120705  0.84075338  1.54187632  2.38164949  2.08925819
   1.60627472  0.80191612  0.60628635  1.27877414  0.72908443  3.36117721
   0.78923881  2.04295659  1.11870575  2.28767633  0.54511654  2.28070784
   4.73790741  2.12156463  2.19646502  1.02031314  3.04269338  0.89808846
   0.8985424   2.45794749  1.41399443  1.85628605  2.23802161  1.15287256
   2.46227646  1.03651953  1.23841774  2.96270919  1.9086045   2.22894168
   2.09370685  0.84085143  2.22355628  1.26017487  0.99016482  3.198627
   2.41019344  1.58840036  3.13023162  1.45117557  1.40540802  2.4074707
   1.843027    1.09137666  2.70643997  1.00709856  0.16185655  1.23957717
   2.9563117   0.76016945  0.35023502  2.34457374  1.26601028  1.44905627
   2.23910308  1.50410438  1.97232616  1.71357191  2.21418476  2.6785953
   2.29865456  1.72451067  2.50830913  0.89111555  2.0348053   1.29306793
   3.27817464  3.0203197   1.68456972  2.28584409  1.03676355  0.79012483
   0.87334514  1.42431962  2.00372267  0.57984596  1.74092185  2.96786213
   1.24360061  3.10140538  1.59698701  0.41564479  2.5553143   1.58896184
   0.50094968  1.28531587  0.6614939   3.35061502  2.59741259  1.26508605
   2.01596689  0.99544001  2.52839351  2.76207662  2.28484702  1.10407507
   3.24670935  2.17175865  4.58936024  1.55426514  1.50924969  0.78806311
   2.9196887   5.14376068  2.10468102  2.98966646  2.02781463  2.2081306
   1.75772595  1.27104199  1.08967173  2.11669374  1.97359824  0.97156096
   1.12997854  0.59688032  2.61310887  2.46710348  3.75138164  2.88170123
   1.50975347  1.00562644  2.01127267  2.79218864  1.64698493  2.1466465
   2.81223607  1.16591752  2.18258166  0.71498442  1.0819366   2.97595668
   0.9639715   2.37988782  0.67778915  1.04560387  2.7959373   3.17411494
   1.29899776  3.16333079  1.69392121  1.97071278  1.64982331  2.15177584
   0.39799729  4.27565765  0.79039842  2.25478411  1.10680616  1.26441479
   2.21212459  1.8903805   1.12765539  1.08946359  2.04538751  2.08109593
   1.80532384  2.57173991  1.46422911  2.36073804  2.30637169  2.8302629
   1.46661162  2.59218502  3.50381112  2.26192713  2.08438611  2.42885089
   2.21098733  1.17914498  1.24713802  1.63880861  1.96401429  0.63266581
   2.45829296  2.36898255  2.12523556  2.40080023  3.46136284  2.0564959
   0.57854766  2.68982553  1.30587542  2.34974003  1.87947178  1.75559509
   1.62154341  2.2551918   2.19966364  1.44222581  3.27170324  2.50148988
   1.18783653  0.29038727  0.5417912   1.05598915  2.895684    1.45523715
   2.36164403  1.84808707  2.19638181  2.42388105  2.48268437  1.62432599
   1.44088423  2.84535122  2.46936202  2.2723484   1.76765609  1.94022977
   2.61766958  1.43944204  2.85107493  2.25594807  1.85231864  1.92960072
   1.39163268  1.32561088  2.91685534  3.33601165  2.65965605  2.35158467
   2.28636837  2.06292152  1.39096618  1.9364078   1.90805829  2.66819191
   2.21895504  1.42265749  2.80377197  2.13698745  2.56617498  1.05287933
   0.71487665  1.73024964  1.52861726  1.7688024   1.07244205  1.58665168
   1.97067451  3.30635238  1.97792554  1.17632508  1.59843302  3.48047566
   2.47463679  1.55370116  1.99556112  1.85700595  1.97155046  1.83164394
   1.18484926  1.88955367  1.35901582  1.65034318  2.29393029  1.24268079
   3.25740218  0.42349783  2.01742482  1.18863726  3.84241748  1.91095328
   1.96264338  1.06758928  2.39621544  0.82675445  2.58187723  0.48494536
   2.16776705  2.80828476  2.29132223  1.30917263  2.4231298   2.37492037
   2.6219492   2.81535769  1.85227358  2.42364454  1.27865469  2.90078688
   1.8943516   1.80103469  2.23647165  1.87491238  0.95523947  3.01144981
   1.36729825  2.41372466  2.08971047  2.93265963  2.14588284  3.43756413
   1.05119658  2.22116423  1.68105829  1.73186553  1.45998561  1.26111436
   1.19395566  1.75840402  0.9076252   1.92956722  1.49393857  2.91281056
   2.12938905  1.38329113  1.44011962  2.4286356   2.67805958  2.64149237
   1.35064185  1.09834933  1.6496762   1.58094585  3.4387958   0.39609134
   0.80612999  1.86490834
