 1.73710942  2.24275351  1.29750443  1.46354806  0.99600798  2.4909656
   1.59374094  1.77130067  1.69419944  1.99120009  2.61787653  1.89276683
   0.965379    0.01251163  3.19791269  1.04694295  1.49171329  0.28775305
   0.72258025  0.40799448  1.12455106  0.83561331  1.96075404  1.66769063
   1.87609911  0.67411846  1.34107172  2.80604339  2.56004834  1.22807527
   1.37886298  1.51296306  1.67585337  0.39658991  1.64380789  2.71800423
   1.84841192  1.31089735  2.10594916  0.7040292   1.95101428  2.52766371
   1.63875759  0.38199624  0.24629797  0.29584923  0.78838909  0.87264913
   3.28591394  1.52983153  1.59939075  3.05378509  1.12396801  2.47730637
   1.14871621  1.77186131  0.83620811  1.48276484  2.14505863  1.22643292
   1.88742769  1.76497126  1.39162588  0.91543645  1.89748704  1.30423784
   1.31053841  1.36611152  0.71073902  1.58843386  2.00399303  2.00772071
   0.91207683  1.6577394   1.03831351  2.34245229  1.77292991  1.16782987
   2.76107383  1.81959045  2.02538514  0.52405798  1.21954441  1.69329131
   1.82927811  1.62245333  0.34400484  1.82738507  1.5682869   2.19032478
   1.93227744  1.43441725  2.51273441  0.90437001  2.2483089   2.47995758
   1.35614383  0.97093087  1.28943682  0.44069245  1.47305322  1.36193764
   1.02922928  1.48297584  1.71215034  2.10246849  0.94895226  2.17523289
   0.95423442  1.55161965  2.32144642  2.0306077   2.8320353   0.86028188
   1.61063397  1.66923571  1.72582138  1.35667622  1.23482907  1.92138243
   2.13894176  2.38270307  2.10778785  1.30567491  1.85737491  1.20440316
   2.15116668  1.26895797  1.70360351  0.50954592  0.40719882  2.02819037
   0.96496087  1.7928555   1.58181274  0.58224088  0.17040956  0.80266374
   1.34918725  1.41612065  1.22130644  1.79559255  1.85824561  1.26712084
   2.42080569  0.83771724  0.92679828  1.21051276  3.61480427  1.3747263
   1.01086211  1.8522948   1.59831369  1.84519339  0.98569167  0.47370356
   2.31386638  1.87306988  1.22812951  2.1684866   1.38447881  1.04840803
   0.42422745  0.79183632  2.6539135  -0.03101049  0.45875689  1.75684083
   1.45340121  1.06862426  1.17750752  0.70467043  2.0299983   0.9865815
   2.72429609  2.18165469  2.67871642  1.46469498  0.98267537  1.07148659
   1.10586619  2.5129683   1.5061307   1.95882225  1.29156327  2.61840057
   1.04652262  1.14901495  1.04110467  1.66333282  1.89882243  1.28301573
   1.49139011  0.98165721  1.27282321  1.51337934  1.6961143   2.27994752
   1.13939261  2.28674293  1.60124958  2.5664916   0.40056103  1.17907655
   3.05961418  1.96228719  1.50191033  1.03121531  2.80534267  2.55276036
   1.5669682   0.9543941   1.23460329  1.40026975  1.50928319  1.16643858
   2.50787401  0.71074528  2.71913099  2.22078061  2.74956584  2.16883898
   2.4461956   1.99190283  2.07912517  1.29100966  1.16808534  2.10082006
   2.04209876  2.47920346  0.86612952  2.33718681  2.16046023  2.09798145
   0.86295742  1.72724104  1.4921037   1.37034035  0.15736641  1.6353935
   2.31429148  1.52610803  0.49651006  1.7676996   1.44218445  1.16875184
   1.16410947  1.97816992  0.71076643  2.11937261  2.53301096  2.46839881
   2.54580212  1.58983195  2.08727908  0.72469747  2.92566967  1.0130434
   3.90565634  1.36188221  2.81817436  1.65210295  2.00321245  0.69896454
   1.34397972  0.5477559   1.86242855  1.50328863  1.04645348  2.51257706
   1.429865    2.15462399  1.75164664  0.61318094  1.39780378  1.68783545
   1.26669312  1.77602756  0.36202514  1.19296551  1.51042414  1.46347702
   2.86065435  1.17997038  1.5995779   1.43982518  2.13191342  1.11666095
   1.70280612  1.47245097  3.42662454  2.3436017   2.20524645  1.28328812
   2.41702604  2.55678678  1.76040781  1.25027466  1.46837294  1.97570229
   1.89451361  1.15281653  1.46200955  1.83802032  1.21264648  0.97255486
   0.5874843   0.68666357  2.20771384  1.6119355   3.68238997  1.0028466
   1.05637467  0.820669    1.36711645  2.70161843  1.55580509  1.12911105
   1.44869483  2.25854921  1.0854938   0.36745188  0.15372413  1.56705904
   0.93065679  1.76190507  0.58840203  0.65909517  2.13898587  1.28434181
   1.48964489  2.77528     0.64448345  2.03701782  1.2372371   1.49107921
   0.28257239  1.41339278  0.94650632  1.53024089  1.11830592  1.59501255
   1.3132751   1.25456095  0.80164844  1.57652056  1.06862164  1.61996078
   1.58193612  1.32782137  1.00030708  0.6869902   2.11934042  1.12213349
   1.18759143  1.11443019  0.51134783  1.0662837   1.48958719  4.63225555
   2.07728672  0.85681415  1.61859584  1.87926924  1.07288754  1.22930801
   1.54659259  3.08646941  2.6087141   1.20118058  2.4186089   1.34850514
   0.51457494  1.98574114  0.6962117   1.12768614  1.6106602   1.22481155
   1.28557599  1.78187716  0.92387402  1.4375416   1.33807635  4.13226938
   1.28580046  0.25854     0.43230969  0.91122389  2.79848433  1.2153815
   1.42790771  1.67070746  1.32166755  1.90650499  1.26493323  1.48393536
   0.61633915  0.97494221  0.90996152  1.67515624  1.97551847  0.76401043
   1.88482034  1.01036918  0.99598783  3.00228786  2.76519227  2.16660357
   1.61057603  1.81237209  1.89028084  1.95392478  2.12152457  1.25924337
   2.37448788  2.29189372  1.04864454  1.24608767  1.39811063  1.55864108
   2.43149543  1.34813952  1.64772344  1.77532697  1.85200942  0.58204544
   1.66385567  1.32169378  1.86815846  0.65003425  2.70265985  1.73364091
   1.68308532  2.08478284  1.34469438  1.14926851  1.87071383  1.83919013
   3.03224444  2.32142615  2.38765788  1.05031157  2.64481974  1.55170202
   1.796924    1.89133489  3.35086703  1.58757126  1.59691656  0.87514609
   3.66346407  0.18901625  1.45904028  1.24859035  1.9779135   1.59865284
   2.38575292  0.82147598  0.78236496  1.13917029  1.63902259  0.27286077
   1.57636702  1.17973888  3.02915382  2.49205041  1.53437269  1.81957102
   1.97349763  2.37043643  1.94907641  1.41234398  0.35429892  3.34054494
   1.28026187  1.25284958  2.29363966  1.08648193  0.86662447  2.4805491
   1.50354743  2.15074039  1.62386262  2.20290065  1.95475852  1.29472232
   1.13874161  1.39498425  1.28517127  1.28682566  0.62662375  0.93403012
   1.63024127  1.55599952  1.21622455  1.57480872  1.99983561  1.8096354
   1.13027644  1.94355071  1.56007123  0.85889143  1.63626611  2.02289486
   0.67219871  1.52186012  0.44910097  1.40393555  1.05075347  0.99760556
   0.94586307  1.97714782
