 2.00957775  2.39069033  0.90968466  1.58089638  1.60217786  1.48152328
   1.21034014  1.65106928  0.57560253  1.81862915  0.60601032  1.23945916
   1.64687431  1.53562844  3.09501243  0.64529848  1.58922398  0.50589561
   1.47101438  0.46451196  1.43094039  0.3614319   1.21880758  2.17400885
   2.08795667  1.22284591  1.36909056  1.17925262  2.73666     1.15602243
   1.80233502  2.91273046  1.11090159  0.34885183  1.25829196  1.28435397
   1.95019805  1.59588659  0.95934802  1.44042277  2.42068505  1.8100661
   1.58449805  0.26903024  0.66165566  1.12237322  1.18052375  0.5104239
   1.9010067   1.61023438  2.67050934  2.00553775  0.36157465  1.58434403
   0.86509556  1.39507389  0.51076996  1.99379289  2.01160264  1.17522526
   1.47080183  1.66504514  1.16234946  1.00920916  1.82990777  0.51573491
   0.36814618  0.86174536  0.54792196  2.19352698  1.58425486  1.83356857
   0.96052492  1.49255979  1.33075774  1.87883317  1.31459022  1.69601524
   2.53749919  2.3341558   2.24753308  0.97067243  1.1683706   1.82971287
   2.13776565  1.89932585  0.3115769   2.51307607  1.07798815  1.09097624
   2.29110003  3.19131136  1.98417902  0.3316099   2.42576289  1.57221472
   1.0160495   0.79963428  1.16285789  0.88316929  1.77545726  1.29671586
   0.66311514  1.37334394  2.2515192   1.49623334  0.78293943  1.23940456
   1.54851151  1.34767771  2.43805575  1.60177279  2.28602362  0.97577941
   1.90096903  1.60201049  2.30114055  1.2770623   1.94957757  3.79281902
   2.89009333  1.79905879  2.37189484  1.79214001  1.46684825  1.77911079
   2.99331617  2.59428859  0.97455049  0.52134502  0.35874122  1.75671208
   1.08303189  1.98234069  1.90648508  0.6851607   0.31729355  1.53661311
   1.86249542  2.04646778  1.888237    1.90359318  1.69006097  1.88629675
   2.95980525  0.86896968  0.55098784  0.64363694  1.28084433  1.45191634
   1.42353988  1.82588232  1.44636357  1.8680532   1.66736424  0.72177315
   1.26095307  1.66352415  0.92515481  2.63797045  1.91785264  1.44547307
   1.21620262  1.27112484  1.41824615  0.18738818  0.55730784  2.41544652
   1.1741488   0.90042365  0.60445189  0.41535276  3.17511034  1.98910451
   1.57996595  1.20810103  3.35054612  1.8324548   1.09259844  1.24026322
   1.02566254  1.87566721  1.7115345   2.04141617  1.33619869  1.83459723
   1.19860971  2.26383018  1.2771318   1.3317486   2.05695343  1.73928702
   1.58200741  0.79634887  1.14312935  1.10467887  2.29732108  1.98394489
   1.03777599  2.88886309  1.59970891  2.45537591  0.47167927  1.14614022
   1.88135684  1.86609542  1.9773587   0.4544338   2.66050982  3.26861572
   1.39633644  1.12283313  1.49098408  1.89993477  1.98085606  1.40009093
   2.39562726  0.79068959  1.88547456  2.07073474  2.74659038  2.27015257
   2.37611341  0.7212742   1.69333827  1.09007645  0.24989329  2.48708105
   2.00233293  1.61965656  0.10667298  2.88347936  2.05044174  1.064996
   0.53393602  1.8086952   2.32831216  1.19311726  0.02191591  1.89391303
   2.17042065  1.15470576  0.28566241  1.98044896  1.40734243  1.61941886
   1.80943906  1.18586016  0.81129628  2.87107658  2.53902626  2.35934281
   1.68561828  1.86773813  1.8137846   1.01572096  2.60306668  2.36706066
   2.99518394  2.8313663   2.23115373  1.51231682  2.02576494  0.29376265
   1.41213596  0.65484262  2.97783136  1.02054191  1.11787915  1.46331084
   1.30467427  1.60152829  1.49926913  0.73000169  0.68787003  1.07627273
   1.92328286  2.29709387  0.45952126  1.58011878  1.91990113  1.22707057
   1.6387651   1.99742937  1.25737822  1.18969619  1.82791221  0.4328092
   2.20834613  0.73298281  1.79033756  1.89438212  0.94062853  0.68592155
   3.21353269  1.73498046  2.08263659  1.44966042  1.52630198  1.51546526
   2.18725348  1.19714642  1.62438929  2.67987657  1.49344409  1.51994812
   1.01223397  0.18684566  2.12312675  1.3695184   3.49642944  1.50239027
   1.51367056  1.06600869  2.53826094  2.46083689  2.19075155  1.1697402
   2.3262713   1.85768902  0.81651491  0.48685598  0.68789446  1.70335066
   1.50321007  0.97156829  1.07989728  0.44926035  1.96334672  2.75335479
   1.26579762  1.37033617  0.57966304  2.04887867  1.52598786  1.67805898
   1.02325022  0.97927874  0.75231719  1.29090953  1.23516595  1.22216499
   2.0325284   1.59347093  0.54495877  1.40283191  1.11585939  1.45074368
   1.49285066  1.62196422  1.30711961  0.79257536  4.03228283  1.22345316
   1.03858423  1.70610845  1.37771571  1.16941714  1.55964661  3.38297343
   2.39811802  1.02255082  1.0817318   1.2538358   1.60206556  1.35359645
   2.13140869  1.88409507  3.25425053  2.64678264  1.86772323  1.98798585
   0.36024344  2.09512186  0.54197395  1.46058607  2.11635852  1.72783077
   1.33899105  1.45857203  1.98744488  1.05288541  1.84734964  2.72981429
   0.94066536  0.70777267  0.67100048  0.93596208  3.15984297  1.65721357
   1.1381005   0.899535    1.3179574   0.96811163  2.88428092  1.83492339
   2.07499051  1.70438254  0.42575422  1.9316783   1.26536894  2.71268272
   2.03989172  0.82435566  1.42196572  2.47188544  2.23603773  1.95155299
   2.40375519  0.65671515  2.22717953  1.32298887  2.83280659  1.69330251
   2.5101881   2.63885164  1.95627236  1.45626521  1.31477189  1.54471219
   2.61290169  0.8999716   1.69846344  1.2415005   1.8876152   0.0939122
   0.86543763  1.6746701   1.74690056  0.61242163  2.35232019  1.84406126
   1.59837604  1.54131424  1.09133124  1.44867909  2.88113451  2.42748857
   3.14538503  2.68360806  1.95047247  1.22362816  1.54478908  1.60024476
   0.90486103  1.25422394  1.8378396   0.75323224  1.70672321  1.01181459
   2.50961208  0.30873641  1.79710734  1.9205687   1.10124767  2.48662472
   2.2785902   0.47990096  2.76877141  1.67395735  2.81712461  1.25568891
   2.1288929   1.47706461  2.61291409  1.35046613  1.75257456  2.9285605
   1.04911637  2.12671781  0.47897586  1.30870581  0.18198843  3.39251041
   1.14643061  1.41952777  2.63923502  1.81810594  0.68803453  0.98893785
   1.7484256   1.67917323  2.03733659  1.95240867  2.37855077  3.25100613
   1.26331484  3.0164659   1.35615158  1.27760196  0.96858317  0.8775903
   1.77637172  1.05166185  1.33096611  1.80042481  2.08865047  1.32764304
   2.8306663   1.8062793   1.1146903   1.85711193  1.14694083  1.23200917
   0.8431623   1.09403038  1.17320645  1.53970921  1.116822    0.87231761
   0.62412214  2.19336414
