 1.27758455  1.93397558  1.5258584   2.88110828  1.97330678  1.5107547
   0.36826649  2.18616724  1.5215559   1.63743615  1.28103828  1.35918534
   2.05020499  0.61708713  4.72483349  1.44101155  1.76360476  0.35009947
   1.56724858  0.48832479  1.18729413  0.87888974  1.28549421  2.26569772
   0.94915777  0.85999775  1.95040143  1.02365279  1.33324838  1.76950777
   2.08519769  1.67969286  1.72765744  1.10893095  1.77105641  1.30584085
   1.74769402  1.84584749  1.16350913  0.87523693  0.93368763  1.9565897
   0.54942036  0.76280898  0.64176255  1.36339152  1.10984337  0.79394299
   1.29754102  1.67352414  1.78299654  2.8903296   0.52078611  2.03904486
   0.58365613  2.58282661  0.89549494  1.80589211  2.21196365  1.67187285
   2.78918886  1.68399382  4.2834568   0.73174685  1.58915555  0.43603402
   0.53980571  1.54513371  0.92908192  1.75290966  1.20088422  1.49936259
   0.81696939  0.74702549  1.15737283  2.42693305  1.18082786  1.30002594
   4.17396975  1.20269895  1.12362027  1.00249445  1.69497263  2.04444408
   2.82540059  2.27546263  0.26012743  3.45071626  1.01381516  1.9482069
   1.32791936  2.83862758  0.88269573  0.39200315  2.47722125  1.29821169
   1.07859588  0.9030968   2.87092566  1.39718318  2.27109313  1.20016146
   1.33250093  1.33310258  0.9676789   2.32832813  1.18838573  1.47937953
   2.11925507  0.83742851  1.40166771  1.06190968  1.64946568  1.60899007
   1.58196354  0.73528057  2.24989724  1.16390777  1.64401662  5.03034067
   2.68321013  0.8087377   1.87514889  1.69007838  1.7074343   1.93757474
   3.2486794   2.7051146   1.90956247  0.63702923  0.69350559  1.94450915
   1.01490045  1.53357446  2.1521194   0.82869613  0.51723772  0.87183994
   2.04005671  1.97654366  1.85475194  0.77669507  1.92846227  2.10790634
   1.65012717  1.41925693  1.21850598  1.27982402  1.54631019  0.92424947
   1.95854545  1.19356382  1.61911273  2.39275837  1.17948627  0.88852441
   1.52864504  1.16111159  1.26306093  1.54396212  1.69100225  2.24061203
   0.12827538  1.32494974  1.8123616   0.49907225  1.10846889  1.65760183
   1.2341038   1.37283623  0.78914946  0.38624814  1.7209717   1.63228178
   1.87346554  2.37200689  1.06800473  2.46060896  2.02902055  1.3765198
   0.89735967  1.05634606  1.69333255  1.70199168  1.05946636  2.29165459
   1.19394016  1.40948009  0.86693108  1.04209077  3.5277679   1.47338879
   1.33924675  0.62215883  1.1102047   1.33191574  3.74534273  2.23052311
   2.05190372  3.14915562  1.97826171  4.74240589  0.83482111  1.01692796
   0.76163715  2.1639576   1.18117154  0.66821539  2.30593848  5.57846832
   0.97979027  3.04453182  1.108953    1.37080538  0.29599836  1.4150399
   1.98287082  1.1165731   1.73691475  1.97517776  2.23661685  1.87269461
   1.4164263   0.50240403  1.08963251  2.33433723  0.80667096  3.1820569
   2.12199545  1.92048573  1.46580887  5.09746647  1.67614233  1.20134914
   1.4122144   2.46729898  2.1792891   1.55243731  0.71051574  1.67905891
   0.95400041  2.35078382  0.84793109  1.6948359   2.16166019  1.67700911
   1.64977872  1.20591843  0.57857925  0.81438595  0.84902203  0.99766147
   1.4842571   1.69621027  0.3299869   2.12027097  2.39034724  3.29968762
   2.66423321  2.57649946  3.71422553  1.81243837  1.82220435  0.66191715
   0.88548189  0.77914596  1.76445556  1.21358466  1.01411724  2.19710684
   2.17592287  0.95259148  1.57079792  1.20895171  0.50063914  1.18403411
   1.59689879  1.60236275  0.92670488  1.04781258  1.07625473  2.5062232
   1.43273675  1.07106888  1.84257054  1.44453394  1.68144822  0.96899599
   1.95614326  0.94910938  0.48942405  1.60307789  0.5813638   2.13755655
   3.0433042   1.6854738   1.51131356  1.4864924   1.56794739  1.51157773
   4.13477182  1.10483646  1.31044495  1.57170379  1.17562258  1.65807533
   0.96233702  0.34209031  1.66722822  1.7549082   2.22342014  0.8732506
   0.4544048   1.04522359  1.56267309  1.8227247   2.51422668  1.88511407
   0.64696074  1.69743311  0.63052744  0.9710955   0.49750194  1.33533001
   0.69885844  1.62680268  0.28713313  0.46826473  1.09364569  1.67336059
   2.28799868  1.17531896  1.00798714  2.41620517  1.23733354  1.15652394
   1.08012128  1.323861    0.72558403  1.17327118  0.86924088  1.29925311
   1.98110473  2.13023496  1.78703642  1.37428606  1.99476206  2.14262843
   2.69800973  1.34454656  1.88412416  1.07101977  2.7390399   0.85343271
   2.28575349  2.20771885  0.19582142  1.13877892  1.26002705  2.29626155
   1.99437618  1.71101892  1.11361992  0.78465587  0.8975842   1.10271811
   4.40622187  1.51046252  1.36210585  1.33364391  1.89234483  2.3192687
   0.79246312  1.71224439  0.9432134   1.83239985  3.61901832  1.7405169
   1.69676793  2.36745954  1.83317256  0.96938407  1.71856999  1.79738808
   1.0203495   0.88213634  0.82431805  1.10595584  2.84922147  0.80315346
   1.20485413  1.32002747  1.50549698  2.10662532  2.5608108   1.59118032
   1.6542995   1.75518119  0.20622115  1.8384949   0.79685813  3.00745416
   1.3428762   1.12823248  2.93096209  2.02016592  1.85854077  2.17180586
   1.98498321  0.80417192  2.08034062  1.94582629  3.65839839  1.28518152
   2.34141207  0.95270675  1.66270053  2.23612785  2.05274105  3.03016186
   1.49747479  1.58054674  1.53911102  1.40246344  0.77000713  0.50390935
   1.21781266  3.26243877  1.51503372  1.28631508  2.75692725  2.92161894
   2.93399858  1.50520873  1.29343367  1.28191149  1.24906611  1.32398343
   5.02680588  1.91613114  2.49532771  2.3446517   1.04419529  1.93373752
   1.1779474   1.196715    1.86144674  2.03013778  1.22313261  0.99543816
   1.51421821  1.57422686  2.18241191  1.35399413  1.26275468  2.2890048
   3.39068365  0.68597221  2.32439256  2.32823396  2.47452927  1.36873007
   1.54784095  1.67756796  2.19497228  1.15210843  0.38240537  1.62686253
   1.31950855  2.39157939  0.67152351  1.49660289  1.0347265   2.69265699
   0.03768038  1.60173941  2.4557848   1.19343615  1.30512881  1.63508451
   0.89217043  1.3570323   2.46044993  0.57991648  2.25999761  2.08426285
   1.45966566  0.76153493  1.50494158  0.57159084  2.3698678   0.89778858
   0.94019139  0.49052948  0.53799891  0.90040392  1.83967853  0.82767349
   1.67610979  1.56407785  1.9487437   1.73787582  1.73564434  2.18093109
   1.38246667  2.65581727  1.31601524  1.63147998  0.97052878  0.28915498
   0.98061281  1.01781499
