 1.22560585  0.98653805  2.26187396  1.37616944  1.48032153  1.23791528
   0.34094611  2.25625634  0.48816925  1.32334602  1.96395612  1.44193578
   1.07252789  0.72091866  4.93544579  0.45453048  1.6303525   0.24644643
   1.42275226  0.74793392  0.90938461  0.75059432  1.39174545  1.45829892
   2.57547116  1.39115334  2.29107976  1.23468637  0.77483898  0.63218349
   1.07853365  1.60128152  1.45857251  1.1219213   1.23912346  1.47397041
   2.31425643  2.74214888  0.93683839  0.92287731  1.26788366  1.15399611
   1.47787893  1.07597196  0.77609932  1.26987314  0.53657174  0.90864629
   0.94982052  1.81972373  1.68615222  2.90984488  0.354184    1.36452997
   1.23572922  1.69610965  0.7402162   1.49841595  2.26967096  1.55141675
   1.60969758  2.92441154  3.24069667  0.74177831  1.68735087  0.83349091
   0.67032266  1.368397    2.4365015   1.69852316  1.1702764   1.50607324
   1.14679646  1.07522345  1.78048265  1.63746345  1.06748939  1.84809244
   3.52715445  0.36253092  1.43714714  1.19481325  1.32591546  1.88030517
   0.98028708  1.6057713   0.7341302   3.00288415  1.34449065  1.58366454
   1.60677171  1.91727173  0.84743571  0.66072935  3.0543828   1.11960125
   0.78267056  0.57561225  1.38056374  1.38909745  1.48036385  1.31871545
   1.01968265  0.80261195  0.63889199  2.25676131  1.12159419  1.52502
   1.29111171  0.70147747  1.40369344  1.46594143  2.20108461  1.44155276
   1.02926481  0.68519247  1.10513425  2.4530952   1.4157027   2.87866521
   1.92051518  1.28581095  1.58546114  1.79535711  1.47180879  1.56895709
   2.0039556   1.64409578  0.93092453  0.61292428  0.93580937  1.53304398
   0.98913097  1.33719289  1.66069853  1.64005959  0.67358047  0.66477561
   0.9268117   1.99102569  1.39190626  2.12600255  1.41277111  1.44230199
   1.86629093  1.26542866  0.27572423  1.27223039  2.18964243  0.31234232
   1.91801178  0.94616812  1.73013699  1.50356412  0.88415718  1.99782789
   2.0047369   1.19482219  1.37943196  1.3545022   1.02684832  1.45195866
   0.72753608  1.84440494  1.58203399  1.16658664  0.88367409  1.35258496
   0.40101552  0.98293376  0.66184574  0.71955127  0.88461494  1.63868344
   1.78410494  1.99049199  1.8322686   1.17682719  1.30421066  0.98913407
   0.50453931  1.10773885  1.11001217  1.56121695  0.94435316  1.87493455
   2.27125049  1.14669549  0.87659544  1.09569979  2.14359879  1.72059405
   0.68931001  1.26190829  1.47740507  1.31927669  3.22499752  2.53013754
   1.33597827  2.56959057  1.83490872  4.95243883  0.89393055  1.05371225
   1.37128425  1.95301211  2.08312106  1.36505949  1.34986484  4.99704552
   1.4424156   2.06474566  1.77946925  1.96960294  0.65083528  1.82828593
   1.28825879  0.76624519  1.39384389  1.67689836  1.67274356  1.90223503
   1.55116487  0.82099521  1.20230031  2.09201789  0.82822353  2.08544779
   1.5381397   1.12672389  1.86509395  4.37650442  1.84294236  1.22980094
   0.4647167   3.4267354   1.58145499  0.87144041  0.98364007  1.02846074
   1.5512985   3.28752089  0.79681641  0.43122625  1.09515309  1.54594743
   1.17586362  0.98355931  0.58150405  1.48447287  0.94237697  1.46817482
   1.68120337  1.6226846   0.25353688  1.75606585  1.4802084   2.25173879
   2.8580544   0.69047117  3.85896039  1.22991776  1.75282753  0.78822368
   2.13046098  0.79010129  1.18701494  1.6044203   0.62195116  1.6143626
   2.89234757  1.92946899  2.07877254  0.94609565  1.24534214  1.08857131
   0.61317199  1.17799413  0.98156154  1.13645041  1.46531498  1.12799227
   1.7416991   1.18142533  2.32365775  1.40333474  2.05723023  0.74137688
   1.12989748  0.6240164   0.82419199  1.04269671  1.50081909  1.70228362
   3.20244884  1.06121004  1.47114563  1.89550745  0.54160905  1.28445101
   1.03765953  1.19641125  1.1985575   1.43597221  1.73870707  1.25346065
   0.8631382   0.97970837  1.06256235  1.6507771   1.51629984  1.32819355
   0.9763037   1.08567119  1.59595072  1.72175276  2.60512185  0.87907243
   1.24165618  0.7346158   0.6778419   0.90879428  0.91063517  1.4070245
   0.96552098  1.69576299  0.96746761  0.65675431  0.81247902  1.49754012
   0.78551859  0.96886063  1.16690898  2.77746987  1.08843541  1.17999899
   0.85959655  0.58524966  1.02120566  1.72565508  0.67909414  1.01069784
   0.69407761  1.91604877  1.84094977  1.30423415  0.43784055  0.92884791
   1.33711505  1.63323617  1.13428378  1.10871136  1.92812455  1.20151341
   1.85345912  1.2716912   1.21665406  0.74840891  1.79567277  2.73359704
   1.0710578   1.6872201   1.46334541  1.11516142  0.75478065  1.29450417
   2.32664967  1.39268374  1.21575069  0.86076313  1.93263316  2.6112535
   0.64877313  2.5399456   0.69265544  1.70540035  2.08986211  1.5357275
   2.18329144  3.08197546  1.09602213  1.03397465  1.61676562  2.0231688
   1.04032969  1.10023046  0.85188705  0.91599292  1.8229388   1.22597551
   0.62642682  1.51366746  1.64305162  1.42468417  1.87364912  2.0036304
   0.5598107   0.85674191  0.6442005   1.74725115  0.59407067  2.46213937
   1.06359589  1.48468077  2.43909788  2.01266217  1.637079    1.85669243
   2.09304595  1.60546649  1.01410449  0.92305845  2.10144997  1.46967041
   1.33459044  1.0564543   1.73338783  1.42014205  1.4950937   2.67169142
   1.23064733  0.35888767  1.8229959   1.67182803  1.24766934  0.4324936
   1.61233735  1.1540041   1.51983988  0.63280356  2.31176615  1.998595
   2.07004905  1.93294621  1.30549562  0.91705257  1.39227939  1.50179577
   4.71160793  2.33311057  2.15410495  0.65647763  1.15690434  3.04626918
   1.76232719  0.86955315  1.5033803   1.45497644  2.0153234   0.48972553
   1.07262433  2.340307    1.53661048  1.13909829  2.04801488  2.25714946
   1.21389008  1.10376704  1.05018711  1.19002831  1.18735838  1.08732247
   1.42943394  1.47508478  1.80086076  0.78001219  0.6709553   1.46385491
   0.38462824  2.87570882  0.56022078  1.61164403  1.19698882  1.91605866
   0.90928298  1.46230876  1.17938852  1.83905554  0.83005643  1.84295428
   1.44183707  2.41424441  1.29652107  0.6742059   0.90264928  1.54172182
   0.56992549  1.45294249  1.08240187  0.15879844  2.05205512  0.65954733
   0.81568551  1.02414978  0.99749625  1.000983    2.05865932  1.30984521
   1.60187745  2.47720981  1.84671891  0.70767182  1.98380232  2.39591885
   0.95616543  2.16482973  1.83096337  1.25065696  1.38529098  1.24368119
   1.02534437  0.78870952
