 1.07650721  2.16221833  3.20999074  1.92912745  1.62822473  1.94611955
   1.094136    1.18248045  0.67629701  1.74067175  1.52635694  2.22496653
   1.0184114   1.19930637  4.57194376  0.95808214  1.17028856  0.49143362
   0.76778382  0.6749559   1.65996683  0.678572    1.32650959  1.47401857
   1.33602953  1.03496015  3.3654871   1.1781013   0.51820534  0.91627711
   1.27209437  1.69382572  1.88909376  1.14465976  0.75857949  1.39640164
   2.65602112  1.46227741  0.60492975  0.98929274  1.72749782  2.58065987
   2.20614839  1.26228094  0.72100711  1.12275875  1.00046158  1.06129193
   1.43801713  2.31016922  1.9680208   3.38818932  0.50816512  1.08941376
   1.9352572   1.88644636  0.91116959  0.987988    1.80950606  1.46034658
   0.58281308  2.13006186  2.51702499  0.14656803  1.98020685  0.78186554
   1.58415151  1.20044863  1.88416708  1.62976825  0.97514737  1.85108495
   1.03620052  0.87600511  1.29223263  0.78621948  1.05389619  1.41758752
   4.67664814  0.91675466  1.51500177  0.21825954  1.21301341  1.91439724
   1.27278054  0.51369601  0.47234121  3.27703309  1.03620052  1.31388056
   2.41798019  2.25365829  0.99379188  1.14986086  2.66519022  1.06737065
   0.68700409  0.89297163  0.72252369  0.9421981   1.98361778  1.45674217
   1.29332793  1.53196537  1.5164727   1.33395588  0.92557675  1.65371251
   1.61742818  1.57225287  1.60185945  2.97081733  1.54300964  0.92405134
   1.44010699  0.80727899  1.15653741  1.83804131  1.97632468  2.0907433
   1.99200165  2.00106311  1.81285942  1.71196306  2.78415036  2.71611547
   1.62625813  1.0700444   1.23651457  0.30649745  1.06111133  1.29959905
   1.17208183  1.18674648  1.09727454  1.70824504  1.28795266  0.85492349
   1.51842153  2.1941092   2.14212489  1.22065043  1.25705576  1.55704975
   1.80240333  1.16169381  0.55146885  1.34932673  2.07066631  1.27284372
   1.19089007  1.02966738  0.81249601  1.76132321  0.76756638  1.25572395
   1.38424766  1.52202225  1.70550442  1.57884812  1.59519458  1.26340878
   1.27668667  1.91063869  1.69884396  0.54970706  0.85841817  1.43965304
   1.27893627  1.05959344  1.15364838  0.73421299  1.69869578  1.36102045
   0.9699347   1.74990582  1.84111333  1.78055155  0.90073121  1.40373611
   0.9009859   1.49638975  1.14717615  1.41854501  1.63979578  2.48605728
   1.02074921  1.27454793  1.10131824  0.94730389  2.17745566  2.02993894
   1.51755559  1.01179242  2.50753689  1.42345691  3.56004047  1.54888129
   1.465904    2.43967772  1.85764682  5.14981318  0.46655288  1.27817404
   2.90386224  3.09262681  2.00514603  0.54153109  1.45663166  7.43072414
   1.32720971  1.26602364  1.25960147  1.91080868  1.26587522  1.03003776
   1.415838    0.85030395  3.15105891  1.71835065  2.18956685  1.66777205
   2.11119151  0.69941324  0.94437587  1.26014805  0.49323225  1.71573448
   1.21055353  1.53318727  1.63143301  4.00347233  2.79712486  0.64414108
   1.18285882  2.52272654  1.36166298  0.34730914  1.23264039  1.6875968
   2.32322145  3.07008767  0.82011664  1.12477934  2.89339495  1.138134
   1.49370253  1.61088264  1.49245238  4.60821152  1.27132368  1.13936305
   1.69444132  3.34741235  1.22271848  1.47874665  1.55203557  1.77508569
   2.62394643  0.89908636  5.44650173  1.23693478  1.121768    1.48961949
   2.58580279  2.49916148  2.97785211  3.02981162  1.33174086  0.82671094
   1.00339651  1.97595334  1.78559148  0.54268533  1.25835383  1.04051256
   0.05300479  1.15759659  0.81591976  1.51426315  1.15756643  2.00596666
   1.2210772   1.21502388  1.32532668  1.30657732  1.15539563  0.23586053
   1.81355214  0.81202787  2.11894989  0.95593739  0.97162431  2.33950019
   4.21945763  0.90222698  1.51013792  0.54230136  1.72521079  1.13695431
   1.62323165  1.30756974  1.0246557   2.24810696  2.56189489  1.32252419
   0.63233393  1.02771378  1.76603568  1.02386951  1.42421579  0.94974554
   1.40974307  1.0257771   1.78091168  3.12644315  1.31257546  0.79906261
   1.19432938  2.45432138  0.9644652   0.45097277  1.09389579  1.19913661
   1.70797932  1.65574491  0.86091268  0.376351    1.94011891  2.02978444
   0.27714333  1.76262021  0.39363784  2.60435748  1.42209876  0.60163265
   1.74011159  0.6268757   0.48400924  1.77125585  0.94183016  0.67107111
   0.81577396  1.04080486  1.06273949  1.46999133  1.22967708  0.77699977
   1.11323369  1.62969756  0.76792556  0.52835423  1.79550469  1.22405851
   2.92676067  0.86193359  0.70061195  1.81570792  1.06674361  2.32539439
   1.25502288  1.04507875  1.16616821  0.87620991  1.15576053  1.04653537
   1.53409314  3.22333312  1.91637945  0.86584246  1.13116252  1.60665512
   0.73867899  2.54792237  0.63480538  1.88076746  2.48635697  0.72713417
   2.16789818  1.82036412  1.16990018  1.1056664   1.70014393  2.68965459
   1.36490285  1.37631345  1.35347128  0.90201187  2.14613247  1.71962631
   1.69407058  1.38023531  1.3307445   1.70820403  1.35637271  1.6699363
   1.76211739  0.5430305   0.29709411  1.84129012  0.92205232  3.80893755
   1.20817447  1.59240246  1.83408487  2.40464044  1.87595284  0.63829446
   0.90650892  0.35096541  1.83035529  1.25165606  1.84658647  2.23092985
   1.45014679  2.2382431   1.31505632  2.22943854  0.88572693  1.71364665
   1.84311962  1.40417302  1.38769531  1.81788528  1.67312872  0.66492295
   1.61380112  1.77557576  1.13741744  1.72583532  2.60983849  1.93803716
   1.91953325  1.79344523  1.09588897  1.3044405   2.41652751  2.3935945
   6.63702726  1.30061662  1.90497446  2.52138376  1.44373119  2.31697607
   1.48829889  0.6924724   1.06164777  1.0766629   1.02593017  1.02495456
   1.19346762  0.7204172   0.46783262  1.68646216  1.65284419  1.87160158
   1.72259235  1.10246325  1.29675961  0.64039296  0.82028252  0.11962977
   1.66518188  1.55674767  3.68374395  0.71692449  0.40519604  0.92112535
   0.75323927  4.3699317   1.62251174  1.44120479  0.72653586  3.47764421
   0.8693651   1.12579715  3.05996799  1.53955746  1.27001905  1.57983816
   1.87818325  2.68600631  0.93748444  1.68046987  1.18801737  1.59770501
   1.90821481  1.5715543   0.80530238  0.72986919  1.69188201  0.12536745
   1.72781575  0.82923251  1.1015445   2.08593249  2.01684713  1.46805751
   1.86789024  2.434273    1.16088045  0.7788763   1.07160568  3.45852637
   1.33641434  2.98785973  1.16795647  1.20278537  0.71856081  1.06848657
   1.79767251  2.17496848
