  8.94861400e-01   2.05049276e+00   3.05989003e+00   2.43606782e+00
    1.63082719e+00   1.79204297e+00   1.76165247e+00   1.88875830e+00
    5.63076794e-01   3.05352950e+00   1.20796275e+00   2.65247989e+00
    1.74322808e+00   9.67730403e-01   5.44117117e+00   2.43311524e+00
    1.48604131e+00   6.45163119e-01   6.71857476e-01   5.31165302e-01
    1.82180214e+00  -1.41935414e-02   1.85875213e+00   2.46407008e+00
    1.08523476e+00   7.01900482e-01   1.92386031e+00   8.01574647e-01
    2.73032641e+00   1.08389556e+00   1.18166327e+00   1.62627792e+00
    1.61495948e+00   1.00943339e+00   8.64694655e-01   1.15082490e+00
    2.24698997e+00   1.83307290e+00   1.03183377e+00   7.39420593e-01
    1.98508048e+00   1.94714069e+00   1.83874416e+00   1.44207883e+00
    3.28635186e-01   2.64937210e+00   7.63579607e-01   6.74664319e-01
    1.16713166e+00   1.15417814e+00   2.03285551e+00   3.54258537e+00
    1.05119443e+00   1.40744829e+00   1.28485513e+00   1.77760756e+00
    1.27611256e+00   4.36057240e-01   2.24143887e+00   2.23861790e+00
    1.85671425e+00   2.85560966e+00   2.10167408e+00   5.40632606e-01
    1.77722716e+00   4.39425021e-01   1.41854858e+00   1.68503773e+00
    1.60166359e+00   2.34623003e+00   7.84379601e-01   1.38097131e+00
    9.24602807e-01   1.27614546e+00   1.06471586e+00   8.45228851e-01
    1.31127596e+00   1.77097166e+00   4.02713346e+00   1.44102657e+00
    1.96749163e+00   2.67301410e-01   1.11445546e+00   2.03945303e+00
    1.39574325e+00   8.59997809e-01   5.60661137e-01   3.05632234e+00
    1.27987647e+00   6.40260756e-01   2.03073788e+00   3.07021189e+00
    1.24612081e+00   7.79513240e-01   2.93561769e+00   9.81582165e-01
    5.05257249e-01   9.08795416e-01   1.43295944e+00   9.08454299e-01
    1.57182539e+00   1.40120506e+00   1.65933430e+00   1.60004818e+00
    1.26724648e+00   1.91182470e+00   1.60581720e+00   1.18551660e+00
    1.70704472e+00   1.28312922e+00   1.37700224e+00   2.82860279e+00
    1.35027742e+00   9.48081970e-01   1.73577380e+00   9.21058834e-01
    8.36610258e-01   1.04805207e+00   2.29122448e+00   2.00015736e+00
    1.66440928e+00   1.41138279e+00   1.78343523e+00   1.32317150e+00
    1.71818125e+00   1.81181109e+00   2.39576387e+00   1.61853445e+00
    2.41491079e+00   5.91562569e-01   9.04179692e-01   7.73107469e-01
    1.18248057e+00   1.39057338e+00   1.58275521e+00   1.38832796e+00
    7.74983644e-01   1.44059873e+00   1.16063619e+00   3.62276101e+00
    9.69300210e-01   1.27694964e+00   2.35272026e+00   2.09515834e+00
    1.64160430e+00   1.99828148e+00   6.31715059e-01   1.77036476e+00
    1.57661963e+00   1.99315298e+00   1.17159605e+00   1.13169956e+00
    9.47197914e-01   2.14640594e+00   1.61433244e+00   2.98879236e-01
    1.50062644e+00   1.78300881e+00   1.03427744e+00   1.39344907e+00
    1.66944838e+00   1.70442140e+00   4.44231421e-01   3.08168268e+00
    1.82471836e+00   1.15237308e+00   1.65812898e+00   1.46422899e+00
    2.13459802e+00   1.01006138e+00   1.07488966e+00   2.22325057e-01
    1.40125656e+00   1.47359383e+00   1.43481517e+00   2.14192820e+00
    1.25294220e+00   1.72750497e+00   9.03420329e-01   1.51830530e+00
    6.62326574e-01   1.50410450e+00   1.64613593e+00   1.41568840e+00
    1.37155855e+00   3.54541922e+00   1.20836544e+00   1.22821355e+00
    9.01503742e-01   1.13159204e+00   2.02913189e+00   1.53468359e+00
    1.09334946e+00   8.50784481e-01   2.39014506e+00   1.89238465e+00
    4.14675093e+00   1.92950916e+00   1.13841724e+00   2.33511996e+00
    1.85334873e+00   5.04008961e+00   8.42490733e-01   1.19117439e+00
    2.27473950e+00   3.20751047e+00   1.95579982e+00   3.90382528e-01
    1.93737447e+00   7.75033903e+00   1.66347671e+00   1.28122211e+00
    1.82415283e+00   1.56629753e+00   6.34879470e-01   9.57527280e-01
    1.22617912e+00   6.45032406e-01   2.85770488e+00   1.30206645e+00
    2.37700510e+00   1.48727274e+00   1.81729090e+00   9.18071151e-01
    1.44701302e+00   1.35643959e+00   5.99580526e-01   1.78489280e+00
    1.02901411e+00   2.46963668e+00   1.17717433e+00   4.47525549e+00
    2.89074302e+00   6.78833246e-01   1.10148501e+00   1.95485950e+00
    1.53183258e+00   7.39316463e-01   1.17253244e+00   2.11397266e+00
    1.80249870e+00   2.98868895e+00   5.09248316e-01   1.91395783e+00
    2.50988579e+00   8.09408665e-01   1.03653121e+00   1.43821955e+00
    1.91887939e+00   4.27383709e+00   1.38441932e+00   6.55342638e-01
    1.80556238e+00   3.71350598e+00   1.54984498e+00   1.29866636e+00
    1.09715509e+00   1.80792058e+00   2.81652045e+00   1.23082209e+00
    5.47728062e+00   1.17550564e+00   1.27623022e+00   1.24296081e+00
    1.81611097e+00   1.68566668e+00   2.88587761e+00   2.57952523e+00
    1.11708510e+00   1.47228324e+00   1.73843920e+00   1.15567708e+00
    2.39758325e+00   1.20410287e+00   1.62380242e+00   1.04784977e+00
    5.35163403e-01   1.52901113e+00   6.60195708e-01   1.40491176e+00
    1.73400009e+00   1.85721087e+00   8.06859791e-01   9.86458540e-01
    1.47391474e+00   1.65547061e+00   1.14500403e+00   1.11892380e-01
    1.93685853e+00   6.82260752e-01   6.15965366e-01   1.47943723e+00
    7.70315707e-01   2.58456326e+00   3.07934761e+00   5.61581075e-01
    1.28897762e+00   5.34978092e-01   1.15286219e+00   7.63647616e-01
    1.77390230e+00   1.20466352e+00   1.27568948e+00   1.99028504e+00
    1.48122001e+00   1.94596863e+00   7.30254650e-01   9.50200498e-01
    1.66808188e+00   2.20799613e+00   3.89641595e+00   8.40342700e-01
    1.71087980e+00   1.25127220e+00   1.75764334e+00   1.94765651e+00
    2.19594598e+00   1.22924387e+00   6.72057688e-01   1.87685740e+00
    1.37270606e+00   4.63161886e-01   7.83471823e-01   1.84687781e+00
    1.90244627e+00   2.24760413e+00   3.03816736e-01   5.28804183e-01
    1.51498163e+00   2.06013560e+00   8.26776922e-01   8.56363773e-01
   -1.10491281e-02   2.24820185e+00   1.00174403e+00   1.09468269e+00
    3.98393798e+00   7.54833460e-01   1.05564284e+00   1.55148196e+00
    7.69216180e-01   1.17070174e+00   8.21434021e-01   9.19784486e-01
    1.08711994e+00   8.31140041e-01   1.01336789e+00   6.76573515e-01
    1.27717412e+00   1.91465580e+00   1.83811736e+00   7.75019407e-01
    2.16495204e+00   2.01353645e+00   2.51735067e+00   1.36654758e+00
    2.06759602e-01   1.08931267e+00   1.51541674e+00   3.13890386e+00
    1.36301339e+00   9.24849570e-01   2.06444573e+00   8.29029500e-01
    1.18483806e+00   8.78556132e-01   2.34227085e+00   2.58314562e+00
    2.05680346e+00   1.41350949e+00   1.00222266e+00   1.94928730e+00
    9.20001209e-01   2.50842857e+00   7.50048280e-01   1.65338993e+00
    1.67165470e+00   1.27879286e+00   2.26478291e+00   1.94105911e+00
    1.04323804e+00   9.83483613e-01   1.56201923e+00   3.05940652e+00
    1.18617094e+00   1.17907858e+00   1.05325973e+00   9.62344646e-01
    2.43797851e+00   1.08350801e+00   1.08983898e+00   1.54538572e+00
    6.59706414e-01   1.05840874e+00   1.30081177e+00   7.35852063e-01
    1.64199841e+00   1.12062001e+00   1.72582731e-01   2.24337006e+00
    1.25357533e+00   2.34988213e+00   2.13805485e+00   1.59510815e+00
    1.79545033e+00   2.55163980e+00   2.35630226e+00   1.20249164e+00
    1.64570570e+00   5.37920773e-01   1.93957698e+00   1.35463619e+00
    2.48310566e+00   2.93617296e+00   1.90313685e+00   2.37909627e+00
    9.95130718e-01   2.10351038e+00   1.10317588e+00   1.57653952e+00
    2.06722832e+00   9.60494757e-01   1.51537836e+00   1.47469854e+00
    1.23309553e+00   6.21769667e-01   1.32153654e+00   2.55215836e+00
    9.93981361e-01   2.49128413e+00   2.34459424e+00   3.05014920e+00
    2.00052190e+00   1.17582357e+00   6.54790223e-01   1.43817568e+00
    1.49689150e+00   1.76083493e+00   6.95225763e+00   1.90407741e+00
    2.30950999e+00   2.66489482e+00   1.75529873e+00   1.91314662e+00
    2.00707436e+00   1.17153561e+00   9.03852105e-01   1.07666409e+00
    8.87583911e-01   1.06722343e+00   1.90835202e+00   9.44148481e-01
    1.37825060e+00   2.04313684e+00   1.89752507e+00   2.80859137e+00
    2.44035912e+00   6.64185524e-01   1.73080146e+00   1.77983451e+00
    1.13091707e+00  -1.30015414e-03   1.71032834e+00   1.86390674e+00
    3.79276061e+00   1.87588131e+00   4.75596189e-01   9.07486618e-01
    1.89456165e+00   3.70487237e+00   2.12012148e+00   7.00242043e-01
    3.07546198e-01   4.14161730e+00   6.77330852e-01   9.39462423e-01
    3.73488593e+00   1.08885372e+00   3.53938401e-01   6.42695606e-01
    1.20003223e+00   1.56934309e+00   1.31482911e+00   1.03125060e+00
    1.65216088e+00   2.06862855e+00   2.07999492e+00   5.17037928e-01
    8.66206169e-01   9.93182600e-01   2.36930132e+00   5.03565371e-01
    1.75564277e+00   1.30218279e+00   3.56979668e-01   1.86060047e+00
    1.97784626e+00   1.49254513e+00   2.18041563e+00   3.02286577e+00
    1.22728086e+00   1.03431797e+00   1.56643987e+00   1.76979136e+00
    2.18840957e+00   2.60059452e+00   8.19830060e-01   9.71724927e-01
    9.80319083e-01   7.16696680e-01   3.56841040e+00   2.00892758e+00
