 1.71663141  1.52255023  3.6989367   1.53240645  2.69280052  2.03599501
   1.20902658  1.88657558  0.35960725  1.62899411  2.79870987  2.48925734
   1.16866815  1.25441802  4.78778601  2.30391097  1.05090547  0.45523131
   0.70377022  0.4261294   1.38353837  0.41471207  2.43486714  2.50022674
   0.69710821  1.09002471  2.13295746  0.45495254  0.83095616  1.66988134
   1.37609828  2.43979359  0.79834676  0.57324278  1.57584202  1.09717751
   3.8484602   1.69450831  1.36705494  1.25763023  2.44506454  1.71716273
   2.11472726  1.33318377  0.39333609  1.57123733  0.8959772   0.80202663
   1.24858391  1.13300037  2.1000669   4.05901861  0.5558241   2.51916289
   1.68057358  2.21552277  1.05342519  0.98414254  1.91900456  1.95498419
   2.49742389  1.78408933  2.70215058  0.89522231  2.5569005   0.73529792
   1.61208475  1.13661945  0.57532698  1.61935437  0.64703435  1.52799928
   0.57133812  0.74832994  0.32932004  2.58858991  1.26441622  0.64786386
   4.51386118  0.88898492  1.95744264  0.933707    1.36991882  2.56625175
   1.14291167  1.66330945  0.68267202  3.71115422  1.55056167  1.20649421
   1.99801433  3.11813164  1.02982199  0.66722715  2.97544312  1.67184615
   0.92983478  1.29786623  1.47477329  1.68464458  1.69702423  1.59285343
   0.88916695  1.54908311  1.91805506  2.3908205   1.30595577  2.24776268
   1.74959815  1.68571019  0.93046349  2.81882477  1.52765298  0.98006576
   1.65840888  1.1980958   0.55225492  1.45172799  1.93725574  2.30780387
   1.67414463  1.09223723  1.35478175  2.15483761  1.97981369  2.11936808
   2.20213223  1.13678813  2.6637013   0.37827981  0.90156794  1.0365603
   1.29007483  1.38539267  1.49966645  1.54475367  1.32063484  2.03443646
   0.94797784  2.25537205  1.46531105  0.80547935  2.20856309  2.20677495
   1.2598902   2.11895609  1.87080634  1.26713848  1.58439779  1.67441392
   1.399773    0.66047961  1.43488586  1.74339855  1.32168436  0.21588817
   1.68768442  1.04076838  1.50451148  2.26930642  2.16065502  1.65438008
   0.67841786  2.07052803  1.65954351  1.09607291  2.29840231  1.68112934
   1.17954326  0.71829295  0.8982718   0.28474694  0.97209889  1.60921931
   1.50007117  2.26051021  1.47196364  1.35950148  1.32956803  0.95311058
   1.17132545  1.14174128  1.16398787  1.44261014  1.50295174  3.55977702
   1.12255836  0.91112018  0.5999431   0.69287342  2.36597157  1.70724761
   2.09411454  0.78519106  1.2813437   1.57356572  3.86266017  1.82003319
   1.18980026  2.55261087  1.23756468  5.14096737  0.96318769  0.85308379
   0.47482815  3.15458846  1.670807    0.95352042  1.50046468  7.84332085
   1.37308061  1.20973289  2.03056741  1.40141046  1.41947556  1.54062688
   1.25007081  0.96589488  2.53578472  1.17050874  2.23966479  1.41752565
   2.18734288  1.29045105  1.57584453  1.19743991  1.41532826  1.94162166
   1.10845959  2.81902122  0.86086363  5.23353958  2.13152885  1.51795518
   0.90573871  2.32351637  1.32563794  1.32869208  1.21725297  2.09135342
   1.15426469  1.71739995  0.40654698  2.36849523  2.27031088  1.47652853
   2.23983073  1.92368782  1.98317039  1.48863697  0.89680469  0.97969216
   1.55531394  2.03622437  1.19806921  2.29736447  1.54994011  1.96873474
   2.96944141  1.22808564  4.28888369  0.84123391  1.61548424  0.88233125
   1.53334868  0.90655398  1.88134241  2.27990723  1.27662385  2.01512051
   2.18874192  1.3992312   2.08049035  1.34033024  1.80221844  0.5815869
   0.84986019  2.11402011  0.78726625  1.78343332  1.01010227  2.0038898
   1.99748266  1.27471292  1.43349421  1.52428603  0.7873674   0.82389736
   1.11007345  1.26372647  0.31547451  1.9492321   0.67336547  1.52431583
   2.66167641  0.73389971  1.18662882  1.12998533  2.04336762  1.36644793
   1.04082322  1.0837822   1.5451889   2.73038101  1.56583524  2.32274699
   0.31994745  0.72787887  1.75811934  1.76281691  1.80009162  0.67776173
   1.59037578  1.63533282  2.00510073  2.60233951  1.69672644  1.49908674
   0.5476613   0.89816761  1.61196983  1.04481661  0.51796317  1.63870561
   1.56661844  1.96349049  0.75103682  0.57557058  1.08050692  1.85796106
   1.43165994  0.65420806  0.1319475   2.39646363  1.57946086  0.89642423
   2.35868216  0.50874013  1.32503223  1.38311422  0.5545423   1.06449437
   0.50219214  0.95689696  1.73776817  0.97331083  1.55972803  1.29318154
   1.51694858  2.40527248  3.15554976  1.20775867  2.19085836  2.11512828
   2.33689833  1.10111177  0.89191055  2.42315245  1.05382073  2.81457686
   0.85509378  0.73022723  1.44955695  1.42715931  0.43749666  1.44614291
   2.73157859  3.1403265   1.17347634  0.95842975  1.27452552  1.72960317
   0.92626566  2.88379264  0.62565917  1.53147209  1.91617203  1.37826645
   1.50380075  1.77988183  1.95515192  1.11345518  1.34555888  2.77783036
   1.20792902  1.22667801  1.37355399  1.01448309  2.95791507  1.0364821
   0.7691434   1.21227348  1.55706024  2.94434309  1.07540202  1.42614341
   2.05360746  1.41951501  1.05940354  1.6106478   1.71108806  3.0777142
   2.3312819   1.52187729  1.6681298   3.1915369   1.9746052   1.74792802
   1.02053094  1.65424597  1.49312794  1.33516657  1.58765399  2.11402559
   1.52871943  2.52025557  1.59130323  2.35797143  0.68233919  1.91137469
   1.31229162  1.80459011  1.83959341  1.55394936  1.32304239  0.83621824
   1.4120059   1.64555013  1.26394522  2.29012728  1.66344666  1.89114738
   1.66689026  2.25563574  0.93614894  0.61805469  2.1591723   1.99186909
   6.15634966  1.50864518  1.88836586  1.86745608  1.18339157  2.97141695
   1.0210042   0.69879222  1.0593406   0.77694815  1.47905433  0.78886145
   2.07973552  1.09245288  0.97094315  1.26361716  2.58061075  2.72062802
   2.32942557  0.45882809  1.65287828  0.85857898  0.98014396  0.69788939
   1.28165805  1.56699789  3.05735207  1.14209163  0.49721247  0.72972274
   1.61385477  3.17957139  1.84670985  0.66366565  0.40355751  4.2843132
   0.93414265  1.29714966  2.62447119  1.02168512  0.97662055  0.63180625
   1.38205004  1.67256916  1.15914631  0.24485482  1.78549826  2.1728034
   2.03893042  1.31292665  1.25086415  0.47397152  2.0891602   0.21209508
   1.26804721  1.66665435  0.71080285  0.69658995  1.51036322  1.98230982
   2.77119493  1.899266    1.12802708  0.88499784  2.0452466   2.94885159
   1.47082567  2.20764375  0.98811954  0.51869386  0.58919579  0.76216024
   0.55432421  1.80475914
