 1.24704647  1.74656343  2.04952955  1.83213568  1.33499134  2.27951837
   1.32465863  1.49173558  0.95027512  1.13377547  1.41218126  2.98719025
   0.4998433   1.25822127  4.49337912  1.7851963   0.80546528  0.5210855
   1.05562878  0.75739908  1.56977797  0.88114524  1.76429319  1.54468894
   1.50647414  0.95533895  2.5613687   0.38936132  0.47876137  0.37026456
   1.23714805  1.51476955  1.45748866  0.19827366  0.91486919  1.79004431
   1.98985636  1.95188189  1.70609069  1.25459349  2.0286696   1.4470675
   2.3532002   0.86715835  0.69160062  2.20771956  1.08331466  0.86586785
   1.82516301  0.90247244  2.45473027  2.79345131  0.04831523  1.45712709
   1.12813067  1.76708913  1.07213783  0.74425244  1.58913815  1.24271214
   2.14414787  1.41579199  1.33977365  0.67273134  1.44042253  0.87897623
   0.94261688  1.44512701  1.12056029  2.32121038  1.49895704  2.241153
   0.49072266  0.55975544  1.01610434  1.05366421  1.14947534  0.50773281
   3.62762523  0.65089774  1.65811467  0.87680733  1.68975735  2.37413454
   0.75481564  1.21736777  0.4893468   2.57232594  1.26701736  2.213871
   1.7495662   2.66711283  1.31148767  0.7569589   2.2947886   1.89234507
   2.10556245  1.15766656  0.49460259  1.19778121  1.7292335   1.60613215
   0.72537249  2.28793836  1.41858029  1.38673127  1.21284986  1.33872569
   1.04385531  1.22002769  0.85005009  1.66595137  1.13325572  0.96874624
   1.14614487  1.07124376  0.74044669  1.50564528  1.93625081  1.69194162
   1.54868627  1.52146709  1.39607882  2.42633557  2.4183104   2.89543295
   0.89805961  0.98193175  1.09901154  0.7790181   1.17601967  0.91336036
   0.93522888  0.87558395  1.09778368  1.5546422   0.46495     0.79671663
   0.54856652  1.81250525  1.94705629  1.40407181  1.73007619  0.83242464
   1.51667905  1.55627155  1.29119217  1.24323106  1.05626047  1.38991487
   2.31775451  0.61767948  1.33675337  1.64388692  0.56997108  0.68734765
   0.72587729  1.77032757  1.47719395  1.28081918  1.49256015  1.31702209
   1.01131153  1.28218532  1.29893899  1.2255106   1.44101429  1.02650738
   1.91265845  0.83155739  0.94950432  0.50747383  1.15499783  1.75165224
   1.38168859  2.21303248  1.86306703  1.21886432  1.02575266  1.2829845
   0.43805975  1.60371208  0.67515713  1.5109725   0.76440382  3.24499679
   0.9580391   1.65372491  0.94128591  1.33367431  2.33882117  1.19793737
   1.26460671  1.0503211   1.60776317  1.07932508  3.71165299  1.60898185
   1.65929604  2.15514445  1.7573458   4.67549324  0.45114544  0.96055198
   2.05009389  2.79890418  2.42801642  1.21991765  1.79408705  6.16403866
   1.21323514  1.0868057   1.85218191  0.91414016  0.97532362  1.77474892
   1.03024077  1.08093584  2.84958029  0.85244268  2.42011428  1.27089584
   1.72046661  1.13101327  1.69661021  0.86454707  0.25324929  1.10852385
   0.66328043  2.1189661   1.39385712  4.27430248  2.64359641  0.72624868
   0.62170804  2.0131228   0.60492224  1.22952342  1.14788926  1.86980522
   0.87252057  2.84076047  0.69430053  1.88950336  2.07604599  1.10759902
   1.94564056  1.74716961  0.71031451  2.15016246  1.80035031  0.8235181
   1.60536337  2.78886795  0.66478515  1.71075022  1.12161875  1.42155075
   2.87852764  0.55216354  4.07913303  0.65669495  1.13479066  0.79651052
   1.57301998  1.92277884  1.78362083  1.95965707  0.97796738  2.01132774
   1.81579018  1.36952364  1.59254837  1.01236105  1.29345131  0.4545584
   0.58388287  2.27815866  0.71840972  1.1727345   1.09256339  1.97840774
   1.07285821  1.85824192  0.74812275  1.64227188  0.44868982  0.46510732
   1.25814354  0.44502652  0.51708156  1.70308959  1.54490829  1.14820838
   2.69660401  1.24812841  0.99796897  0.53823203  2.52071095  0.69811314
   0.94095474  1.26407719  1.43271959  2.48299813  2.99930429  1.9872849
   0.84158981  1.08071268  1.61701798  0.85934401  0.95946658  0.44693416
   1.01626825  1.21868229  2.51760936  2.81831694  1.74360156  1.03553677
   0.53187877  1.51232421  1.50822103  1.12071025  1.02409458  1.11460781
   2.37642455  1.20194805  0.88973302  0.6452179   1.75702524  1.71704745
   0.86499351  1.17350209  0.63557023  2.81266546  1.84843636  0.94155002
   0.94393587  0.4886989   1.56610048  2.10888481  0.99655831  0.8276577
   0.406169    1.15130997  1.36149085  0.7963888   1.20167279  1.37402892
   0.6214757   1.19261277  1.03271556  0.35466707  1.83014143  2.37487221
   1.50063884  0.35098603  0.76744121  1.19390023  1.39466035  2.5937798
   0.77150542  0.89000589  1.65027988  0.53334004  0.45511374  1.09501684
   1.51887631  2.9182446   1.62611592  1.41069269  0.85118878  1.56184185
   0.94720763  2.90753818  0.75279897  1.66098011  1.76384175  0.87073314
   2.15259695  1.33513749  0.62477404  1.10952306  1.21368957  3.06612492
   1.33236492  1.25957036  1.3220377   1.21688163  2.72178316  1.32932746
   0.67741424  1.16259122  2.01749802  1.22362876  0.83827919  1.32548368
   0.89740783  0.34680006  0.56217116  1.86433113  0.56437439  1.65819788
   0.85850167  1.62419522  2.28179646  2.95015526  2.56578374  0.92669308
   0.77391982  1.32813966  1.12654746  1.9177655   1.72922325  1.95273638
   1.18441427  1.72490478  1.85185349  2.32199764  0.24723321  1.66174662
   2.40587068  1.40362072  1.53434598  1.51388991  1.97062039  0.99454188
   2.33434677  1.20285022  1.3749609   1.19959569  3.13853121  1.4999944
   1.30102479  1.48083985  1.9239192   1.36591947  3.41336226  1.45491433
   5.52320671  1.533306    2.68061113  2.0055728   1.98617339  1.94428337
   1.49683774  1.05348384  1.16320431  1.50607014  1.04150414  0.75498718
   1.34025156  0.21180324  0.66552359  1.19934857  1.39111209  2.62722898
   1.946872    0.87033904  2.28794146  0.91613543  0.51838207  1.10843754
   1.4466902   0.85980159  3.09160638  1.39750183  0.81924194  0.72759032
   0.95921689  3.25974417  1.35725605  0.65549171  0.83444172  3.25196958
   0.45795971  1.1597532   1.88948119  0.82633066  1.56387019  0.55532211
   1.64663529  1.56669509  0.56181848  1.3208375   1.14896154  1.99607587
   1.040115    1.80261695  1.4792999   0.84797794  1.65885568  0.76153672
   1.91307473  1.36652005  0.35727307  1.60886157  1.43303061  2.19846535
   3.11597252  2.36765718  1.24113703  0.49639472  0.56769907  3.63570738
   1.73854947  2.15418291  1.15049326  0.69937348  0.38113177  1.7984997
   0.87599671  1.38209832
