 1.27255666  1.83018911  2.2683754   2.16677666  1.93577397  3.00748992
   1.63649666  1.65138257  1.0598681   2.09558392  0.94140571  1.59840989
   0.6955657   1.82039213  6.82748985  1.92362642  1.17459309  0.81254512
   1.85023129  0.8902722   1.24215627  0.6783914   1.6589396   1.38070095
   1.679847    0.85386008  1.84630334  0.40766516  1.0334487   1.33617795
   1.1865828   3.06714606  0.94851476  0.37997976  1.02474093  0.71795112
   2.24037075  1.90666008  1.80503762  2.07693791  2.05670166  1.34428024
   1.95157743  0.84752768  0.75465429  0.75058216  1.42660987  1.2390759
   1.00059581  2.39409637  2.18067932  2.71435332  0.18916896  2.40198278
   0.96987563  1.99857688  0.88042808  0.94286883  1.86272454  2.38347507
   2.28427839  0.90665472  1.67221212  1.11978912  1.75742149  0.62698704
   0.89251757  1.50301003  1.15352082  1.99605572  0.72606963  2.1383121
   1.81490576  0.53417289  1.21041787  1.52417469  1.13044298  0.90267074
   4.61290359  0.65465212  1.46208751  0.98958677  2.18007922  2.02095819
   0.56415236  2.01383567  0.32311222  3.14929795  0.86982846  1.8267715
   1.38545084  2.745363    1.71246064  1.12318873  2.6385169   1.95461535
   1.97336316  1.16013265  1.81079829  1.60934055  1.28542638  1.13453305
   1.2226907   2.64916134  2.62763858  1.81580663  1.42895985  1.23955381
   2.03835034  1.85291302  0.52174336  1.75649679  0.95424539  1.5816021
   1.73061264  1.0737108   1.04322898  1.78872824  1.37638485  2.32198
   1.26299989  1.27734804  1.34128821  2.78021431  1.90311944  2.98703647
   1.56835747  1.56553388  1.50417769  0.82674569  1.03690386  1.21722353
   1.33135486  1.47075248  1.52977014  2.13670754  1.48121965  1.11844873
   0.47309634  3.54640007  1.00822079  1.40754318  2.26533675  1.20670462
   2.98116446  1.32388854  0.74392217  1.72649288  1.38159096  1.35397291
   2.39349556  0.33297291  1.63780606  1.22939956  0.83828372  0.98622495
   1.87690127  1.56092858  1.14561868  2.51606679  0.89231545  2.68737578
   0.32634091  1.00729728  3.50947762  1.53622067  2.03423524  1.21835828
   0.80733877  1.03748333  0.93945277  0.57104844  1.03861296  2.22979903
   1.25839221  2.74616003  1.3794297   1.67754471  1.41888118  1.50791562
   1.92154336  1.86786509  1.75795949  1.44098794  0.9735114   3.2697885
   0.52729934  0.98623776  0.99173295  1.74346912  1.57901752  1.46594024
   0.52192968  1.17999816  1.25063968  2.06813574  4.61391068  1.86764741
   1.60213149  2.76719189  2.2149229   4.8583703   0.92309302  1.33643246
   1.25958407  2.41203666  2.26998949  1.19184315  2.13940501  6.07500601
   1.64668095  1.66469252  1.6727879   1.07524109  0.61266285  1.93701077
   1.60357344  1.30621397  3.02579641  1.19372058  2.78684735  1.5330503
   3.39476871  0.74812126  1.68394101  0.64490628  0.3117255   1.41778624
   1.29543531  2.50369644  1.10866356  6.06898308  2.28301811  0.64786339
   0.22338034  1.26879025  0.93506849  2.56138659  1.01142383  1.55902731
   1.36078894  3.92725563  0.67292124  3.5449388   2.53654027  1.8427434
   1.83827829  2.34635162  1.06022763  2.83894467  0.89417189  0.55830854
   1.93791604  1.99759829  1.25317991  1.83211887  1.24243557  2.59469771
   2.64281154  0.80506903  4.6977458   0.77378666  1.99583554  0.74169749
   1.77481353  1.68942738  2.51065016  1.7177093   0.75534803  1.56852543
   1.60287106  1.28842568  2.90451789  1.09842527  0.98876709  0.57888097
   1.32121491  1.49506915  0.86288297  1.31553185  0.88589448  1.67326009
   1.47972322  1.2741009   0.72783357  1.89287603  0.46595174  1.45490074
   1.12352324  0.30799541  0.32369187  1.71004808  1.43513429  1.33957171
   3.0928359   0.6718632   1.19449329  1.02775252  3.38063478  0.62225634
   1.22883749  1.41128099  1.90937114  2.50375628  1.09985673  2.36605096
   1.41779935  1.03412163  1.06420314  3.18623376  1.34303725  0.99955773
   1.69365513  1.40239918  2.31637454  2.76551628  2.21046138  0.76029062
   0.83344567  1.77123475  1.55587721  1.07584906  0.87714666  1.49756694
   2.19916916  1.85973406  0.70512938  0.85260016  1.98005378  1.21682203
   2.24172497  0.76534402  0.25364503  2.46217442  1.07026505  0.39068973
   1.26771343  0.54478329  1.26500392  1.64631438  0.96763086  1.43217516
   0.54955161  0.9122932   1.67095017  1.28129089  0.798527    1.48420572
   2.11544538  1.69860327  1.28691506  0.4555473   2.17854428  1.91655529
   1.9488939   0.97600621  0.82707411  1.29079461  1.20207107  2.76691151
   0.89834815  0.92876107  1.5785265   2.33653021  0.51621127  1.5911957
   1.7261399   2.43119931  0.89088267  2.47965193  0.85115713  1.81716943
   0.96250027  3.63695192  0.68759668  1.35467076  1.65728545  0.89516288
   2.24980807  1.37846422  0.81141609  1.53899074  0.76815152  2.36327124
   1.47125173  1.10982263  1.46052682  1.31985664  3.04856205  0.94225663
   1.11017513  1.01476061  1.50958145  1.76045239  1.20820904  1.30818725
   1.79824424  0.28668687  0.55336434  2.38868475  1.17174888  2.86786675
   1.45330083  0.77282429  2.29849148  2.59903359  3.52189684  1.41283119
   1.59756231  1.44892538  1.00336516  2.0486691   2.00395012  3.26166129
   1.43389261  1.90637696  2.04267311  1.42896616  0.46746048  3.93509865
   1.69413853  1.48695064  1.764485    1.03226733  0.71618861  0.83089906
   1.65505338  2.18219185  1.71688557  1.30890512  2.06634879  2.08386421
   2.04080343  1.92524624  0.87506366  1.3382287   2.63812375  2.12698936
   6.54366827  1.32874942  1.64627767  2.97544169  1.58327365  2.4580462
   1.01575756  1.41647577  1.2984786   2.23082256  1.26290333  1.07855856
   2.15604281  1.18388939  1.68486905  0.50551301  1.94707894  3.19175744
   2.72845817  0.8371495   1.12927544  1.10226238  0.6857959   1.54043424
   0.89704603  1.33746338  3.59988189  1.31742978  2.88119626  0.35218132
   2.12170076  2.89510632  0.87856144  0.68977511  0.73598391  4.23375654
   0.88352209  1.14584076  2.46665192  0.94073421  1.03720379  0.49825484
   1.89156163  2.44928312  0.8132211   0.61406112  0.79914242  1.90591371
   1.32012749  0.98477632  1.27667928  0.77867508  1.8899554   1.18448019
   1.62143183  1.73007226  0.63768005  1.54598999  2.19283867  1.60434461
   1.55418599  1.94815767  1.40921426  0.62064964  0.91593236  1.74430192
   0.8306613   3.24338078  1.48035681  0.66679853  0.78159177  1.06692994
   1.05157769  1.29198754
