  1.12121522e+00   1.47370720e+00   2.23652363e+00   1.92016578e+00
    1.98450518e+00   2.26127434e+00   1.06156695e+00   1.51591218e+00
    6.46431863e-01   9.04294431e-01   1.17421174e+00   1.79014218e+00
    8.35418642e-01   1.50117314e+00   6.33030558e+00   1.34172153e+00
    1.60328436e+00   6.08876467e-01   7.77522504e-01   9.15069222e-01
    1.17355156e+00   8.60328496e-01   1.74581552e+00   1.33902419e+00
    2.00082302e+00   1.27099001e+00   1.85553002e+00   1.26474547e+00
    5.46485841e-01   1.34159732e+00   1.02089226e+00   1.54004645e+00
    1.06902683e+00   7.71152377e-01   7.16599405e-01   1.51957500e+00
    3.25793672e+00   2.01014185e+00   1.98760104e+00   1.54232073e+00
    2.32515121e+00   1.36546147e+00   2.27239561e+00   7.83440411e-01
    6.20891094e-01   4.71234500e-01   2.83011842e+00   8.96542728e-01
    9.31807041e-01   2.94313574e+00   2.22948194e+00   3.30402374e+00
    2.83617288e-01   2.14257669e+00   1.01354814e+00   1.94751453e+00
    1.08186913e+00   6.00064933e-01   1.83861542e+00   2.86666489e+00
    2.13003993e+00   1.02217340e+00   1.39113057e+00   1.91295123e+00
    2.15867448e+00   7.65536964e-01   8.38606656e-01   1.46421003e+00
    6.77404761e-01   2.26414537e+00   8.00873995e-01   2.01366067e+00
    5.85361600e-01   2.10811853e-01   1.16832936e+00  -3.72541323e-02
    8.99058580e-01   1.37188685e+00   3.81705356e+00   4.91178125e-01
    1.77285516e+00   9.64655221e-01   1.95500183e+00   2.24921274e+00
    6.91169381e-01   1.06116533e+00   9.11803782e-01   4.04936647e+00
    1.13073480e+00   1.78298736e+00   2.22023582e+00   1.63823605e+00
    2.10714269e+00   8.11275899e-01   2.41943002e+00   2.60701752e+00
    1.50567126e+00   1.26426232e+00   1.40534842e+00   1.17544508e+00
    1.85123765e+00   1.06270742e+00   1.81052551e-01   2.86468554e+00
    2.55415511e+00   2.32272363e+00   1.47973216e+00   1.97370970e+00
    2.12051177e+00   2.21850181e+00   1.00611901e+00   1.56650198e+00
    1.84071052e+00   1.69090056e+00   1.14946365e+00   9.03976917e-01
    6.06454909e-01   2.75099444e+00   1.31710029e+00   2.04925585e+00
    8.67219806e-01   6.71257138e-01   1.59191298e+00   2.78713536e+00
    1.73274338e+00   3.16551924e+00   9.00895298e-01   1.17365301e+00
    2.25593305e+00   8.06408644e-01   9.88790512e-01   1.17182076e+00
    1.03909612e+00   4.94327873e-01   9.79506731e-01   1.80266500e+00
    8.50713074e-01   1.28529108e+00   9.70485389e-01   2.38292003e+00
    9.59350228e-01   1.17072737e+00   2.71967912e+00   6.64243698e-01
    2.85241818e+00   1.62619102e+00   7.90727735e-01   2.15933895e+00
    1.19805503e+00   1.60482252e+00   1.92298448e+00   6.87328875e-01
    1.72628582e+00   8.33434343e-01   1.25788510e+00   9.92633700e-01
    1.52488840e+00   1.50561583e+00   9.80549097e-01   2.37492466e+00
    1.21107495e+00   2.94141126e+00   5.64111292e-01   1.26932633e+00
    2.38185501e+00   1.16334140e+00   1.25742912e+00   9.11353230e-01
    1.15221238e+00   9.96757090e-01   1.66384399e+00   8.65423739e-01
    1.15023088e+00   1.92849767e+00   2.61208701e+00   1.70378280e+00
    1.60633981e+00   1.66554904e+00   1.05452478e+00   1.89873898e+00
    1.58203542e+00   1.38005459e+00   1.06106830e+00   1.90214491e+00
    9.98379290e-01   2.84737611e+00   6.44016325e-01   8.90850544e-01
    1.08938944e+00   1.47573161e+00   1.71161366e+00   2.00493026e+00
    1.46138465e+00   1.34777176e+00   1.51032197e+00   1.56868517e+00
    3.70385861e+00   2.80609655e+00   2.03405738e+00   3.15033460e+00
    1.96560967e+00   5.73156595e+00   1.68131244e+00   7.05138564e-01
    2.21519852e+00   2.61782074e+00   2.13403177e+00   1.40406251e+00
    2.68707442e+00   7.50733328e+00   1.31080186e+00   6.98318958e-01
    1.83544815e+00   1.98630416e+00   5.78326523e-01   2.71174216e+00
    1.86873817e+00   1.25356281e+00   2.82481313e+00   7.26230860e-01
    2.17302704e+00   1.35134864e+00   1.99651623e+00   8.20990920e-01
    1.98721552e+00   1.10750890e+00   7.69691825e-01   1.32867968e+00
    9.75221157e-01   2.19452548e+00   9.00660098e-01   4.95778608e+00
    2.72044516e+00   9.13928926e-01   5.64573467e-01   1.64978182e+00
    1.17370033e+00   1.93282700e+00   1.43405640e+00   1.87711501e+00
    8.21973503e-01   4.09596014e+00   8.82012784e-01   2.18545985e+00
    2.17251229e+00   1.33110249e+00   1.75445509e+00   2.18784833e+00
    1.35292518e+00   2.31148720e+00   1.47907281e+00   4.75799620e-01
    1.45381820e+00   2.19998908e+00   9.00872350e-01   2.34343243e+00
    9.99456108e-01   2.10447693e+00   3.34018135e+00   1.02152526e+00
    4.97793770e+00   7.28064716e-01   1.76975727e+00   7.97220349e-01
    2.14367700e+00   1.38496816e+00   3.00663519e+00   1.43687975e+00
    7.47779429e-01   1.45160866e+00   1.49206841e+00   1.43059874e+00
    1.81209719e+00   9.23746943e-01   2.08510852e+00   5.18206298e-01
    1.64492285e+00   2.06710172e+00   8.62365961e-01   1.74846125e+00
    6.49322093e-01   2.56670022e+00   1.29091644e+00   1.83631432e+00
    8.96869361e-01   2.39512467e+00   6.22057736e-01   8.76010537e-01
    1.40735066e+00   3.36084872e-01   9.85969305e-01   1.45419037e+00
    1.39819252e+00   1.34296823e+00   2.70992255e+00   6.57094419e-01
    9.80227768e-01   6.52568400e-01   2.60371709e+00   1.29219043e+00
    2.02961326e-01   1.13082564e+00   1.51829851e+00   2.20448780e+00
    1.71812141e+00   2.01503825e+00   5.72560668e-01   1.36336839e+00
    1.11075866e+00   1.54890144e+00   8.15916955e-01   1.13337278e+00
    1.55110598e+00   9.26205397e-01   1.84308839e+00   2.16635799e+00
    1.35282457e+00   1.10202122e+00   1.38202667e+00   1.94118941e+00
    1.45868599e+00   1.19624078e+00   9.13826346e-01   1.48700225e+00
    1.88998282e+00   2.02491665e+00   1.05815792e+00   7.45616376e-01
    2.42910361e+00   1.80237281e+00   9.67180550e-01   4.84198093e-01
   -6.40352964e-02   2.35253453e+00   1.27518034e+00   8.91872168e-01
    7.18239188e-01   7.44745493e-01   1.32224274e+00   1.53760815e+00
    9.90819633e-01   8.11428964e-01   1.01172626e+00   6.04564786e-01
    1.66575241e+00   1.04501522e+00   7.90350080e-01   1.78894734e+00
    1.01029837e+00   1.22918487e+00   1.44954252e+00   1.45169246e+00
    1.29256117e+00   1.67206955e+00   1.91597605e+00   5.65398753e-01
    9.04919922e-01   1.07620788e+00   1.52150369e+00   2.98473883e+00
    5.09097278e-01   8.41638088e-01   1.37806952e+00   1.19794774e+00
    6.28595710e-01   1.42838502e+00   2.07740378e+00   2.71615434e+00
    1.09181523e+00   2.12887263e+00   7.63786077e-01   1.37741899e+00
    1.27992630e+00   2.34497070e+00   5.98671019e-01   1.37087989e+00
    1.72126508e+00   1.18227792e+00   1.10107911e+00   2.08268929e+00
    1.32851684e+00   1.89793670e+00   1.06312621e+00   2.36027288e+00
    1.53895295e+00   1.22629344e+00   1.56863356e+00   1.42514277e+00
    2.56108665e+00   2.42626882e+00   1.18485236e+00   9.62834060e-01
    9.82496321e-01   2.66314888e+00   6.08181953e-01   1.65935278e+00
    2.17536497e+00   3.33966523e-01   9.53869045e-01   2.11332393e+00
    1.26340044e+00   1.94645774e+00   7.06130624e-01   1.14347422e+00
    1.89468014e+00   2.33025169e+00   3.25086880e+00   1.26775205e+00
    5.90866029e-01   4.26287353e-01   8.86561871e-01   2.08251429e+00
    1.36472321e+00   2.33939981e+00   1.63488793e+00   2.27737355e+00
    1.96780038e+00   1.60902035e+00   8.05505931e-01   2.77722645e+00
    1.58016992e+00   9.85010862e-01   2.34262872e+00   1.30343914e+00
    1.08623528e+00   1.55829549e+00   2.11203146e+00   1.48644197e+00
    1.42048502e+00   1.99394476e+00   1.75054479e+00   1.20958519e+00
    1.26005554e+00   1.24509501e+00   9.16030705e-01   1.16904807e+00
    1.71430421e+00   1.99857044e+00   7.10282993e+00   1.88552809e+00
    1.74254346e+00   2.62525439e+00   1.57103884e+00   2.21952438e+00
    1.41619968e+00   7.70557165e-01   1.59962964e+00   1.22533154e+00
    1.01781249e+00   1.23434556e+00   2.05506039e+00   5.52126706e-01
    1.62888181e+00   5.02906621e-01   1.35056162e+00   2.02329159e+00
    2.10726357e+00   6.91150248e-01   7.05745637e-01   1.59360611e+00
    4.30534303e-01   1.23481417e+00   9.28670406e-01   1.26760519e+00
    2.90310884e+00   7.22660482e-01   1.27034378e+00   3.81727546e-01
    1.84697831e+00   2.50903130e+00   1.11856210e+00   7.48141766e-01
    9.68901932e-01   4.43291330e+00   1.06816936e+00   1.46975613e+00
    2.75822902e+00  -3.97162046e-03   9.64591265e-01   6.69772327e-01
    8.61992657e-01   2.73159719e+00   6.38605952e-01   6.07742012e-01
    9.02240574e-01   2.39594150e+00   1.03702736e+00   1.49936497e+00
    7.28912055e-01   7.53419697e-01   1.20712984e+00   7.57629991e-01
    1.92062736e+00   1.51479363e+00   7.36076713e-01   9.56468165e-01
    2.53421140e+00   1.48642159e+00   1.78096199e+00   1.34919775e+00
    1.88796091e+00   6.83723330e-01   6.90253198e-01   1.60615158e+00
    1.74451721e+00   2.28652763e+00   1.08467066e+00   9.32703435e-01
    1.41565228e+00   1.47422326e+00   9.75902200e-01   1.20931804e+00
