 2.01933432  1.70795071  2.61544847  2.04648519  1.29518521  2.46097302
   1.45036519  1.70652962  0.81505185  0.94441712  1.02397621  2.17532158
   0.70413321  1.77656496  5.50546837  1.22864175  2.18072724  0.57284093
   0.56992996  0.98103583  1.45732939  1.68540931  2.14392304  1.7258724
   1.047261    0.86501729  1.96721148  0.97099084  1.44205844  0.9212212
   0.75070137  1.46877682  0.67349672  0.56181657  0.51798165  1.22935212
   4.50610209  1.53416359  2.29625583  2.31799221  3.24913073  1.40210068
   2.76598263  0.88002902  0.52812749  0.40023947  1.30868936  1.17960417
   0.54623801  1.55286932  2.03934765  3.79377389  0.31144622  0.43956429
   0.98838097  2.24492621  0.71145296  0.75289673  1.78742075  2.2065587
   1.85958719  1.66176915  1.38570666  2.09912705  2.05838299  0.45531112
   1.18253255  1.87755525  0.99884176  2.49985361  0.72653115  2.76067257
   1.25872648  0.20783862  0.51076096  0.30478615  1.10287809  0.40968513
   4.760499    0.60060304  2.08579898  1.01268363  1.62526643  2.08991933
   1.2079488   1.28237927  0.96733683  3.97842407  0.95477003  1.55249131
   1.88507748  1.95243514  1.84146881  0.82417959  3.03972912  2.46551538
   1.33682203  2.1804378   1.0293473   1.3253963   2.5488143   1.62863064
   0.86104238  2.83134508  2.41908765  1.34754908  1.01722693  2.04462528
   2.10994554  1.20284367  0.5113734   1.25225449  1.41338587  1.58547449
   1.86397207  0.85268664  0.7065419   1.94653285  1.33696127  2.68375683
   0.47689852  1.09969926  1.43278551  1.57393217  2.25785398  2.31360507
   1.17308939  1.33211946  1.55656719  1.28300095  1.07680964  1.12232435
   0.94626141  0.40850544  0.82911575  2.06976223  0.84562516  1.03905261
   0.49600735  2.25699306  1.14976442  2.10562873  2.47993183  0.78988099
   1.7362572   2.1625495   0.71152413  2.28874707  1.26609945  1.47207451
   2.67413187  0.61590368  1.36708868  1.18424189  0.39657855  0.90274292
   2.12671065  1.7651968   1.00401604  1.13196838  1.37978804  2.49911809
   0.63324666  1.20537126  2.59363556  1.16602421  1.59443021  1.16945016
   0.94690931  0.85202324  1.37585008  0.96494031  1.51844072  1.35801995
   1.09954107  2.61428571  1.15422153  1.22010279  0.96933037  1.95906699
   1.13715768  1.37280154  0.83939898  2.31886244  1.36236823  3.77555585
   0.74026036  0.84059423  1.17912197  1.13222384  1.8019985   1.60907745
   1.27305806  1.15137887  1.4062376   1.7402612   3.91426849  2.1519618
   1.75659776  2.89747548  2.23444414  5.93790054  1.3508693   0.71343309
   2.31159472  3.00721121  2.01667476  1.5228852   3.40296197  8.73080063
   1.34816611  0.68775564  2.43790436  1.6405797   1.09975553  1.65234375
   1.7467829   1.27636611  4.06771851  0.87575322  1.8854568   1.23563468
   2.16201663  0.69039309  1.15041888  0.82254106  0.48062265  1.0848918
   1.19142008  1.76482892  0.96500963  4.87767029  3.22098827  0.76546586
   0.23139532  1.47693777  0.77851963  1.16221833  1.60848105  2.0007441
   0.59728485  3.38191962  0.83394408  1.6113956   2.82862473  1.38606989
   2.13682318  1.24504614  1.390172    3.16836548  0.93429995  0.10329477
   1.31598318  1.6103667   1.50590372  1.27855337  1.29930794  1.72593427
   3.72842669  0.95296997  6.29483652  0.93501925  0.92340446  0.64221811
   1.70728016  1.14893138  2.54106784  1.79290712  1.00006127  1.08371651
   2.03118396  1.34563494  2.30764985  1.09891665  1.15770853  0.54640841
   1.11030555  2.36059237  0.59442103  1.5230366   1.22200954  2.08847761
   1.31782353  1.96655607  0.71888828  2.44178748  0.54542494  0.79456556
   1.06203628  0.29042935  0.17556198  1.71921337  1.06669533  1.4346565
   2.94763064  0.65650553  1.412763    0.31834722  1.6206671   1.15073442
   1.13643098  1.69574738  1.60171437  1.45828187  1.67231166  1.37038696
   1.61444759  1.1850549   1.70968759  1.12211907  0.94130129  0.56292975
   1.72100031  0.77569777  1.90086949  2.40454841  1.83336699  0.94149208
   0.49065739  1.35781288  1.51493204  0.98433369  1.05392706  0.90233189
   1.2151221   2.63038683  1.11527467  0.97868645  0.76509041  1.01500726
   0.87359285  0.60921043  0.03704562  2.51690197  1.27547705  0.37245587
   0.95860463  0.27468637  1.86298311  1.59036911  1.04397833  1.23051846
   0.69645554  1.11763549  1.19075811  1.79929781  1.45875156  1.39224088
   0.79524177  1.69569576  1.33435738  1.07592654  1.31123126  1.64066672
   2.07119012  0.73236012  0.27539018  2.20222449  1.74353671  3.68621087
   1.13952065  0.43276846  1.39380586  1.44401145  0.7478931   1.32539868
   1.8366673   2.89582729  1.42734706  1.57056677  0.34590882  2.00083399
   1.74980915  2.05453825  0.59388179  2.07254505  1.44895673  1.04123509
   1.53139091  1.25747347  0.48528689  1.45274639  0.79420114  2.73813272
   1.83562517  1.20144689  1.53141701  1.29206979  2.71114993  1.69088018
   1.262012    1.26520598  0.89859003  1.79581153  0.65597564  0.9650659
   3.34785485  0.72036135  0.37410185  1.71436477  1.2608943   1.81300342
   1.21555674  1.28221405  2.60534501  2.75903749  3.40272093  1.30922925
   0.38368124  0.528337    0.88248271  1.62112641  1.09665251  3.59198594
   1.47017992  2.46009374  1.79757428  1.71779883  0.51572233  2.10900712
   2.1559999   1.6205194   2.29246593  1.74763322  1.00922394  0.74495202
   2.10345602  1.85428667  1.3263092   2.34079814  1.96905792  1.80966091
   1.29349351  1.92791855  0.8533985   1.0134784   1.04380083  1.67368221
   7.49668121  1.81728542  2.1976099   2.60808468  1.10888481  1.76474345
   0.99456853  1.21859992  1.78885329  0.56981879  1.03656435  0.99879384
   2.06413984 -0.01157856  1.30660498  0.94522774  1.54155517  2.62028837
   1.88384354  1.37140548  1.22045195  1.54466331  0.75151759  0.864501
   1.24666631  1.45473051  3.63964438  1.19155216  0.97260058  0.43567866
   1.26058292  3.56405091  1.64287889  0.59135652  0.86527866  4.58752823
   1.16337109  0.83367229  3.04021239  0.35679752  0.61561769  0.38803443
   1.35744762  2.04543519  0.11522457  0.6658361   0.43896201  2.27739978
   0.91418254  1.04036093  0.87869263  0.81349164  1.97089839  0.91447771
   2.26039076  1.56908512  1.19721913  1.31775796  1.88562095  1.45889127
   2.77749538  1.83165073  1.21544027  0.66357213  0.42245647  1.33293009
   0.77884036  1.84985518  1.78670406  1.38139164  1.07712209  1.28624618
   1.12146413  2.52873874
