 1.34143794  1.57379484  2.70015383  2.33689904  1.82839215  2.77457476
   1.54568648  1.7659533   0.83489275  0.75098139  1.58406293  2.02922583
   0.59107733  1.31904531  7.66516781  1.29645908  1.86831415  0.83958846
   0.469284    1.55516171  1.44887578  1.48827636  1.62505007  2.01929259
   0.48766443  0.94982862  1.66148257  0.15718628  0.55329973  0.9907676
   1.1545341   2.14919543  0.47433686  0.79903001  0.74723643  0.93860221
   5.26179409  1.38965726  2.17695856  2.53276229  3.12646842  1.36989236
   2.30071902  1.17925835  0.64228636  0.97056472  1.38353658  1.43761039
   0.50507528  1.41728008  2.14890003  4.25927019  0.50635284  0.98102486
   1.52689469  1.76909184  1.1483165   0.77084786  1.50122833  2.70192695
   2.75268626  0.82350606  2.44720769  1.25420344  1.62336326  0.46187508
   1.39822757  1.74156725  1.23792505  1.17032421  0.50105411  2.96961713
   0.8021248   0.06370508  0.71378917  1.25009823  1.03168988  0.75544268
   5.10595942  0.69576859  1.70335913  1.07901216  2.19099832  2.70209646
   0.90858001  0.84505647  0.71994615  4.22279119  1.4364996   1.32273126
   2.31563401  3.15900779  1.63988948  0.78937626  2.80576301  2.66988945
   1.51120043  2.50563741  1.06349051  1.09011257  2.46860671  1.45797503
   0.66797334  2.82464051  2.49380827  1.80224121  0.87044132  2.06863332
   2.02924943  1.08789158  0.76687205  1.08337367  1.64235055  1.68914628
   1.58179283  1.07059205  0.68428379  1.46649063  1.3444947   2.19002461
   0.49180093  0.57824069  1.22178042  2.98647976  2.22073674  1.6849705
   1.64323163  1.15725243  1.70128012  1.36166739  1.10655928  1.34550607
   0.91495329  1.11379552  0.97926039  2.47950888  0.56533152  1.09497893
   0.54253864  2.48515534  0.82058728  1.35810792  2.53904653  0.94572318
   2.38418961  2.21478367  0.65726298  2.32275033  1.17692637  0.90160251
   2.44235492  0.41614428  1.99801922  1.43797874  0.5111928   0.97449589
   2.05221343  1.73557937  1.31522703  1.51763678  1.46799994  2.49721742
   0.49361235  1.21324897  3.05664039  1.088992    2.13995171  1.19352937
   0.81405789  1.15497243  1.09933376  0.87066948  0.79938322  1.28800833
   0.74267954  1.78547907  1.22032177  1.64543486  1.1672219   2.11996365
   1.25303793  1.77933204  0.72442687  1.95556331  1.39643562  4.00848341
   0.8263061   0.93286955  1.18999696  1.4112246   1.35773969  1.7227788
   2.14743328  1.14532793  1.50658035  2.16009688  4.31992054  2.33724332
   1.87364686  2.11031532  1.80660141  6.77060652  1.38625276  1.05211246
   1.22688222  2.55345225  2.02456784  1.26467931  3.6444447   7.96747589
   1.94886661  1.07628787  2.39477515  1.19886601  0.76165789  1.89280045
   1.25347376  1.2873944   4.11646605  1.15366113  1.97659457  1.38489807
   1.69759834  0.89461505  1.18433607  0.94398868  1.12076509  2.04254961
   1.27232456  2.38658404  1.17280471  5.93805361  3.73403835  1.75151682
   0.43237689  1.0813849   1.13744569  1.86953521  2.14931607  1.93375254
   0.82236063  4.43144608  1.13173437  2.17964721  3.5360837   1.57842147
   1.74487126  2.58859062  1.2385757   2.3974185   1.26984262  0.09097518
   2.04071903  1.71005571  1.19679284  2.23746872  0.78200811  2.14467525
   3.71658206  0.93570668  5.34674406  0.97014129  1.28558576  0.78187299
   1.38285697  1.83048642  3.25346684  1.84941828  1.49628413  1.50850117
   1.69086301  1.76158118  2.24233317  1.19911075  1.24143362  0.41657928
   1.45449531  2.16634107  0.79200286  1.50674212  0.71672916  1.78404689
   1.19610441  1.31393385  0.57266706  2.76869845  0.65048367  1.05404127
   0.9861728   0.62679458  0.33361113  1.35012388  1.3429414   1.53884351
   3.19117475  0.45097157  1.0137372   0.292705    1.44097984  0.70393968
   0.7837013   1.88021708  1.85751987  1.71811712  2.36726046  1.6928829
   0.79334122  1.6457479   1.82785237  1.11446488  1.68721592  0.4295359
   1.72768092  1.36520553  1.92800391  2.44361019  1.90536094  1.07340336
   0.65279484  1.91069055  1.21114111  1.00332475  0.84174812  1.28727245
   1.12093592  2.63887906  1.06999171  0.90068883  1.13109148  1.28260112
   1.63342023  1.05581391 -0.03309197  2.34603071  1.29755962  0.19264263
   1.72036123  0.47525048  1.59572029  1.33328807  1.05448067  1.12628949
   0.22619487  0.78873092  1.50245857  1.15290403  1.19290817  1.53692603
   1.53702664  2.00739288  1.46370399  1.31829846  2.44227767  2.80444622
   2.48969841  0.7521615   0.32941234  2.19222736  1.17752635  3.15490913
   1.32820737  0.36841443  1.68696129  1.91142142  1.06568682  1.47360659
   1.70402706  2.54043531  1.5124799   2.03540134  0.54182684  2.01494431
   1.86309469  2.83482671  0.87152219  1.52076292  1.51573718  1.46910119
   1.42790878  1.58598888  0.72559875  1.84483051  0.65344781  3.39282465
   1.61427319  0.9919517   1.76094675  1.415712    2.90406704  1.33364105
   1.65579617  1.07071972  1.17566729  2.38440895  0.66836137  1.47180152
   2.71527743  0.75068712  0.58469629  1.75613177  1.12675548  1.93785691
   2.13145447  0.97020298  3.92316341  2.73494577  3.68773007  1.46570683
   0.72644848  1.58455026  0.89513284  1.45845199  1.24244547  3.84395337
   0.98856032  2.10664129  2.15578938  2.17879152  0.34947005  2.96241069
   1.89106262  1.42928314  2.19464779  1.5696075   1.01013899  0.79034668
   1.99817944  2.1369288   1.42477965  2.14399743  2.21424794  1.91172326
   1.51394641  2.12480712  0.85143393  1.08682799  0.96624064  1.5882808
   6.95416021  1.37980688  2.30549359  2.0371151   1.40848732  2.25405288
   1.20695412  1.06831121  1.06669247  0.89970064  1.65031874  1.13951671
   1.68031728 -0.03331695  1.30305767  0.95353627  1.22181833  2.88253427
   2.33430386  1.38730752  1.63626051  0.49715844  0.80636722  1.54369545
   1.35778785  1.25855422  3.79380536  1.09161353  0.65566254  0.46314025
   1.87281728  3.01322985  1.43055773  0.71861964  1.07998478  5.13478613
   1.52389252  0.72298628  3.108253   -0.02913306  0.71103573  0.66024679
   1.63881254  3.82284117  0.26830336  0.76633435  0.98412758  2.36485934
   0.74419719  0.83384734  0.83256519  0.72088856  1.35507476  0.54358733
   1.85105395  1.92547762  0.18688053  1.2072295   1.41813362  2.34012341
   2.44999576  1.99386585  1.28447473  0.67901599  0.76547855  3.12066603
   1.18218446  2.3936491   1.5759151   1.12917459  1.22022855  1.10421133
   0.56365871  2.16759038
