  1.06482625e+00   1.67745078e+00   3.49980712e+00   2.73819876e+00
    1.38711429e+00   2.38725829e+00   1.29836261e+00   1.49135935e+00
    9.50259447e-01   6.76171064e-01   1.88070953e+00   2.01823831e+00
    1.94564059e-01   1.41961873e+00   6.18939495e+00   1.22326410e+00
    2.30837798e+00   6.08252525e-01   5.40896416e-01   1.46316063e+00
    1.96465099e+00   1.40159166e+00   2.05834103e+00   1.81786168e+00
    2.02738404e+00   8.44848812e-01   2.35465622e+00   6.22240663e-01
    3.17265630e-01   5.16234636e-01   7.71640241e-01   1.66715419e+00
    5.42326093e-01   8.93741071e-01   5.47405303e-01   1.50368559e+00
    4.44454718e+00   1.48881352e+00   3.62852335e+00   2.13395452e+00
    3.06017733e+00   1.30214286e+00   2.44957089e+00   1.08150196e+00
    6.49800241e-01   1.36543357e+00   1.04253376e+00   1.61959469e+00
    1.13936806e+00   1.32382858e+00   2.18978858e+00   4.65521288e+00
    2.70339608e-01   7.85836101e-01   1.73403418e+00   1.67147994e+00
    1.60471451e+00   1.00872052e+00   1.85180962e+00   2.43881011e+00
    1.83409834e+00   1.22936845e+00   2.13378263e+00   2.02959800e+00
    1.19445360e+00   6.01882517e-01   1.43648696e+00   1.72459614e+00
    8.93868983e-01   2.43572211e+00   1.15450120e+00   2.72722650e+00
    4.26455110e-01   6.77199066e-02   1.93441585e-01   1.55193388e+00
    9.86341834e-01   1.23192406e+00   4.62158298e+00   7.98840642e-01
    1.85659170e+00   1.02898204e+00   1.81974602e+00   2.67293620e+00
    6.44787431e-01   7.33800352e-01   8.63847971e-01   3.79719996e+00
    1.04183125e+00   1.98396361e+00   2.04284477e+00   2.61688328e+00
    1.71016693e+00   9.76529121e-01   2.61665416e+00   2.31629419e+00
    1.70733595e+00   2.61171937e+00   1.24881995e+00   1.89512849e+00
    1.98617005e+00   1.93709731e+00   5.52311659e-01   2.65202141e+00
    2.13940430e+00   1.76089454e+00   5.13462365e-01   2.56228709e+00
    1.81813860e+00   1.34367514e+00   4.14790094e-01   8.40733528e-01
    1.61007488e+00   1.66575348e+00   1.47156370e+00   7.22010970e-01
    5.27090549e-01   2.07202506e+00   1.48051643e+00   3.18206668e+00
    6.00310802e-01   3.97989690e-01   1.35960829e+00   2.42176700e+00
    2.07415676e+00   2.06674933e+00   1.09799278e+00   7.18737841e-01
    1.45284426e+00   1.40389872e+00   1.07922173e+00   1.58907568e+00
    9.65941966e-01   7.90077567e-01   5.25417209e-01   1.93891418e+00
    5.22525728e-01   6.56327188e-01   2.91415870e-01   2.05074644e+00
    1.41041481e+00   1.10122240e+00   2.76791286e+00   1.08374929e+00
    1.97971213e+00   2.23360467e+00   1.97612688e-01   2.44586992e+00
    1.22910357e+00   1.66692197e+00   2.70672393e+00   2.44443417e-01
    1.64721966e+00   1.36712027e+00   7.33109534e-01   8.75073731e-01
    1.73198533e+00   1.70223331e+00   1.39757550e+00   2.03828454e+00
    1.18333471e+00   2.42549872e+00   7.66676605e-01   1.28912556e+00
    2.69986820e+00   1.13880038e+00   1.79866707e+00   1.12427056e+00
    7.44848609e-01   1.07316089e+00   1.35398996e+00   4.96914208e-01
    1.34697366e+00   1.85134685e+00   7.53049791e-01   1.84843731e+00
    8.67304206e-01   9.57334340e-01   1.20268285e+00   2.04217672e+00
    9.64626193e-01   1.41972685e+00   6.22534454e-01   1.85753036e+00
    1.06930161e+00   3.68083739e+00   3.25226903e-01   1.09578466e+00
    1.25667894e+00   1.18783224e+00   1.22991812e+00   1.13600731e+00
    1.07842910e+00   1.14772689e+00   1.24004841e+00   1.89152408e+00
    4.04887867e+00   1.95828497e+00   1.65360606e+00   2.58752489e+00
    1.91339028e+00   6.71650839e+00   1.35804760e+00   7.20513105e-01
    2.28692889e+00   2.73450685e+00   1.95811498e+00   1.57008052e+00
    3.60264230e+00   8.12128258e+00   1.31612468e+00   7.75804579e-01
    1.38740516e+00   1.35907483e+00   8.87775838e-01   1.96089220e+00
    1.83224869e+00   1.31594050e+00   4.06443596e+00   5.55272996e-01
    1.84166813e+00   1.28829110e+00   1.98216212e+00   1.02602804e+00
    1.30132020e+00   1.55988848e+00   7.39886701e-01   1.24974954e+00
    9.36792612e-01   1.85760701e+00   9.59784210e-01   5.15479708e+00
    2.93855929e+00   8.08119118e-01   8.61737013e-01   1.80294847e+00
    9.79388714e-01   1.57518029e+00   1.81984687e+00   1.88645458e+00
    4.98308331e-01   4.17433071e+00   1.16055179e+00   1.81167436e+00
    2.98134637e+00   1.23801804e+00   2.13926101e+00   2.06843209e+00
    1.00635517e+00   2.36063814e+00   1.24748302e+00  -3.28933494e-03
    1.78698194e+00   2.80561924e+00   8.54621470e-01   2.34865284e+00
    1.40619588e+00   1.90798926e+00   3.32036757e+00   1.00574648e+00
    5.23496962e+00   5.08072376e-01   1.72343087e+00   5.96835911e-01
    1.44846904e+00   1.96066403e+00   1.95689154e+00   1.68877709e+00
    1.01732767e+00   1.11967707e+00   2.21989775e+00   8.75427425e-01
    1.77978885e+00   1.24867737e+00   1.28875792e+00   4.81717587e-01
    1.37846148e+00   2.32586074e+00   6.93633616e-01   1.44053006e+00
    9.64853525e-01   1.51533425e+00   1.35465419e+00   1.49589837e+00
    3.32709342e-01   2.21438742e+00   3.17421019e-01   8.26629817e-01
    1.15598059e+00   6.64542019e-01   8.67858171e-01   1.92872798e+00
    1.17433429e+00   1.47033727e+00   3.15183997e+00   3.58317614e-01
    8.44980419e-01   5.87489128e-01   2.24269986e+00   3.94076645e-01
    4.26890552e-01   1.71141982e+00   1.57632661e+00   2.70441771e+00
    1.69125295e+00   2.53928208e+00   1.36000097e+00   1.40827394e+00
    1.19889283e+00   9.82903481e-01   8.36925507e-01   4.15986449e-01
    1.77163827e+00   1.16046989e+00   2.08154035e+00   3.03913713e+00
    1.44597220e+00   1.13020134e+00   4.14636254e-01   9.52795684e-01
    1.81388295e+00   9.24519360e-01   9.35086966e-01   6.32375598e-01
    2.12477899e+00   2.24410248e+00   1.07656360e+00   9.53695178e-01
    1.82826769e+00   7.87817538e-01   1.54293621e+00   1.09399450e+00
    3.50447029e-01   2.55562663e+00   1.36651409e+00   3.53614390e-01
    1.14336765e+00   2.19143066e-03   1.40587234e+00   1.56527364e+00
    1.07008839e+00   7.88397610e-01   2.09805265e-01   8.45960021e-01
    1.49632335e+00   1.41165841e+00   1.00794220e+00   1.43028891e+00
    1.32122421e+00   1.49374974e+00   1.62515306e+00   1.38518643e+00
    1.57367086e+00   2.20417094e+00   2.21957397e+00   3.04739743e-01
    7.73422003e-01   1.68134069e+00   1.02703011e+00   3.43085122e+00
    1.17853856e+00   1.81925988e+00   1.25220251e+00   7.92344928e-01
    5.05482316e-01   1.33610713e+00   1.61304140e+00   3.19967484e+00
    1.41419947e+00   1.90781522e+00   4.54243839e-01   1.88732171e+00
    1.92727482e+00   2.65289593e+00   8.27380002e-01   2.29914880e+00
    1.05209482e+00   9.40477729e-01   2.44323850e+00   1.39782035e+00
    3.02790940e-01   1.73293281e+00   9.67638433e-01   2.86509013e+00
    1.71510804e+00   1.57373178e+00   1.65385270e+00   1.48974395e+00
    2.42797852e+00   2.02022529e+00   1.91000509e+00   1.04470015e+00
    9.99847233e-01   2.46063805e+00   4.19751257e-01   9.73764300e-01
    2.77081800e+00   4.84205723e-01   7.98159063e-01   2.20620537e+00
    8.13688099e-01   1.95434821e+00   1.63888359e+00   1.37174141e+00
    3.11387253e+00   2.65405416e+00   3.67776322e+00   9.82599556e-01
    3.16503733e-01   7.92635083e-01   9.22680855e-01   2.13651133e+00
    7.80492485e-01   2.91179037e+00   8.98379028e-01   1.96936858e+00
    1.93023264e+00   2.18643212e+00   2.56487072e-01   2.29747820e+00
    1.56086934e+00   1.35172439e+00   2.00544643e+00   1.42763841e+00
    1.59269822e+00   1.03973782e+00   2.12435412e+00   1.61718094e+00
    1.09102654e+00   1.90672255e+00   3.01438737e+00   1.81614733e+00
    1.99100304e+00   1.69345820e+00   9.56563592e-01   1.14717209e+00
    1.46112418e+00   1.35897911e+00   7.21760130e+00   1.66258490e+00
    1.61905611e+00   2.08844948e+00   1.70019877e+00   2.03912640e+00
    1.57209849e+00   9.97648180e-01   1.07007432e+00   1.74834108e+00
    1.33181024e+00   1.00628459e+00   1.63487220e+00   3.58115695e-02
    1.33702004e+00   5.77183485e-01   1.33757067e+00   2.51861525e+00
    2.17617893e+00   1.27506745e+00   9.53839362e-01   9.27269995e-01
    3.21240097e-01   1.23580480e+00   1.05701423e+00   1.45141220e+00
    2.94378567e+00   7.54557550e-01   5.14076412e-01   3.16301286e-01
    1.31225204e+00   2.91707397e+00   1.18864107e+00   3.81357491e-01
    8.93856585e-01   4.30770683e+00   1.13124192e+00   9.71666217e-01
    3.91793633e+00   1.40074253e-01   5.72495878e-01   7.13539004e-01
    1.50490999e+00   2.90563202e+00  -2.34583411e-02   7.60750234e-01
    7.93824911e-01   2.25734806e+00   5.52387774e-01   9.01806116e-01
    7.44582593e-01   7.40259588e-01   1.87636590e+00   7.54222453e-01
    2.13581443e+00   1.40146184e+00   2.83543617e-01   1.19264078e+00
    1.85462809e+00   1.28575158e+00   2.07801557e+00   2.36924314e+00
    1.25159788e+00   3.18828166e-01   5.55544615e-01   2.40603995e+00
    1.15647185e+00   2.63574576e+00   1.62505960e+00   1.04145360e+00
    9.53155577e-01   1.20411623e+00   7.08429098e-01   4.14096642e+00
