 0.82810342  1.09792101  3.04507303  2.75812554  1.51584268  2.0908432
   1.01729655  1.32884419  0.73086745  1.10004771  1.44611371  1.47489345
   0.22316363  0.97876447  7.36994696  1.37282181  1.47741663  0.73667055
   0.87317699  1.45983422  1.27046156  1.38190675  1.52844441  1.68701744
   2.03756666  1.17416489  2.7035675   0.44491002  0.85959691  1.12132609
   1.0920099   1.65126979  0.82890332  0.76547617  0.87347114  0.97798079
   4.33965397  1.54517043  2.79479837  1.838148    2.20073652  0.86244494
   1.36657727  0.98576289  0.82721651  0.68450123  1.18975186  1.60375035
   0.52970988  1.74697948  2.15363526  4.56202841  0.32681885  0.86383337
   1.41516399  1.84198928  1.22871649  0.90625125  1.62597263  2.06864691
   2.2748251   0.88909835  1.26267946  1.23957944  1.19337392  0.8909685
   1.22986305  1.9262495   0.99794424  1.95120883  0.96476841  2.90827322
   1.12395334 -0.01692642  0.23083356  0.58351332  0.53093672  0.89701915
   4.80806017  0.86493462  1.49812615  1.12590992  1.84680438  2.55032706
   0.48493692  1.28577006  0.44454089  3.69696093  0.84646004  2.16567659
   2.60056925  2.11470389  1.52850437  1.07289398  2.59324574  2.35083413
   2.57614398  2.19194579  1.14278901  1.43701649  2.05272651  1.69332218
   0.59897441  2.08781338  2.1751368   2.19289064  0.99938267  1.55285299
   1.19384754  1.48683071  0.83913672  0.96128976  1.51467776  1.65781212
   1.21650851  1.01643908  0.72471768  1.68528032  1.65942144  2.1507473
   0.42611256  0.52642679  1.51710641  2.6009984   2.51430821  4.19161177
   0.98422492  1.66590309  1.15184283  1.5236299   0.99828005  1.62397861
   1.17455077  0.94028711  0.85023874  2.46266031  0.82500225  0.84853876
   0.41958189  1.95898521  1.02361739  1.64907742  2.75791931  0.94912684
   2.01286769  1.92922795  0.2919834   2.08766031  1.3735671   0.65629631
   2.29456782  0.7018491   1.67931485  1.10364187  1.05002642  1.071666
   1.66834557  1.71713185  1.2448132   2.21140981  1.27207088  2.46601009
   0.98471028  1.0261941   2.98617673  1.15522373  1.47454369  1.20051062
   0.49610224  0.93663269  0.7181046   0.58523488  0.5846414   1.34238267
   0.67005914  1.49472058  0.69213027  1.57246256  1.07811964  2.18773818
   1.0949173   1.38261056  0.7304045   1.76655281  0.8234337   2.98521566
   0.37799323  0.9223935   1.17579973  1.39819717  1.04613113  1.97769523
   1.01954556  1.31319237  1.69029462  1.4701519   3.32010841  2.79896641
   1.76128817  1.5856849   1.85417807  6.15490246  1.29498565  1.74048531
   1.39909244  2.40637565  1.93485355  0.87374949  3.144557    7.1036191
   1.74354875  0.80193371  1.71802366  1.50448036  0.80132443  2.09870672
   1.13158977  1.25864172  3.02269316  0.50410008  1.66414177  1.58031178
   2.06870627  0.81112605  0.87417275  1.46181405  0.42752612  1.52569485
   1.09418988  2.20544362  1.11448574  5.34386778  2.65716434  0.62863702
   0.54255372  1.15309548  0.87205088  1.86235988  2.0774157   1.44790936
   0.42235249  5.54545975  1.02094483  1.72512043  2.42943287  1.84565425
   1.34359813  2.13583946  0.85774142  1.85986459  0.71066314  0.48970312
   1.67702222  2.4297421   0.81517565  2.19434953  0.45395365  2.25841117
   3.49437881  0.65047485  5.06013441  0.52617878  1.60213614  0.84682411
   2.25160289  2.03704596  2.08706355  1.51542866  0.85197121  1.77224839
   2.06685352  1.21912038  1.99263823  1.56712973  1.28476024  0.48319173
   1.19607103  1.46668482  1.00021791  1.79630578  1.40442789  1.34457684
   1.15442586  1.45854521  0.18027388  2.1526978   0.46892411  1.76408076
   0.8908273   0.13506165  0.55394256  1.16424036  1.4416604   1.47990692
   3.73317361  0.79701895  0.80721313  0.52992868  2.27910399  0.61076742
   0.18766528  1.44016075  1.67925477  2.46226215  0.8116135   2.8348639
   1.67917395  1.69070995  1.16669416  1.08252656  0.78845614  0.90567493
   1.20746446  1.36750662  1.31147671  2.17491817  1.66323555  0.62182856
   0.70880067  1.69066644  0.89986354  1.12727153  1.00107062  0.84989089
   2.58790636  1.92467988  0.96651304  1.26381397  1.66980672  0.97228485
   2.29440713  0.5691911   0.31064048  2.48560047  1.40827978  0.26915285
   1.30124676  0.2562001   1.34474337  1.41490662  0.954638    1.01108479
   0.1349642   0.62920481  1.70045447  1.72792017  0.6901136   0.91719919
   1.77176178  1.55626631  1.67776155  1.0005455   1.41078293  2.00883865
   2.72140312  0.31557572  0.73993134  1.71284533  1.70253885  3.16217613
   1.2020663   0.74039376  1.50136077  2.42330146  0.90378374  1.58374381
   1.44883037  2.60087442  1.48335505  2.09222293  0.59562033  2.11369324
   1.91442978  3.07463694  1.06765211  1.75723052  1.37619412  1.30211437
   2.17667675  1.18455017  0.43390122  1.6800338   1.36914587  2.90886879
   1.79962242  1.68272066  1.51270568  1.290061    2.75109816  1.08141434
   1.34454191  0.64300674  0.82320666  2.64016438  0.39718676  1.38647342
   1.79265356  0.26384205  0.84722471  2.30411434  0.68472105  2.03419542
   2.10434771  0.6447643   3.36630964  2.75393867  3.69531202  1.51908422
   0.5518446   1.00024879  1.44793725  1.71524644  0.86448282  2.56395936
   1.39641201  1.70087123  2.13522077  2.11221623  0.54689187  4.00066519
   1.84938908  1.56469095  1.9028734   1.47838891  2.361202    1.10331583
   1.5909065   1.67620337  1.5160296   1.79262543  3.11896276  1.76636064
   2.0732224   1.60628355  0.87880868  0.44096008  2.59537029  1.33632159
   6.15712786  1.77907634  1.73751485  1.53000844  1.0789727   2.49490476
   1.53445029  1.00515032  1.08880484  1.47950184  1.3191545   0.95168459
   1.72137845  0.34285092  1.74852073  0.72943199  1.75065315  2.63977003
   1.89491308  1.11968625  0.98752964  0.72024161  0.4821696   1.52636635
   1.50161564  1.31656134  3.29820323  1.3100853   0.44607222  0.35007396
   1.30752921  3.18608165  0.46483165  0.36692482  0.71815073  4.41025496
   1.27905297  1.55983186  2.78612089 -0.09625743  0.95905006  0.31236786
   1.25521052  3.60871506  0.04057904  0.70266074  0.30628026  2.03316355
   0.30801526  1.11565495  1.26023197  0.73534393  2.0789988   0.56432396
   1.89606285  1.39956915 -0.01316422  1.22926033  2.16550875  2.00597262
   2.21756029  1.75114131  1.24665368  0.2935428   0.44372216  2.7083571
   0.56569171  2.3694942   1.65385616  0.63079357  1.21943128  1.25842369
   0.8141709   2.18333936
