 1.04847336  1.24718869  3.5490396   3.45313358  1.38874686  2.03984952
   0.78111702  1.61038435  1.29212129  1.52216494  1.61385059  1.78692436
   0.34817612  1.45260763  5.10068607  1.22606063  2.48854613  0.69429433
   0.68645948  1.36717045  1.71246254  1.45910335  1.80017555  1.67535925
   2.47203636  0.78404158  3.12235475  0.52006924  0.70751792  0.76249433
   0.75795478  1.98868167  0.50600743  0.3487587   0.84665555  1.51866758
   4.17483568  1.80674696  3.93660164  2.04270411  2.88296437  1.69708598
   2.01220536  0.91318268  0.57619244  1.39942384  1.6882      1.94703841
   0.95147264  1.8780719   2.08869791  4.95439291  0.33018064  0.51986891
   1.53931713  1.68552089  1.23299479  1.01691735  1.88872957  2.75125194
   2.19412184  1.15150273  1.86531866  1.2890656   1.60683501  0.83316213
   1.39919567  1.87702167  0.53562331  2.82578516  0.99437767  3.3382585
   0.55006325  0.03229729  0.83869857  1.07543182  0.64113444  1.45563495
   4.76526165  0.90125507  1.86032343  1.03661036  1.76057756  2.5609653
   0.71387428  1.04802728  0.3679443   4.02290583  0.98906106  1.53860533
   2.29732418  2.23607516  1.42591405  1.15655184  2.44696856  2.08158231
   2.6115272   2.44719124  0.7372992   1.65414405  2.3263278   1.78053069
   0.61840653  2.58365703  2.48099709  1.51596057  1.37204027  2.32664394
   1.23737836  2.08744645  0.72428173  0.8605262   1.89849448  1.62580061
   1.26805067  0.77405554  0.97634965  1.26856172  1.61025965  3.09303236
   0.71748453  0.80849689  1.96395254  2.36192775  2.10059881  4.23377371
   1.02870381  1.26498795  1.57296121  1.44436622  0.99771667  1.90563095
   1.69765556  1.29523885  1.3108741   1.68184578  0.57945621  0.49736068
   0.47381771  2.035079    1.51062608  0.86356002  2.53061461  0.88596296
   1.72895396  2.0829432   0.38637713  2.17289662  1.07854247  1.03908396
   2.14238572  1.06096315  1.94144368  1.18035328  1.30590534  0.99591607
   1.58907878  1.63694155  1.35189915  2.66946936  1.45357156  2.2591753
   1.20920658  1.42133081  2.55542135  1.3119452   1.39132977  1.61154842
   0.70395321  1.09914041  1.38964355  0.43775672  1.01333368  1.83618271
   1.54840231  1.62420034  0.84189755  1.44115555  0.94828349  2.47534466
   1.41981089  1.49341357  1.02697074  1.87853181  1.00839412  3.45329738
   0.80675113  0.7785911   1.17941964  1.09930122  1.41104913  1.32340598
   0.525379    1.21062279  1.8718636   1.11097908  3.7225163   2.60569859
   1.55650103  2.22367406  1.56928766  5.65407419  1.26054716  2.31579375
   1.12786126  2.52366567  2.22412992  1.33115077  3.39612937  7.78383827
   1.21201789  0.76921135  1.41815865  1.7732023   0.96852231  2.03680849
   1.45815969  1.25920916  4.19275713  0.79274333  1.97158563  1.32124424
   1.87057567  0.49250743  0.8630082   1.58583379  0.54566723  1.27906573
   0.66794664  2.08956599  0.80731696  5.35094929  2.48935771  0.49508819
   0.62635344  1.2435627   0.8547107   1.44478405  1.85278451  1.59336472
   0.54082578  3.82767963  1.1795584   1.97152019  2.64850998  1.52446961
   2.39481902  2.03925133  0.78410661  2.57598186  0.88860893  0.66052145
   1.48616135  2.77370906  0.81871802  2.22464561  1.1410017   1.71365643
   3.74590802  0.71769375  5.17664957  0.44340628  2.26830006  0.69253725
   0.83352494  2.19155073  2.22360873  1.59204423  0.80575025  1.91534138
   2.43339014  1.17756593  1.96636331  1.94728494  1.25937796  0.92173177
   1.24494243  2.47837019  0.81236368  2.0469408   0.9423601   1.48502302
   1.20396435  1.7949723   0.66288334  2.14639115  0.37576523  1.44227207
   1.35161316  0.63888967  0.94420838  1.62799346  1.14509845  1.36925685
   4.59421587  0.89954066  0.81663483  0.4155091   3.08799124  0.72007358
   0.35009521  1.58511543  2.12957287  2.71264291  1.08746302  3.16103745
   1.50225055  1.4102869   1.59524441  0.96332669  0.85872358  1.11966312
   2.04265451  1.40448141  1.33660007  2.61620045  2.08010507  1.30410838
   1.10170233  1.14774084  1.01701045  0.94225371  1.04428661  0.87614709
   2.61763048  2.01613402  0.9342761   1.34209466  2.03324151  1.02236974
   1.4203577   0.45908886  0.38590673  2.9668951   1.48153687  0.46009687
   1.46810901  0.25939214  1.75275183  1.40798008  1.11399245  0.72248334
   0.70806319  0.98170209  1.249668    2.03716683  1.19530189  1.07142329
   1.02777183  1.39699852  1.64103746  1.65613198  1.48200095  2.05371737
   1.51342213  0.20207693  1.25701737  1.55331838  2.11087036  3.26327538
   1.23584235  1.21597183  1.16776955  0.66618317  0.75411189  1.13050652
   1.54117239  3.02379394  0.96468121  1.7088418   0.89750397  2.09777546
   1.77101398  2.40156674  0.81968176  2.20205283  1.7138859   0.83676672
   1.61874676  1.67564619  0.28191826  1.7337569   1.99272227  3.37796831
   1.52466989  1.80214822  1.57989168  1.29625428  2.54662895  1.41896462
   1.40871441  0.89091527  0.69542164  2.2827034   0.39519864  1.10000563
   2.42160797  0.41211572  1.3692416   2.10521507  0.6021902   1.8101263
   1.91703355  1.32466161  3.14563107  2.97671509  3.70036197  0.97416312
   0.57610124  0.53196424  1.57782435  1.41340017  0.84500605  2.78787899
   1.81921065  2.04299498  1.96099675  2.04837227  0.67095655  2.00832891
   1.97031426  1.6415205   2.4579649   1.47953808  2.71828318  1.03038573
   1.9831053   1.77038825  1.37375605  1.62504435  4.02458429  1.68605125
   2.72145891  1.3358494   0.89296812  1.09552741  2.37593818  1.37243795
   6.59088039  1.67201078  2.26318979  2.00659847  1.76846111  2.2349143
   1.83684146  0.7570107   1.12849092  1.36017525  1.57389081  1.10945117
   2.08275843 -0.00992839  1.55269325  1.01856196  1.15766752  2.5025301
   1.90450442  1.25375152  0.95648408  1.00202572  0.60182148  1.84364903
   1.7139138   1.17931485  3.35454607  1.42646813  0.50364423  0.17241432
   1.44705915  2.75960636  1.22355676  0.40616345  0.425789    4.42367792
   1.68614483  1.92715788  3.94959974 -0.01742383  0.59212798  0.71722811
   1.16550612  2.97313476  0.11191864  0.62244588  0.90944344  1.95577288
   0.34135395  0.68108368  0.81414735  0.73953569  1.35227084  0.66656959
   1.95563602  0.85628974  0.04180217  0.86162806  2.8415091   1.41118002
   2.37036467  2.17834496  1.19289672  0.65260422  0.40524107  1.97790504
   1.27961493  2.05720019  1.59460521  0.91812587  1.60516846  1.42905474
   0.86656445  3.34779978
