  8.19830179e-01   9.68683243e-01   3.54532218e+00   3.10350823e+00
    1.47305119e+00   1.79890907e+00   5.24925649e-01   1.31901646e+00
    8.98311198e-01   9.55495059e-01   1.58654833e+00   1.38879287e+00
    2.73791477e-02   7.87504971e-01   6.10795498e+00   1.38782549e+00
    1.66042888e+00   8.33032429e-01   5.87417781e-01   1.50513470e+00
    1.68869305e+00   1.41348231e+00   1.42464805e+00   1.83263195e+00
    2.07417583e+00   1.04063404e+00   2.67877245e+00   1.94280967e-01
    6.45876467e-01   8.22422326e-01   7.90044129e-01   1.76499522e+00
    1.01214623e+00   1.24156415e+00   8.23164821e-01   1.01013434e+00
    4.31209326e+00   1.47699332e+00   3.32465482e+00   2.12329698e+00
    2.12006783e+00   8.22333813e-01   1.13449240e+00   9.94440019e-01
    7.27762163e-01   7.29342937e-01   1.45260680e+00   1.89071846e+00
    5.88549554e-01   2.67885041e+00   2.09080553e+00   4.71942472e+00
    3.07995886e-01   6.77033603e-01   1.53286588e+00   1.86531758e+00
    1.05571783e+00   6.41497970e-01   1.99729335e+00   2.78628469e+00
    2.21674967e+00   5.76569676e-01   1.61921477e+00   1.19410694e+00
    1.10089338e+00   6.99792802e-01   1.25445187e+00   1.47795975e+00
    7.78306067e-01   1.83504903e+00   8.82976115e-01   3.46863556e+00
    7.42869854e-01  -2.89577879e-02   3.64970773e-01   4.58478451e-01
    3.14357519e-01   9.10802245e-01   4.74232197e+00   8.80219162e-01
    1.32628393e+00   1.23590851e+00   1.67831457e+00   2.42405367e+00
    4.80676651e-01   1.45203209e+00   3.03587943e-01   3.60384440e+00
    1.20204246e+00   1.77833474e+00   2.12806702e+00   2.35975099e+00
    1.58702159e+00   1.14755678e+00   2.48033619e+00   2.04852772e+00
    2.70402884e+00   2.25312924e+00   6.82806611e-01   1.64807189e+00
    1.78424299e+00   1.79930663e+00   2.03574836e-01   2.36374331e+00
    2.07986212e+00   1.81743515e+00   9.08209264e-01   1.52373946e+00
    9.79083717e-01   1.72529662e+00   9.94273186e-01   8.13723087e-01
    1.37533522e+00   1.66782546e+00   8.69080782e-01   8.59823883e-01
    7.15211034e-01   1.43816149e+00   1.67217100e+00   2.59998202e+00
    6.46072745e-01   4.57093745e-01   1.44607782e+00   2.29799843e+00
    2.32467341e+00   4.24875498e+00   1.46721184e+00   1.19409704e+00
    1.21862853e+00   1.50266683e+00   9.76752460e-01   2.13804507e+00
    8.74972761e-01   8.05784643e-01   7.53242910e-01   1.84086215e+00
    7.32266903e-01   5.49773097e-01   9.71032158e-02   2.08794665e+00
    1.40607202e+00   1.32080686e+00   2.32005405e+00   6.81561291e-01
    1.77438545e+00   2.04786205e+00   4.47492212e-01   1.99206042e+00
    1.20038116e+00   1.49435687e+00   2.25856400e+00   4.48929787e-01
    1.81117952e+00   1.39097750e+00   1.16404784e+00   1.07148564e+00
    1.34916627e+00   1.90859330e+00   1.46154106e+00   1.87224579e+00
    1.40787184e+00   2.43621325e+00   1.18153191e+00   1.22182810e+00
    2.47239828e+00   1.32323265e+00   1.19022000e+00   1.19862831e+00
    5.46290278e-01   9.26270187e-01   1.09263027e+00   4.10928458e-01
    1.11815095e+00   1.50214028e+00   1.34868383e+00   1.71612060e+00
    1.04126751e+00   1.51780927e+00   1.16813707e+00   2.30119514e+00
    8.29331815e-01   1.38019562e+00   7.72680819e-01   1.60978210e+00
    6.41747117e-01   2.73447084e+00   1.78798616e-01   9.30559516e-01
    1.22587752e+00   1.39789498e+00   1.25413430e+00   1.38569498e+00
    8.53427410e-01   1.24341381e+00   1.89382529e+00   1.17192030e+00
    3.11375546e+00   2.25059342e+00   1.70499134e+00   1.67948318e+00
    1.95483577e+00   5.29735518e+00   1.11404872e+00   1.68674648e+00
    1.15868330e+00   2.17372274e+00   2.00979733e+00   7.84318507e-01
    2.87278152e+00   6.43158245e+00   1.15129638e+00   8.09731603e-01
    1.70938253e+00   8.76542985e-01   4.96661812e-01   1.79826009e+00
    1.35942531e+00   1.33980727e+00   3.93746185e+00   6.17831171e-01
    1.78398013e+00   1.52243531e+00   1.93807328e+00   5.38056910e-01
    8.22866619e-01   1.53553820e+00   2.95076728e-01   1.55584776e+00
    6.88283503e-01   2.15074897e+00   1.23065627e+00   4.59218121e+00
    2.57862043e+00   7.16763973e-01   8.05435896e-01   1.57117379e+00
    6.65344000e-01   1.82609367e+00   2.33529568e+00   1.74402702e+00
    3.22638005e-01   4.98370838e+00   1.07054651e+00   1.66124153e+00
    2.69105911e+00   1.46491528e+00   1.64282191e+00   2.14988685e+00
    7.18987465e-01   1.94299328e+00   8.33857238e-01   9.88836884e-02
    1.59154797e+00   2.49639440e+00   6.40430987e-01   2.08017111e+00
    3.54035288e-01   1.94187236e+00   3.31179500e+00   4.44973826e-01
    4.40079546e+00   3.24518055e-01   1.85123086e+00   9.29133773e-01
    1.61224854e+00   2.30348992e+00   1.96740758e+00   1.70289028e+00
    9.25075769e-01   2.02533817e+00   2.23572564e+00   1.08514118e+00
    1.66148996e+00   1.69362891e+00   9.32705343e-01   4.93040144e-01
    1.23833477e+00   1.80439794e+00   8.65153849e-01   1.76757348e+00
    8.44482899e-01   1.15645015e+00   1.11481512e+00   1.76601243e+00
    1.70441166e-01   1.84612191e+00   2.59554595e-01   1.06552315e+00
    6.90200150e-01   2.00956345e-01   1.00269854e+00   1.09057271e+00
    1.36683524e+00   1.38282359e+00   3.89743495e+00   3.48581612e-01
    7.39578128e-01   3.46871376e-01   3.42497730e+00   5.81409454e-01
    1.98419556e-01   1.49253726e+00   1.59491992e+00   2.77930737e+00
    8.13452184e-01   3.34720850e+00   1.68912005e+00   1.62201607e+00
    1.06522989e+00   8.77510786e-01   6.68597043e-01   9.50631976e-01
    2.07491088e+00   1.35879540e+00   1.10131037e+00   2.52937055e+00
    2.01321793e+00   8.48468840e-01   7.10639656e-01   1.54184902e+00
    6.85299754e-01   1.07108235e+00   9.53864813e-01   1.12711155e+00
    2.50563121e+00   1.84127808e+00   1.05006814e+00   1.39838278e+00
    1.31117773e+00   8.14706743e-01   1.26185203e+00   3.56925696e-01
    4.27650958e-01   2.88871408e+00   1.34432542e+00  -9.75383073e-03
    1.30550635e+00   3.15182745e-01   1.58214509e+00   1.17199218e+00
    9.24515605e-01   4.67503041e-01   4.51779962e-01   6.69597268e-01
    1.53449035e+00   1.57335544e+00   5.27402937e-01   8.53147924e-01
    1.27483463e+00   1.20214713e+00   1.94563675e+00   1.14900780e+00
    1.24530339e+00   2.23639822e+00   2.23586202e+00   4.24127765e-02
    1.17446804e+00   1.51386690e+00   1.73195112e+00   2.97532153e+00
    9.75148261e-01   9.41332281e-01   1.38439548e+00   1.43403804e+00
    6.95596874e-01   1.22269213e+00   1.33909273e+00   2.56336832e+00
    1.34396803e+00   1.82857478e+00   5.57009101e-01   2.11018348e+00
    1.78196263e+00   2.89992356e+00   9.51360524e-01   1.50672984e+00
    1.69083703e+00   8.71096373e-01   1.95034051e+00   1.03783703e+00
    3.20944071e-01   1.71273077e+00   1.05382657e+00   2.83403039e+00
    1.50201333e+00   2.05424881e+00   1.61407363e+00   1.31245553e+00
    2.80606389e+00   1.14050162e+00   1.59274817e+00   4.12150502e-01
    8.15062523e-01   2.20659375e+00   2.94048727e-01   1.75991583e+00
    2.16446233e+00   2.72800773e-01   6.31492674e-01   1.86734021e+00
    4.04548675e-01   1.94653392e+00   2.48969746e+00   9.07906651e-01
    3.84359670e+00   2.16416168e+00   3.60855246e+00   8.58094275e-01
    3.91329348e-01   8.61456513e-01   1.97970521e+00   1.87628758e+00
    7.96071827e-01   2.51190686e+00   1.42647541e+00   2.04101872e+00
    1.92984760e+00   2.09187984e+00   6.01618290e-01   3.54858828e+00
    1.49051356e+00   1.23663664e+00   1.59403217e+00   1.08971226e+00
    3.02525139e+00   1.14997005e+00   1.68170416e+00   1.79539740e+00
    1.66642201e+00   1.55054820e+00   2.91177154e+00   1.83728004e+00
    2.61524010e+00   1.31762290e+00   8.88839304e-01   7.17254221e-01
    2.25578928e+00   1.37464106e+00   5.99340725e+00   1.68019092e+00
    2.02777338e+00   1.38111842e+00   1.28732049e+00   2.25513983e+00
    1.11878788e+00   5.35293341e-01   1.13880408e+00   1.33666909e+00
    1.34900391e+00   9.36542273e-01   1.20148504e+00   1.00397602e-01
    1.41701961e+00   9.89924610e-01   1.55357170e+00   2.72071767e+00
    1.79287314e+00   1.16559649e+00   1.15340579e+00   7.85507798e-01
    4.18026298e-01   1.78017056e+00   1.54552996e+00   1.04665470e+00
    3.00521517e+00   9.84420180e-01   3.66658956e-01   2.74619550e-01
    1.04743767e+00   2.96020865e+00   7.38201439e-01   4.22208786e-01
    7.91386664e-01   4.16300774e+00   1.10162568e+00   1.28473544e+00
    3.07401729e+00  -8.61992612e-02   7.88070560e-01   5.38887918e-01
    1.05199385e+00   3.70427370e+00  -1.68348197e-03   3.01389635e-01
    5.58703899e-01   1.87960780e+00   2.51879096e-01   1.37075806e+00
    1.31146169e+00   7.73018241e-01   1.75314033e+00   6.21424735e-01
    2.07851744e+00   1.42482078e+00   4.77145612e-02   9.12624657e-01
    2.22728348e+00   1.43628216e+00   2.56170654e+00   1.77741981e+00
    1.20027578e+00   1.17552362e-01   1.74466088e-01   2.54926777e+00
    5.08628070e-01   2.22159028e+00   1.62961328e+00   5.38152695e-01
    9.09478366e-01   1.42053199e+00   6.50080502e-01   2.98241401e+00
