  7.44538903e-01   1.27467000e+00   3.40942597e+00   2.49466443e+00
    1.55990350e+00   1.23124754e+00   9.06933069e-01   1.10106194e+00
    8.86339009e-01   4.19330299e-01   1.28004062e+00   1.33779001e+00
    1.98935755e-02   7.65680552e-01   6.23373032e+00   1.25999498e+00
    2.16169548e+00   9.26080048e-01   5.35279214e-01   1.39305568e+00
    1.55946350e+00   1.27458763e+00   1.50949204e+00   1.39563692e+00
    2.04634619e+00   1.11641228e+00   2.87825775e+00   3.58388096e-01
    4.91836607e-01   7.25849211e-01   7.77956426e-01   1.71484244e+00
    9.43212688e-01   6.95176005e-01   8.24020982e-01   8.19457173e-01
    4.15637589e+00   1.28504372e+00   3.38461590e+00   1.62273717e+00
    1.47537994e+00   9.29078400e-01   1.79904187e+00   8.85516286e-01
    8.75370562e-01   7.05838561e-01   1.13948655e+00   1.50852609e+00
    5.82155764e-01   3.15063715e+00   2.03581452e+00   4.75172806e+00
    3.81744355e-01   5.43757379e-01   1.59313333e+00   2.03458905e+00
    1.18610168e+00   6.41120434e-01   2.04045844e+00   2.01131463e+00
    2.11090064e+00   1.32297254e+00   1.96239424e+00   1.00361538e+00
    1.23508203e+00   7.49207675e-01   1.30614662e+00   2.02282166e+00
    1.47762084e+00   1.64771020e+00   7.05043674e-01   3.08698964e+00
    9.89905715e-01  -4.62695584e-02   1.64943084e-01   1.41453540e+00
    5.52477948e-02   8.36764336e-01   5.01760817e+00   1.00661528e+00
    1.17667675e+00   1.12479711e+00   1.38712406e+00   2.18553138e+00
    8.81789625e-01   1.34189796e+00   3.80965233e-01   3.93767858e+00
    1.14546967e+00   1.79686666e+00   2.40494418e+00   2.41971612e+00
    1.02563095e+00   1.16940069e+00   2.39168024e+00   2.20735765e+00
    2.44828629e+00   2.51267672e+00   6.13804519e-01   1.50680983e+00
    1.69730234e+00   1.91964412e+00   5.20867715e-03   2.25026894e+00
    9.35959578e-01   1.75318003e+00   1.10249209e+00   1.68382144e+00
    8.23688805e-01   1.33457792e+00   1.00322473e+00   9.74108160e-01
    1.48003912e+00   1.57197714e+00   6.87585473e-01   9.63880777e-01
    5.66474438e-01   1.47465968e+00   1.40667510e+00   3.16831088e+00
    8.23560894e-01   9.72719908e-01   1.42268324e+00   1.31485438e+00
    2.62087846e+00   3.79699397e+00   1.26987159e+00   1.30412447e+00
    6.15820885e-01   1.52681923e+00   8.22007179e-01   2.51123619e+00
    5.83398223e-01   1.04508841e+00   7.62557685e-01   2.20191121e+00
    7.86116540e-01   4.86354500e-01   1.31141707e-01   2.08371735e+00
    1.34422839e+00   1.28788435e+00   1.96274078e+00   3.54579628e-01
    1.52841187e+00   1.78195667e+00  -1.19503988e-04   1.74695647e+00
    1.45019388e+00   8.73282373e-01   1.80235422e+00   3.25897753e-01
    1.48143578e+00   1.19874060e+00   1.23733258e+00   1.34985518e+00
    1.49309111e+00   1.88314176e+00   1.29992986e+00   3.03414917e+00
    1.21761537e+00   2.37448764e+00   7.27005064e-01   1.23318386e+00
    2.64399981e+00   1.06545722e+00   1.12866211e+00   9.21360910e-01
    6.55408263e-01   6.89167738e-01   7.95907199e-01   3.30863446e-01
    1.02485144e+00   1.34019494e+00   1.04999602e+00   1.81165826e+00
    1.00154388e+00   1.25141859e+00   9.52878654e-01   2.12377334e+00
    7.21599817e-01   1.30940938e+00   4.92118329e-01   1.85510480e+00
    7.47983634e-01   2.61358976e+00   2.49744102e-01   7.77235389e-01
    1.33519506e+00   1.15566730e+00   1.30502224e+00   1.62004876e+00
    8.50242555e-01   1.64890623e+00   2.07351971e+00   1.16962492e+00
    2.94197011e+00   2.97101736e+00   1.61748385e+00   1.82386637e+00
    1.90409207e+00   5.54488707e+00   9.72179890e-01   1.05262208e+00
    7.83675790e-01   2.38590217e+00   2.37288785e+00   8.84076178e-01
    2.68294740e+00   7.50816727e+00   1.20692253e+00   8.27577770e-01
    1.82230520e+00   1.66776633e+00   5.97659290e-01   1.94247591e+00
    1.35182846e+00   1.27498388e+00   3.32273102e+00   4.07046974e-01
    1.86297059e+00   1.65597403e+00   2.48805189e+00   6.60440087e-01
    7.14709640e-01   1.24413991e+00   4.47983503e-01   1.50481415e+00
    7.46670485e-01   1.91356015e+00   1.11291742e+00   4.54281712e+00
    2.37863231e+00   9.19331789e-01   7.41895616e-01   1.23446333e+00
    7.66013682e-01   1.81553352e+00   2.37054396e+00   1.75931668e+00
    3.36672872e-01   5.36401129e+00   1.09171009e+00   1.23392677e+00
    2.53808761e+00   1.62387431e+00   1.78723717e+00   1.99798965e+00
    6.11745477e-01   2.51380658e+00   7.05996811e-01   3.30988765e-02
    1.52149940e+00   2.34291244e+00   7.00656950e-01   2.24219799e+00
    3.75704199e-01   1.70920408e+00   2.93991303e+00   3.90174508e-01
    5.23552895e+00   2.96122521e-01   1.39694381e+00   9.63353813e-01
    1.93620348e+00   2.14676237e+00   1.64054501e+00   1.36977327e+00
    1.10041511e+00   1.67496014e+00   2.11995649e+00   1.39294970e+00
    1.69671810e+00   1.44309843e+00   9.31826174e-01   4.03992385e-01
    1.41797149e+00   1.36973953e+00   1.15353334e+00   1.45022190e+00
    2.10540867e+00   1.07830203e+00   1.12709260e+00   1.49506390e+00
    9.46970955e-02   1.58647263e+00   1.62681177e-01   1.10064185e+00
    6.02120101e-01   1.52276391e-02   9.40791905e-01   1.32381546e+00
    1.40130055e+00   1.45648611e+00   3.90719414e+00   6.71386302e-01
    9.19194520e-01   3.63743603e-01   2.68061304e+00   4.85788733e-01
    2.51811482e-02   1.27209651e+00   1.43945217e+00   2.46317148e+00
    8.40623975e-01   3.28841329e+00   1.94023407e+00   1.62099779e+00
    1.02248955e+00   9.86156881e-01   7.57382810e-01   8.01197410e-01
    1.77638531e+00   1.30777347e+00   1.01077271e+00   2.22389722e+00
    2.34985948e+00   6.25812709e-01   6.37952805e-01   1.25745249e+00
    2.27907375e-01   1.20332825e+00   1.35604668e+00   8.63358378e-01
    2.28793979e+00   1.35350847e+00   1.05346227e+00   1.37246239e+00
    1.12762201e+00   8.60162020e-01   1.28918397e+00   4.35541511e-01
    9.34420750e-02   2.50540400e+00   1.39338899e+00  -3.53966616e-02
    1.23689377e+00   1.12107977e-01   1.35587728e+00   1.39902484e+00
    8.82355392e-01   5.42215705e-01   1.48029909e-01   4.40853328e-01
    1.46579766e+00   1.30504799e+00   4.30113405e-01   9.41416681e-01
    1.24035633e+00   1.25847864e+00   1.57352412e+00   8.80493522e-01
    1.11853051e+00   2.34468198e+00   3.22578025e+00  -7.39809638e-03
    6.14933252e-01   1.24617994e+00   1.44308329e+00   2.48696661e+00
    9.16005015e-01   4.18249846e-01   1.09599841e+00   9.06461477e-01
    7.90451944e-01   1.67936015e+00   1.38999534e+00   2.29546452e+00
    1.14756513e+00   1.44853878e+00   3.88887078e-01   2.30924773e+00
    1.69428945e+00   2.23903489e+00   1.30600405e+00   1.56762910e+00
    1.36167622e+00   1.12102926e+00   2.02520013e+00   8.64024520e-01
    9.51846391e-02   1.59811926e+00   9.71042037e-01   2.85792851e+00
    1.77008915e+00   1.83349884e+00   1.61181128e+00   1.17117727e+00
    2.76601171e+00   1.26706147e+00   1.70381916e+00   5.57297349e-01
    9.05500114e-01   2.28704095e+00   2.60872602e-01   1.44941664e+00
    1.96492708e+00   3.75027567e-01   2.87974238e-01   1.54243994e+00
    3.64730179e-01   1.74621546e+00   2.93799090e+00   6.90359294e-01
    3.20539808e+00   2.66435504e+00   3.11818600e+00   1.08865738e+00
    3.35525483e-01   9.00854766e-01   1.79010379e+00   1.82342696e+00
    9.84344661e-01   2.43037176e+00   1.14892566e+00   1.42993629e+00
    1.59118426e+00   1.88232970e+00   5.44858277e-01   3.42760205e+00
    2.11340475e+00   1.20319223e+00   1.54302073e+00   1.35455918e+00
    3.12971592e+00   1.18531656e+00   1.65578961e+00   1.54171276e+00
    1.34153581e+00   1.03817809e+00   2.78041959e+00   1.98213279e+00
    2.23028564e+00   1.20355356e+00   1.00710571e+00   1.77303299e-01
    2.23703289e+00   1.31627893e+00   5.97359848e+00   2.00190473e+00
    1.89364552e+00   1.53288877e+00   1.09622478e+00   2.13483500e+00
    1.30684197e+00   4.74567622e-01   1.63001966e+00   9.30259705e-01
    1.44989085e+00   8.16276371e-01   1.27076066e+00   4.49575990e-01
    1.63842094e+00   6.13120317e-01   1.91028666e+00   2.61177611e+00
    1.79136622e+00   9.90495920e-01   1.07968843e+00   7.51169264e-01
    3.89548481e-01   1.45516360e+00   1.21747422e+00   1.15606439e+00
    3.63644099e+00   1.11643481e+00   6.93247795e-01   3.19942653e-01
    7.47057319e-01   3.49574804e+00   7.61390865e-01   2.61962831e-01
    9.44518447e-01   3.77477050e+00   8.50143492e-01   1.11923766e+00
    2.79259086e+00  -1.25532135e-01   9.88510847e-01   3.73052537e-01
    1.53408003e+00   3.16750717e+00  -4.31348309e-02   4.33079123e-01
    3.35176468e-01   1.59028649e+00   2.18519852e-01   1.50175691e+00
    1.32644773e+00   7.58246064e-01   2.14990759e+00   6.34191334e-01
    2.10009313e+00   1.10852778e+00   6.14858493e-02   9.60384130e-01
    1.84349430e+00   1.48056483e+00   2.62100339e+00   1.59028447e+00
    1.27132916e+00   1.45829486e-04   1.52128637e-02   3.35177279e+00
    7.65708268e-01   1.72460556e+00   1.68383276e+00   5.50333798e-01
    7.08024323e-01   1.30155241e+00   8.29624653e-01   3.57027102e+00
