  7.05019832e-01   1.18028474e+00   3.36536765e+00   2.54362917e+00
    1.47369969e+00   1.82280827e+00   6.86516225e-01   1.23309815e+00
    7.96160042e-01   4.74240750e-01   1.56158769e+00   1.69730127e+00
    2.74547911e-03   7.90167093e-01   5.99896860e+00   1.27504885e+00
    1.55569780e+00   8.61003458e-01   5.85062921e-01   1.28268135e+00
    1.51445961e+00   1.31459630e+00   1.18123186e+00   1.50809717e+00
    2.14098120e+00   9.49429691e-01   2.81662250e+00   3.11836779e-01
    5.57351053e-01   7.75809765e-01   9.53837752e-01   1.76269495e+00
    5.39967120e-01   7.75199890e-01   8.07047606e-01   7.87795544e-01
    3.89858603e+00   1.32813942e+00   3.05123305e+00   2.03672457e+00
    2.30654597e+00   1.19023728e+00   1.55991971e+00   1.01258981e+00
    9.29725826e-01   1.08465695e+00   1.20049334e+00   1.53367221e+00
    6.32719755e-01   2.29726028e+00   2.04560971e+00   4.24997473e+00
    2.60192633e-01   5.17504990e-01   1.43968976e+00   1.70769739e+00
    1.15165579e+00   7.87624002e-01   1.73753226e+00   2.34648752e+00
    1.77611315e+00   1.25205910e+00   1.58914626e+00   1.16106820e+00
    1.09996700e+00   8.79077494e-01   1.33350849e+00   1.60544968e+00
    6.56373918e-01   1.71832180e+00   7.58551955e-01   3.31810760e+00
    9.77424860e-01  -8.39857757e-02   2.19660044e-01   9.09300387e-01
    1.85076028e-01   9.34821904e-01   4.67505693e+00   8.18020403e-01
    1.33598673e+00   1.07701898e+00   2.00686026e+00   2.41548038e+00
    5.34803987e-01   1.04926360e+00   5.60368657e-01   3.85830855e+00
    1.17597222e+00   1.30149710e+00   2.01346064e+00   2.55464602e+00
    1.46297812e+00   1.19578695e+00   2.24585915e+00   2.03755879e+00
    2.41743851e+00   2.14282274e+00   9.50527847e-01   1.74733233e+00
    1.83034444e+00   1.76526356e+00   8.80841836e-02   1.93672395e+00
    1.41382802e+00   1.67192471e+00   8.19079280e-01   1.30556309e+00
    9.34803545e-01   1.49851763e+00   1.00752664e+00   1.05503261e+00
    1.33333123e+00   1.63604283e+00   1.00355053e+00   6.86826706e-01
    6.10185862e-01   1.49328637e+00   2.00788999e+00   2.17646837e+00
    5.80505669e-01   5.12670875e-01   1.67698967e+00   2.47143316e+00
    2.67924500e+00   4.03412008e+00   8.17486346e-01   1.05645967e+00
    1.11694896e+00   1.35572588e+00   9.62847769e-01   1.88948727e+00
    8.22213173e-01   7.46454060e-01   5.37625909e-01   1.96095061e+00
    4.86127138e-01   2.34497145e-01   4.90894243e-02   2.37620401e+00
    1.41644835e+00   1.05678594e+00   1.97206140e+00   7.98597515e-01
    1.72775447e+00   1.85222912e+00   2.33609125e-01   2.10295486e+00
    1.17102671e+00   1.00429285e+00   2.64564824e+00   2.89374620e-01
    1.87183368e+00   1.34532738e+00   7.62295842e-01   1.12920487e+00
    1.30637252e+00   1.47395122e+00   1.27153790e+00   1.87484336e+00
    1.32800198e+00   2.46264696e+00   8.42830300e-01   1.16088319e+00
    2.39761400e+00   1.25956595e+00   8.40965807e-01   9.74766850e-01
    2.10863784e-01   8.89105439e-01   1.13198411e+00   7.07488358e-01
    5.56080997e-01   1.76592302e+00   1.08437288e+00   1.66896653e+00
    1.04876077e+00   1.13217568e+00   1.17995477e+00   2.19571805e+00
    6.81893408e-01   1.24176586e+00   6.39470398e-01   1.54748666e+00
    7.67626643e-01   2.74210262e+00   1.14286989e-01   9.76551294e-01
    1.29112840e+00   1.39474118e+00   1.13234377e+00   1.10331810e+00
    5.95633864e-01   1.28475296e+00   1.70935833e+00   1.08475590e+00
    2.89845967e+00   1.70024884e+00   1.67152965e+00   1.78203022e+00
    1.70905435e+00   5.17383862e+00   1.32307541e+00   1.57988763e+00
    1.36583412e+00   2.06469464e+00   1.73796749e+00   1.16891015e+00
    2.84665060e+00   6.28265333e+00   1.24113917e+00   4.93069470e-01
    1.73940945e+00   8.80682826e-01   4.28510696e-01   1.98933458e+00
    1.42595935e+00   1.21536732e+00   3.37272286e+00   7.44655550e-01
    1.87409580e+00   1.47554171e+00   1.96158838e+00   8.10877442e-01
    8.41357291e-01   1.56919825e+00   4.74225521e-01   1.50240219e+00
    4.64464903e-01   1.85902083e+00   1.18621671e+00   5.07434797e+00
    2.12435389e+00   1.07542813e+00   7.74414659e-01   9.51962233e-01
    7.73285151e-01   1.84205210e+00   2.00652337e+00   1.58954680e+00
    2.26997927e-01   4.45914364e+00   1.00496411e+00   1.23562348e+00
    2.50913453e+00   1.43991625e+00   1.38233697e+00   2.10832620e+00
    5.07089317e-01   1.70222664e+00   7.27555752e-01   7.36096576e-02
    1.62273693e+00   2.45287776e+00   3.13824028e-01   1.86623538e+00
    2.75404215e-01   1.74064314e+00   2.85878539e+00   4.68007028e-01
    4.64068317e+00   4.83503193e-01   1.78928661e+00   8.74539137e-01
    1.12341130e+00   1.84985328e+00   2.23227572e+00   1.58812773e+00
    1.07218623e+00   2.07205057e+00   1.99749041e+00   8.21946681e-01
    1.83592057e+00   1.56189227e+00   1.00915873e+00   5.01596689e-01
    1.06656146e+00   1.62477076e+00   8.23589563e-01   1.80266643e+00
    8.45689297e-01   1.40029979e+00   1.09625793e+00   1.71529627e+00
    3.44741255e-01   1.69425166e+00   1.32400453e-01   8.76179874e-01
    6.56539977e-01   7.09320426e-01   1.00113928e+00   1.53815353e+00
    1.30468047e+00   1.72519016e+00   3.77939653e+00   3.82503241e-01
    6.86032712e-01   1.64413601e-01   3.01465249e+00   3.90497893e-01
    4.38536853e-02   1.46451795e+00   1.45366144e+00   2.48788810e+00
    8.76743138e-01   3.17529559e+00   1.59807551e+00   1.52315271e+00
    9.59020257e-01   7.94348240e-01   8.32810163e-01   7.42749572e-01
    1.60899198e+00   1.20477104e+00   1.29175627e+00   2.66357970e+00
    2.07929420e+00   8.16766262e-01   6.44908845e-01   1.08203650e+00
    5.35554111e-01   1.07850349e+00   8.96023154e-01   1.21178281e+00
    2.07551384e+00   1.60159373e+00   8.22586238e-01   1.38436449e+00
    1.57331586e+00   8.94925117e-01   1.43178463e+00   3.58559400e-01
    2.66338676e-01   2.87826371e+00   1.43290615e+00   1.37955755e-01
    1.15255189e+00  -8.44590180e-03   1.53242350e+00   1.19608927e+00
    9.50256169e-01   5.82929015e-01   2.68931389e-01   4.98725832e-01
    1.46749723e+00   1.61543548e+00   6.22828126e-01   8.91666651e-01
    1.29493260e+00   1.19684219e+00   1.62927866e+00   1.27202785e+00
    1.32387519e+00   2.75362253e+00   2.75153756e+00  -1.17464243e-02
    9.89080012e-01   1.23388898e+00   1.49589491e+00   2.72986960e+00
    8.91614854e-01   8.34613383e-01   1.20768774e+00   7.91685343e-01
    5.68079948e-01   1.54319382e+00   1.46111393e+00   2.61104774e+00
    1.53124988e+00   1.80597484e+00   5.37301898e-01   2.10009265e+00
    1.67832899e+00   2.63672900e+00   1.14064300e+00   1.79196453e+00
    1.89669275e+00   9.79686201e-01   1.42580330e+00   1.04098558e+00
   -6.61323313e-03   1.47241712e+00   9.58072007e-01   2.83201504e+00
    1.66735482e+00   1.87625718e+00   1.57576156e+00   1.35392070e+00
    2.24841881e+00   1.16076660e+00   1.33542907e+00   3.70729476e-01
    7.14670479e-01   2.29668498e+00   1.60856411e-01   1.62673068e+00
    1.79219890e+00   2.92605728e-01   6.05346560e-01   2.02050805e+00
    5.25628746e-01   1.93028772e+00   2.46006012e+00   9.22728896e-01
    3.09925532e+00   2.24596381e+00   3.16743135e+00   9.16877151e-01
    3.46634269e-01   6.42438650e-01   1.55356061e+00   1.82053661e+00
    6.61940873e-01   2.67215157e+00   1.31277800e+00   1.82045102e+00
    1.79132891e+00   2.33173418e+00   5.79984128e-01   3.16095376e+00
    1.50561213e+00   1.34032261e+00   1.60095596e+00   1.26185453e+00
    2.97485638e+00   1.13866818e+00   1.81149435e+00   1.66492176e+00
    1.29863250e+00   1.61858988e+00   3.27916360e+00   1.89731383e+00
    1.91121459e+00   1.39678741e+00   8.99949729e-01   5.62621117e-01
    1.67245233e+00   1.47585821e+00   5.99246264e+00   1.69589269e+00
    2.01542807e+00   1.90392697e+00   1.34625185e+00   2.25337291e+00
    1.50800347e+00   4.09623832e-01   1.75657427e+00   1.23082983e+00
    1.55547869e+00   1.10577881e+00   1.52899468e+00   2.34174460e-01
    1.38165593e+00   1.14144552e+00   1.49332726e+00   2.26443195e+00
    1.92558336e+00   1.10698211e+00   9.37424958e-01   6.21661961e-01
    2.65337527e-01   1.55889010e+00   1.36700869e+00   1.06119525e+00
    2.75115466e+00   6.60548866e-01   2.75721908e-01   2.36364976e-01
    1.64629304e+00   2.78889298e+00   5.86209178e-01   4.48892593e-01
    6.79348767e-01   4.09479141e+00   7.25510597e-01   1.22727430e+00
    2.96450424e+00  -8.17361251e-02   7.55134940e-01   4.71044928e-01
    1.14372361e+00   3.22303748e+00  -1.95464324e-02   4.02962983e-01
    6.23446643e-01   1.88671100e+00   3.58128041e-01   1.26655197e+00
    7.96445131e-01   7.55806506e-01   1.08987343e+00   4.95879501e-01
    1.88849771e+00   9.35058892e-01   1.47257689e-02   8.54747176e-01
    2.13226843e+00   1.39159000e+00   2.09904623e+00   1.87583303e+00
    1.34922957e+00   1.12629980e-01   2.44725198e-01   2.66831565e+00
    6.02196097e-01   2.72831607e+00   1.53178310e+00   6.28138721e-01
    8.17484319e-01   1.22288013e+00   5.78873098e-01   2.62059498e+00
