  6.34263575e-01   1.43547559e+00   2.98402238e+00   2.31149936e+00
    1.31590080e+00   1.37745011e+00   8.26179206e-01   8.98505986e-01
    1.23412859e+00   6.22963130e-01   1.34452045e+00   1.32593930e+00
    5.39560206e-02   7.58227110e-01   6.03448820e+00   9.41879809e-01
    1.52373350e+00   1.14799345e+00   6.99837565e-01   1.28628767e+00
    1.45884871e+00   1.27726471e+00   1.50725520e+00   1.05140185e+00
    2.00838041e+00   1.07306707e+00   2.42136765e+00   5.60410202e-01
    6.53100371e-01   3.39985371e-01   5.14807642e-01   1.71983492e+00
    5.46448648e-01   5.72257280e-01   7.84795880e-01   7.98440158e-01
    3.63424039e+00   1.61643779e+00   2.71714377e+00   1.62415731e+00
    2.00999975e+00   6.91598654e-01   1.43867040e+00   9.11887169e-01
    9.59743559e-01   6.71424329e-01   1.17712820e+00   1.47334647e+00
    7.83920169e-01   2.90042925e+00   1.89647031e+00   3.98644829e+00
    4.61604655e-01   6.25726998e-01   1.55899549e+00   1.86238694e+00
    1.04949236e+00   9.16818619e-01   1.39181995e+00   1.77820837e+00
    1.57257080e+00   1.66498029e+00   1.69653440e+00   1.35161567e+00
    1.83836257e+00   4.74339664e-01   1.33347034e+00   1.28297353e+00
    1.12499976e+00   1.42966330e+00   4.88542676e-01   3.05732083e+00
    1.50565517e+00  -7.06752092e-02  -5.64757967e-03   9.94487345e-01
    1.74170613e-01   7.13074744e-01   5.00384092e+00   9.83788788e-01
    9.95009065e-01   1.27838242e+00   1.51732802e+00   2.01458621e+00
    6.92415953e-01   1.41947484e+00   6.46802187e-01   3.83754206e+00
    1.31187809e+00   1.44040203e+00   2.26304054e+00   2.12051845e+00
    1.22222805e+00   1.13275194e+00   2.46726036e+00   1.84401536e+00
    1.90634108e+00   2.38401079e+00   5.15120566e-01   1.30642724e+00
    1.63018918e+00   1.99407613e+00  -2.98191290e-02   2.00918126e+00
    4.90626037e-01   2.18160105e+00   7.99020350e-01   1.41835022e+00
    8.54473174e-01   1.03944719e+00   9.09157157e-01   9.97709751e-01
    1.01060534e+00   1.79193842e+00   1.07621479e+00   8.13143313e-01
    6.18035972e-01   1.31899142e+00   1.41865909e+00   3.03845859e+00
    6.35229349e-01   8.99351895e-01   1.12143242e+00   1.71072626e+00
    2.85627103e+00   3.20401669e+00   9.82572138e-01   1.17309117e+00
    4.97374177e-01   1.39879310e+00   7.80201614e-01   2.38445544e+00
    6.58320069e-01   7.84642458e-01   4.41343695e-01   1.84598780e+00
    1.07327890e+00   3.76734883e-01   2.33280584e-01   1.65605652e+00
    1.36937499e+00   1.29933631e+00   1.48163390e+00   2.77001649e-01
    1.58561099e+00   1.68827653e+00  -3.81886400e-02   1.86825204e+00
    1.33404791e+00   8.22034717e-01   2.21580505e+00   5.69352284e-02
    1.44873297e+00   1.57694972e+00   9.58384991e-01   1.10793984e+00
    1.38494217e+00   1.73142850e+00   1.30711651e+00   2.44892788e+00
    1.06217623e+00   2.29214001e+00   7.08549559e-01   1.21352744e+00
    2.21727490e+00   1.01561832e+00   1.05813777e+00   6.75758839e-01
    8.83387804e-01   7.21344471e-01   1.02493882e+00   7.25912511e-01
    1.04546952e+00   1.15446532e+00   5.98572493e-01   1.75017023e+00
    1.01599693e+00   1.29842687e+00   8.47495794e-01   1.98558855e+00
    8.24762225e-01   1.02813220e+00   1.75710469e-01   1.35714078e+00
    6.63412392e-01   2.70800328e+00   1.80722505e-01   8.24221551e-01
    1.29566634e+00   1.40337408e+00   8.98986042e-01   1.61387038e+00
    7.28936613e-01   1.67729712e+00   1.54577637e+00   5.82179546e-01
    3.10357785e+00   2.97046709e+00   1.64875388e+00   1.64154816e+00
    1.55687582e+00   4.88059187e+00   1.23414826e+00   7.85135150e-01
    1.15909064e+00   2.04783154e+00   2.15328407e+00   1.12679482e+00
    2.35207629e+00   6.91718721e+00   1.03164983e+00   4.99464512e-01
    1.73718524e+00   1.33320284e+00   4.43053007e-01   1.86605287e+00
    1.12403429e+00   1.21467376e+00   3.17153955e+00   5.65120339e-01
    1.87152910e+00   1.57704473e+00   2.27014565e+00   6.06847227e-01
    6.19023085e-01   8.95622075e-01   4.45152193e-01   1.60413206e+00
    8.43656301e-01   1.90097761e+00   9.07702386e-01   4.76770020e+00
    2.18298864e+00   8.79795134e-01   5.52285373e-01   1.19100547e+00
    3.83595705e-01   1.90400612e+00   1.84418416e+00   1.74544311e+00
    3.38183254e-01   4.87436104e+00   1.00413787e+00   1.29072988e+00
    2.12168646e+00   1.58103216e+00   9.25004542e-01   1.99013782e+00
    6.35653079e-01   3.04233456e+00   6.97041929e-01  -5.64735234e-02
    1.74231648e+00   2.07197213e+00   9.10018384e-01   1.73739159e+00
    4.12608892e-01   1.61123145e+00   2.64058352e+00   5.98883271e-01
    5.17106104e+00   5.56208789e-01   1.26391864e+00   9.35308516e-01
    1.90098679e+00   2.24415684e+00   1.91706705e+00   1.46988571e+00
    1.30562937e+00   1.43500209e+00   2.22145343e+00   1.06269586e+00
    1.63589370e+00   1.33161938e+00   1.12273848e+00   5.60422063e-01
    1.27011073e+00   1.42262447e+00   1.16598356e+00   1.60259128e+00
    1.86220288e+00   1.15482497e+00   9.23198581e-01   1.65086770e+00
    1.94090813e-01   1.46074104e+00   1.44057840e-01   9.29687381e-01
    4.45967793e-01   2.84297802e-02   6.34733081e-01   1.62190127e+00
    1.29035723e+00   1.37764561e+00   3.44487166e+00   5.61599672e-01
    6.75366879e-01   2.92246014e-01   2.24095297e+00   4.76692319e-01
    1.15728803e-01   1.49418175e+00   1.54288924e+00   2.24575567e+00
    8.48614395e-01   2.94233632e+00   1.84999156e+00   1.61448824e+00
    1.11796451e+00   1.44032526e+00   4.96138006e-01   3.03782731e-01
    1.46464801e+00   1.18800735e+00   9.93733108e-01   1.78609240e+00
    2.22253823e+00   4.11100239e-01   3.14995497e-01   1.08866143e+00
    9.62918997e-02   1.13491571e+00   1.17919672e+00   7.31542587e-01
    2.11914110e+00   1.62547660e+00   1.08395791e+00   1.29808855e+00
    1.29284799e+00   9.49343503e-01   1.13768899e+00   3.84264261e-01
   -1.80459430e-03   2.06862855e+00   1.39770353e+00  -3.96126360e-02
    1.00293708e+00   1.71539649e-01   1.22529519e+00   1.32498229e+00
    1.22308135e+00   6.35836780e-01   1.81873873e-01   2.69161522e-01
    1.67788470e+00   1.03115737e+00   4.32350606e-01   9.27924514e-01
    8.50119829e-01   7.58220494e-01   1.71394467e+00   8.77893209e-01
    1.00838196e+00   2.49111223e+00   3.43956208e+00   5.52191250e-02
    5.40693760e-01   1.03297567e+00   6.94608510e-01   2.99855781e+00
    6.73901856e-01   1.07594341e-01   1.25705218e+00   9.11503792e-01
    6.73056841e-01   1.50283146e+00   1.28149080e+00   2.88910699e+00
    1.59393287e+00   1.34099627e+00   4.78873998e-01   1.76553321e+00
    1.64627957e+00   2.18058610e+00   1.32787383e+00   1.35707712e+00
    1.43523061e+00   8.21938634e-01   1.61138535e+00   7.42271185e-01
   -3.82505730e-02   1.44590211e+00   6.44466102e-01   3.21228695e+00
    1.60943305e+00   1.52754068e+00   1.47164750e+00   1.19608307e+00
    2.40988588e+00   1.26706779e+00   1.28340292e+00   3.55807573e-01
    9.05320764e-01   2.34017682e+00   1.22510940e-01   1.17456341e+00
    2.06532812e+00   1.30744308e-01   1.70652077e-01   1.51124847e+00
    3.77313286e-01   1.85230994e+00   2.80688787e+00   6.24680579e-01
    2.72285724e+00   2.55388308e+00   3.09063077e+00   6.33112073e-01
    2.86616415e-01   9.96497273e-01   1.39304435e+00   1.88227820e+00
    7.89082408e-01   2.59741092e+00   9.75687087e-01   1.73805308e+00
    1.57035339e+00   1.85791886e+00   4.50447917e-01   3.28197217e+00
    1.40927124e+00   1.62641573e+00   1.17487550e+00   1.59989202e+00
    2.71683073e+00   1.19124675e+00   1.54475427e+00   1.57031631e+00
    1.31893337e+00   1.20183301e+00   2.53704047e+00   1.71604621e+00
    1.79645503e+00   1.12060142e+00   1.02479398e+00   6.41108155e-01
    1.94948459e+00   1.23079264e+00   5.80874348e+00   1.79512525e+00
    1.41825378e+00   2.00315547e+00   1.22325277e+00   2.04502535e+00
    8.33901823e-01   4.10552830e-01   1.20697403e+00   1.05318582e+00
    1.38872313e+00   9.63716328e-01   1.00524640e+00   1.92334726e-01
    1.05393267e+00   4.25970584e-01   1.93228805e+00   1.90404820e+00
    1.75384462e+00   1.13544834e+00   1.37807488e+00   7.28687644e-01
    1.51582882e-01   1.31970572e+00   9.37843561e-01   1.02786493e+00
    3.07043386e+00   1.22584546e+00   6.28047228e-01   3.90478045e-01
    1.32357907e+00   3.61976457e+00   4.32819635e-01   2.48473361e-01
    8.77688408e-01   3.39520216e+00   8.45700324e-01   9.33665574e-01
    2.47703409e+00  -1.11416511e-01   9.51680362e-01   3.64843309e-01
    1.61894381e+00   2.79224801e+00   3.62941879e-03   3.34259927e-01
    5.47167182e-01   1.13817787e+00   2.65944153e-01   1.87273633e+00
    1.08936274e+00   7.73992479e-01   1.64785421e+00   6.87381387e-01
    1.93031442e+00   1.05656886e+00   2.22571418e-01   1.17167366e+00
    1.82433522e+00   1.08069420e+00   2.27123356e+00   1.27630150e+00
    1.34427679e+00   6.92646159e-03   6.94313720e-02   2.97036052e+00
    1.01723564e+00   1.61487424e+00   1.48186600e+00   5.04234493e-01
    5.42945445e-01   1.48174024e+00   8.00772250e-01   2.76674247e+00
