  8.03557158e-01   9.23526585e-01   3.14931440e+00   2.87927055e+00
    1.45557761e+00   2.02904415e+00   1.15678346e+00   1.24916291e+00
    1.05103195e+00   6.08421147e-01   1.41573179e+00   1.49902189e+00
   -2.03738715e-02   7.29220986e-01   6.49900627e+00   1.60735333e+00
    1.67029321e+00   9.56217706e-01   8.36614907e-01   1.42493153e+00
    1.38218939e+00   1.44977558e+00   1.72113085e+00   1.57468724e+00
    2.25010467e+00   1.04698610e+00   2.40928078e+00   2.89978862e-01
    8.14599812e-01   1.12130368e+00   8.16706955e-01   1.77910209e+00
    9.38700497e-01   1.07898831e+00   8.29377532e-01   7.59743333e-01
    3.97305059e+00   1.26189590e+00   3.05254936e+00   1.88073039e+00
    1.77058411e+00   9.05730188e-01   1.55994236e+00   9.70591784e-01
    8.30987871e-01   6.85157955e-01   5.97221315e-01   1.51707721e+00
    5.22343934e-01   2.68931198e+00   2.07120466e+00   4.02328968e+00
    2.87657231e-01   9.49186146e-01   1.53653181e+00   1.89671314e+00
    1.00643229e+00   1.34259939e+00   1.77411377e+00   2.22804165e+00
    1.95347953e+00   8.73387516e-01   1.50838721e+00   1.45664597e+00
    9.15820837e-01   6.64520323e-01   1.32978225e+00   1.66990376e+00
    1.12988615e+00   1.49907029e+00   8.07926834e-01   3.26642060e+00
    1.23989248e+00  -1.05577052e-01   3.39917749e-01   4.78143007e-01
   -5.90821868e-03   1.02083576e+00   3.96036887e+00   9.87084210e-01
    1.13576376e+00   1.12883162e+00   1.42229152e+00   1.90122807e+00
    3.49406242e-01   1.05354786e+00   5.66128373e-01   3.26641488e+00
    1.27780247e+00   1.68125892e+00   2.44191003e+00   2.24927163e+00
    1.34406054e+00   1.13582027e+00   2.30094290e+00   2.42625284e+00
    2.08032703e+00   2.25434494e+00   1.03466356e+00   1.34648573e+00
    1.65047371e+00   1.73435056e+00   4.85940017e-02   2.16592789e+00
    1.25041795e+00   2.23988867e+00   9.66170430e-01   1.56736326e+00
    7.93459535e-01   1.24955106e+00   9.73759830e-01   1.06943989e+00
    1.32235086e+00   1.58269370e+00   9.63885307e-01   9.76819813e-01
    8.71747732e-01   1.46903539e+00   1.45066702e+00   2.33478141e+00
    5.86693347e-01   9.90274012e-01   1.03943598e+00   1.78607535e+00
    3.42563558e+00   4.06185293e+00   1.26925850e+00   1.21422994e+00
    1.06891489e+00   1.57566702e+00   1.16956818e+00   2.18729186e+00
    4.11313146e-01   7.91804194e-01   6.67659342e-01   2.21642518e+00
    7.87406027e-01   4.90611136e-01   5.70797250e-02   2.72077107e+00
    1.51343811e+00   1.38804543e+00   2.36725783e+00   7.29192376e-01
    2.17105985e+00   1.77407312e+00   2.51511514e-01   2.19037604e+00
    1.36258304e+00   1.22931266e+00   1.88310242e+00   3.67241740e-01
    1.98081493e+00   1.16808009e+00   1.49912977e+00   1.05691242e+00
    1.49656665e+00   1.76311576e+00   1.25401199e+00   2.48919845e+00
    1.20614707e+00   2.46971536e+00   1.11440313e+00   1.10276794e+00
    2.24236608e+00   1.39427364e+00   1.50516081e+00   7.74076998e-01
    5.13423324e-01   8.81833971e-01   8.09721768e-01   2.76847571e-01
    8.06434035e-01   1.30521131e+00   7.46002913e-01   1.71420562e+00
    1.15481913e+00   1.60067499e+00   1.34423411e+00   2.23628950e+00
    1.27425790e+00   1.28889441e+00   6.67385459e-01   1.57911479e+00
    6.24686122e-01   3.07815862e+00   2.37074763e-01   9.05728161e-01
    1.22000134e+00   1.59231734e+00   8.10185432e-01   1.71794307e+00
    5.46378136e-01   1.62152565e+00   2.05984426e+00   1.24107349e+00
    2.85136890e+00   2.43231130e+00   1.65966403e+00   1.39081001e+00
    1.66075182e+00   5.69716930e+00   9.88203049e-01   1.12261486e+00
    9.20840085e-01   2.16576838e+00   1.81319940e+00   1.12919462e+00
    3.03853154e+00   6.47261667e+00   1.37268817e+00   7.24927664e-01
    1.56195843e+00   8.93721402e-01   2.58110046e-01   1.94547737e+00
    1.27064109e+00   1.30472231e+00   3.15628076e+00   5.14218986e-01
    1.58394682e+00   1.60698771e+00   2.01581836e+00   4.16145056e-01
    1.12441814e+00   1.43888640e+00   4.37704146e-01   1.49978793e+00
    5.51964998e-01   2.15248632e+00   1.27824116e+00   4.47014999e+00
    2.35677552e+00   8.81687582e-01   7.25781500e-01   1.16999257e+00
    6.84182942e-01   2.23577046e+00   2.04751492e+00   1.52233005e+00
    1.66719571e-01   5.20089483e+00   1.02663994e+00   1.77726483e+00
    2.85763526e+00   1.83746636e+00   1.79016221e+00   1.85425258e+00
    8.18384051e-01   1.48573029e+00   4.07579571e-01  -6.00185012e-03
    1.54385734e+00   2.13019419e+00   5.95097661e-01   1.42755485e+00
    2.96147019e-01   2.01871419e+00   2.66261578e+00   3.73683363e-01
    4.59735155e+00   2.02959001e-01   1.71882427e+00   8.95726562e-01
    1.87628973e+00   2.38313222e+00   1.86928177e+00   1.79444516e+00
    9.11663771e-01   1.94648790e+00   2.03832579e+00   1.11688852e+00
    1.59910297e+00   1.72131681e+00   9.10570979e-01   4.43351150e-01
    1.15173066e+00   1.57305932e+00   1.01415956e+00   1.30788875e+00
    1.45320547e+00   1.40813327e+00   1.10007703e+00   1.67358339e+00
    3.39454785e-03   2.04074597e+00   2.26377666e-01   1.03476274e+00
    4.18125361e-01   2.55808711e-01   9.08033609e-01   1.71696639e+00
    1.40859222e+00   1.44362271e+00   3.65686321e+00   6.14214122e-01
    7.32851565e-01   2.03745097e-01   3.03521895e+00   5.66188574e-01
    7.06190392e-02   1.36346078e+00   1.41930509e+00   2.67459035e+00
    9.78642881e-01   3.19355392e+00   1.65875793e+00   1.65529776e+00
    8.99874866e-01   8.35841417e-01   9.59607005e-01   5.41784823e-01
    1.84690607e+00   1.40577185e+00   1.24789441e+00   2.15200639e+00
    2.06198645e+00   5.48068345e-01   6.15816474e-01   1.24935269e+00
    4.02611762e-01   1.14233899e+00   9.05467272e-01   9.40265417e-01
    1.99218929e+00   1.64834237e+00   1.04682648e+00   1.39393425e+00
    1.22748840e+00   8.27019334e-01   2.22078109e+00   3.25821012e-01
    4.20212775e-01   2.51323318e+00   1.48969269e+00   1.12292334e-01
    1.19531286e+00   4.94555496e-02   1.39460421e+00   9.45471764e-01
    9.02339697e-01   6.58220649e-01   3.73975784e-01   6.33849442e-01
    1.67865515e+00   1.38700879e+00   4.65098500e-01   9.90700245e-01
    1.66409838e+00   1.17854881e+00   1.83220267e+00   1.02002072e+00
    1.28396666e+00   2.37604189e+00   2.81614971e+00   1.39090464e-01
    1.09287143e+00   1.07733870e+00   1.35340858e+00   3.01382113e+00
    1.14921439e+00   7.39830315e-01   1.17213225e+00   1.53103650e+00
    7.17700660e-01   1.53047228e+00   1.43424296e+00   2.11319900e+00
    1.55436230e+00   1.91538501e+00   3.86244386e-01   1.96997738e+00
    1.73772788e+00   2.18521190e+00   1.03453994e+00   1.55619907e+00
    1.39594328e+00   1.03025007e+00   1.28964198e+00   8.81978989e-01
    2.99358994e-01   1.63601494e+00   7.14462340e-01   2.43819594e+00
    1.66992188e+00   1.88796949e+00   1.60137820e+00   1.30436766e+00
    2.55830216e+00   9.96963859e-01   1.20220160e+00   4.89913374e-01
    1.23990905e+00   2.31724787e+00   8.95405710e-02   1.59869933e+00
    2.17509651e+00   5.53750210e-02   7.30267584e-01   1.94268644e+00
    4.22495335e-01   2.30850482e+00   2.47753787e+00   6.98930144e-01
    3.47621989e+00   2.08269453e+00   3.53762865e+00   1.23348045e+00
    5.12696922e-01   9.90318298e-01   1.68575871e+00   1.74099326e+00
    8.40682268e-01   2.43845892e+00   1.21084535e+00   1.84179306e+00
    1.60169387e+00   2.00893998e+00   3.86506736e-01   3.57019544e+00
    1.49027145e+00   1.30008101e+00   1.30326331e+00   9.93032992e-01
    2.95093179e+00   1.27057219e+00   1.46332407e+00   1.74708939e+00
    1.31512582e+00   1.84231102e+00   2.66848540e+00   1.77608037e+00
    2.21590996e+00   1.68748438e+00   8.75566363e-01   7.25403965e-01
    1.76437342e+00   1.31652629e+00   5.19328356e+00   1.52325654e+00
    1.95684588e+00   1.88941228e+00   1.30401397e+00   2.16322756e+00
    1.27973533e+00   6.19204342e-01   1.05762732e+00   1.19266379e+00
    1.33970296e+00   8.49978209e-01   9.64127541e-01   2.65381426e-01
    1.23412216e+00   3.55837792e-01   1.69742787e+00   2.23383951e+00
    2.07038426e+00   1.07221687e+00   9.89505112e-01   9.29643333e-01
    2.60792762e-01   1.64337182e+00   1.31767857e+00   1.27498198e+00
    2.70832133e+00   8.85976911e-01   4.17156965e-01   2.30650619e-01
    1.31495142e+00   2.53263783e+00   5.91152310e-01   3.50092828e-01
    6.50753200e-01   3.92847919e+00   7.59909749e-01   9.81640160e-01
    2.73692036e+00  -8.35667178e-02   9.80829000e-01   4.85613793e-01
    1.08903718e+00   3.26899672e+00  -1.11191875e-04   3.90249491e-01
    5.70571482e-01   1.68200159e+00   3.04679513e-01   1.80024278e+00
    1.62268090e+00   7.26035058e-01   1.98940456e+00   8.39123785e-01
    2.09456611e+00   1.27894378e+00   8.73612687e-02   9.99375820e-01
    2.20652127e+00   1.45764196e+00   2.50968957e+00   1.88417435e+00
    1.20180357e+00  -1.51741952e-02   2.84840196e-01   1.82060170e+00
    1.07748890e+00   1.91543233e+00   1.58955061e+00   5.78337371e-01
    7.90109873e-01   1.36335289e+00   7.82633305e-01   2.69682431e+00
