  8.37324381e-01   1.13987505e+00   2.48388839e+00   2.33272123e+00
    1.50965714e+00   1.33705103e+00   9.26450431e-01   9.53507006e-01
    1.36311769e+00   3.12169194e-01   1.27133679e+00   1.64966881e+00
   -8.85948446e-03   5.31613111e-01   7.05325270e+00   1.33603406e+00
    1.90174973e+00   8.71745586e-01   7.78990030e-01   1.38186514e+00
    1.44866157e+00   1.22131681e+00   1.54432547e+00   1.28965139e+00
    1.94097769e+00   1.07594347e+00   2.56623721e+00   7.94311404e-01
    8.19368720e-01   8.51003051e-01   6.59001410e-01   1.72935414e+00
    1.15885830e+00   8.72450292e-01   8.40063751e-01   6.26538813e-01
    3.61715102e+00   1.31024635e+00   3.02718520e+00   1.59269881e+00
    1.48598909e+00   8.14308524e-01   1.05566978e+00   8.09718132e-01
    1.01241350e+00   6.77709758e-01   8.13553691e-01   1.28924477e+00
    3.70400161e-01   2.78654933e+00   2.18654895e+00   4.24256992e+00
    5.93160391e-01   5.70370555e-01   1.51795018e+00   1.80277932e+00
    1.06695676e+00   1.01948559e+00   1.89457893e+00   1.81762516e+00
    1.96395695e+00   1.59350920e+00   1.81157279e+00   1.07310092e+00
    2.26111555e+00   6.78154349e-01   1.29052317e+00   1.59717274e+00
    9.01954055e-01   1.46897173e+00   5.81903040e-01   2.89673328e+00
    1.05708838e+00  -8.39690790e-02   7.46438429e-02   1.24390483e+00
    5.56480169e-01   7.91284025e-01   4.48321867e+00   1.11899996e+00
    1.58216226e+00   1.13324773e+00   1.32514477e+00   1.92761183e+00
    6.51305437e-01   1.03167319e+00   4.50372368e-01   3.73839903e+00
    1.29877043e+00   1.77278686e+00   2.72081542e+00   2.26768732e+00
    1.26179910e+00   1.14234769e+00   2.80517530e+00   2.09862328e+00
    2.01724315e+00   2.42706180e+00   5.94425857e-01   1.32683825e+00
    1.41611493e+00   1.61906826e+00  -1.41000170e-02   1.95825863e+00
    6.87878907e-01   1.87291014e+00   9.51099455e-01   1.40517652e+00
    1.28329027e+00   1.04994285e+00   7.83324301e-01   1.08684945e+00
    1.27244961e+00   1.58585548e+00   1.02414036e+00   8.75964046e-01
    9.37649727e-01   1.68297744e+00   1.43666017e+00   2.63671041e+00
    5.44499695e-01   9.35550272e-01   1.10214508e+00   1.82205319e+00
    3.09394073e+00   3.57991433e+00   1.01297116e+00   1.26846516e+00
    4.93817121e-01   1.44716370e+00   8.00213635e-01   2.53958511e+00
    2.94725180e-01   8.47073853e-01   2.54125446e-01   2.43286180e+00
    1.05130291e+00   5.58835387e-01   2.01808602e-01   1.79377878e+00
    1.04765248e+00   1.76623285e+00   2.15156150e+00   2.44398117e-01
    1.81037688e+00   1.73749924e+00  -6.99781403e-02   1.73069835e+00
    1.38226271e+00   7.28285909e-01   2.34491563e+00   2.93492079e-01
    1.52460492e+00   1.15680027e+00   1.19313991e+00   1.06542909e+00
    1.63098502e+00   2.00489140e+00   1.30081558e+00   2.97776270e+00
    1.29764295e+00   2.33486724e+00   1.13056421e+00   1.13593066e+00
    2.32369280e+00   1.17702734e+00   1.18006587e+00   1.05428505e+00
    1.04887271e+00   6.77521884e-01   8.01409483e-01   2.59957701e-01
    1.04973412e+00   1.33235908e+00   9.06917930e-01   1.84642625e+00
    9.20734107e-01   1.20126569e+00   9.66174185e-01   1.95192158e+00
    1.10028374e+00   1.03940022e+00   2.95856774e-01   1.72234547e+00
    6.14360511e-01   2.89776492e+00   1.60240993e-01   7.26112604e-01
    1.30144930e+00   1.31266356e+00   1.03305221e+00   1.95021498e+00
    2.15427965e-01   1.41493154e+00   1.92799258e+00   1.24605918e+00
    3.04210091e+00   2.74038863e+00   1.78893948e+00   1.82576394e+00
    1.91529977e+00   6.29516745e+00   9.55951750e-01   7.06999779e-01
    7.98409760e-01   2.32614946e+00   2.41578984e+00   1.61681926e+00
    2.62232614e+00   7.97106123e+00   1.33641112e+00   5.10278702e-01
    1.87030339e+00   1.44645095e+00   7.90785730e-01   1.73177218e+00
    1.27702498e+00   1.21118581e+00   2.49746323e+00   2.48029172e-01
    2.28760743e+00   1.59425664e+00   2.60438704e+00   5.12367308e-01
    6.75121486e-01   1.07311511e+00   5.74858248e-01   1.35529709e+00
    5.31183958e-01   2.05386519e+00   1.03680575e+00   4.84030151e+00
    2.14084029e+00   8.47145915e-01   6.72527969e-01   1.51943266e+00
    8.51049125e-01   1.82401037e+00   1.83891726e+00   1.60191572e+00
    3.03842157e-01   5.46788502e+00   1.14396107e+00   1.28496957e+00
    2.73038673e+00   1.39042044e+00   1.83860815e+00   1.91434574e+00
    3.65077317e-01   2.23044229e+00   6.79525375e-01  -4.45294334e-03
    1.80820131e+00   2.17730522e+00   3.64202768e-01   1.87908924e+00
    6.10952199e-01   1.66155100e+00   2.88888550e+00   5.66303015e-01
    5.25481319e+00   3.80564570e-01   1.22277594e+00   7.16412783e-01
    1.81835222e+00   2.08661056e+00   1.70330286e+00   1.74403036e+00
    1.41615343e+00   1.30955946e+00   2.38354421e+00   1.50331092e+00
    1.67743134e+00   1.34327543e+00   1.11376786e+00   7.17478454e-01
    1.44697833e+00   1.58118606e+00   9.73943114e-01   1.13801265e+00
    2.08572125e+00   1.50433874e+00   1.37425780e+00   1.38067853e+00
   -2.15467047e-02   1.89772916e+00   2.81004369e-01   1.35122895e+00
    5.53333580e-01  -1.94875654e-02   4.31007385e-01   1.97042429e+00
    1.43213701e+00   1.60595036e+00   4.09650612e+00   5.87392151e-01
    8.64955723e-01   2.24568039e-01   2.27722979e+00   1.84620008e-01
    7.84144253e-02   1.46535313e+00   1.68060505e+00   2.43502927e+00
    1.03449094e+00   2.79547358e+00   1.80723917e+00   1.61388731e+00
    1.09798908e+00   1.20027626e+00   8.97382498e-01   3.25069308e-01
    1.36779165e+00   1.41290140e+00   1.33843660e+00   1.95490050e+00
    2.43081570e+00   2.14755207e-01   3.38874817e-01   1.51993048e+00
    2.55618304e-01   1.16684783e+00   1.29486179e+00   1.20293343e+00
    1.90995359e+00   1.39469659e+00   1.04189420e+00   1.39133203e+00
    1.16127658e+00   7.96560526e-01   1.81332469e+00   5.96687019e-01
    2.59135365e-01   2.39074945e+00   1.25389290e+00   6.02551475e-02
    9.29548144e-01   1.99294686e-01   1.28068376e+00   1.15027881e+00
    9.08958256e-01   9.10329521e-01   1.33961931e-01   3.92011106e-01
    1.48119247e+00   9.93635356e-01   6.45724535e-01   9.69404936e-01
    1.27875841e+00   1.15580809e+00   1.38968813e+00   1.04905558e+00
    1.26467514e+00   2.00586438e+00   3.05727291e+00   3.03605385e-02
    3.04562241e-01   1.11053324e+00   9.12818074e-01   2.88013196e+00
    6.38269663e-01   3.76915753e-01   1.48495245e+00   5.34392655e-01
    8.00816655e-01   1.80337095e+00   1.45476782e+00   2.51823282e+00
    1.23574007e+00   1.64190519e+00   3.88575286e-01   2.12822318e+00
    1.72237122e+00   2.01110601e+00   1.34279871e+00   1.60831010e+00
    1.17815387e+00   1.20562053e+00   1.69181371e+00   7.36590385e-01
   -2.64472631e-03   1.46536982e+00   6.50984824e-01   2.50292659e+00
    2.13941479e+00   1.60784650e+00   1.54163945e+00   1.14024329e+00
    2.54417443e+00   1.27885842e+00   1.31132627e+00   1.02987945e+00
    1.13749909e+00   2.43013096e+00   2.09222153e-01   1.62298477e+00
    1.61503220e+00  -3.90354614e-03   2.51636714e-01   1.91138232e+00
    3.01755488e-01   2.07123733e+00   2.61500192e+00   5.76547444e-01
    3.04270959e+00   2.48764873e+00   3.30224013e+00   1.03296280e+00
    5.89677870e-01   5.78393102e-01   1.22276103e+00   1.89326799e+00
    8.44375074e-01   2.77847981e+00   1.09780407e+00   1.49953890e+00
    1.29444575e+00   1.87366092e+00   2.06241101e-01   3.55349350e+00
    2.22559881e+00   1.15701640e+00   1.41378951e+00   1.22242999e+00
    2.83624291e+00   1.22867084e+00   1.48115337e+00   1.36942196e+00
    1.41781437e+00   1.34866536e+00   1.98873925e+00   1.74337184e+00
    1.51081741e+00   1.59569144e+00   8.64950836e-01   7.11038947e-01
    2.03857708e+00   1.37172794e+00   6.45596075e+00   1.57608294e+00
    1.74292374e+00   1.60289359e+00   1.28075230e+00   2.17817044e+00
    1.14512563e+00   5.92572629e-01   1.45426476e+00   1.29871142e+00
    1.34735048e+00   8.78576934e-01   8.08659136e-01   3.38832200e-01
    1.63807547e+00   5.08350015e-01   2.23222327e+00   2.10865831e+00
    1.84763300e+00   1.12712145e+00   1.15354478e+00   1.23190129e+00
    2.45945662e-01   1.31127810e+00   1.12755477e+00   1.42759395e+00
    3.03803539e+00   1.42437553e+00   1.05157220e+00   1.97685376e-01
    1.09475255e+00   3.41989875e+00   6.49871454e-02   1.64431289e-01
    8.16130161e-01   3.80856466e+00   8.03929150e-01   1.02349722e+00
    2.13455486e+00  -1.02901116e-01   1.14308345e+00   4.39287364e-01
    1.36598849e+00   3.03469205e+00   3.95719931e-02   6.23168290e-01
    4.89016324e-01   1.63530278e+00   5.65148473e-01   1.54365778e+00
    1.10961521e+00   7.93268800e-01   1.67860794e+00   8.54581475e-01
    2.00086927e+00   5.35423279e-01  -1.33146718e-02   1.07752573e+00
    2.08702874e+00   1.17724097e+00   2.36874938e+00   1.40341651e+00
    1.37818503e+00   3.08268536e-02  -3.84467579e-02   2.50655103e+00
    1.08538651e+00   1.46758556e+00   1.53477383e+00   4.92595226e-01
    5.76467276e-01   1.34430468e+00   9.17301178e-01   2.99294949e+00
