  1.04314673e+00   1.20844829e+00   2.86659813e+00   2.37132335e+00
    1.37650120e+00   1.04103351e+00   4.04132545e-01   9.81933594e-01
    1.08543897e+00   5.49059987e-01   1.34169066e+00   1.86217964e+00
    8.43247399e-03   9.71942186e-01   4.98826694e+00   8.65781486e-01
    1.46528518e+00   1.21495914e+00   9.58552837e-01   1.28225327e+00
    9.80317175e-01   1.30338943e+00   9.00283098e-01   1.42627788e+00
    2.06596828e+00   8.94518733e-01   2.62461138e+00   5.69376945e-01
    7.28971660e-01  -6.02402687e-02   3.40735279e-02   1.56314540e+00
    5.55083334e-01   6.01930976e-01   6.33748829e-01   9.33683693e-01
    3.40728569e+00   1.65044165e+00   1.96763241e+00   1.39123178e+00
    1.59321690e+00   6.85775816e-01   1.17405355e+00   8.70248437e-01
    6.63703442e-01   7.25611687e-01   1.07023323e+00   1.42693019e+00
    8.47052574e-01   2.30729723e+00   1.85193682e+00   3.51297307e+00
    5.55021703e-01   5.19301295e-01   1.49051750e+00   2.05014157e+00
    1.12933707e+00   5.06783247e-01   1.31487525e+00   1.63842475e+00
    1.48129320e+00   9.25728440e-01   1.30212200e+00   1.06154060e+00
    1.02663791e+00   7.75781512e-01   1.23507857e+00   1.99683559e+00
    1.00640166e+00   1.62259877e+00   4.45479065e-01   2.78083372e+00
    9.27534878e-01  -8.65129903e-02   9.49645564e-02   7.27895319e-01
   -1.54274208e-02   9.94537294e-01   4.37168360e+00   9.73454595e-01
    8.70424807e-01   1.16750026e+00   1.52327144e+00   1.58312285e+00
    2.99201250e-01   1.90281296e+00   4.42715526e-01   3.36492348e+00
    1.49921131e+00   8.74277115e-01   1.69370365e+00   2.02728581e+00
    1.38831580e+00   1.06664157e+00   2.22717905e+00   9.57443416e-01
    1.88125765e+00   1.94384074e+00   1.85493842e-01   1.26611078e+00
    1.65259361e+00   1.63116825e+00   3.56012046e-01   1.66309774e+00
    9.66396153e-01   2.03649473e+00   8.40566397e-01   1.27068734e+00
    7.88614392e-01   1.26081932e+00   9.08260822e-01   8.93150508e-01
    1.63778508e+00   1.62960637e+00   3.13280880e-01   7.22656310e-01
    8.30269039e-01   1.76415718e+00   1.34485650e+00   2.07747030e+00
    4.31445032e-01   4.90969598e-01   9.93520379e-01   1.65720427e+00
    2.17777157e+00   3.93797016e+00   7.86143601e-01   9.60693717e-01
    3.57770510e-02   1.26830029e+00   1.12422574e+00   1.79344201e+00
    9.54645216e-01   1.10023892e+00   3.56843859e-01   1.53906882e+00
    1.07406640e+00   4.32213442e-03   1.67823154e-02   1.47081172e+00
    9.11299288e-01   1.50643933e+00   8.36496592e-01   5.37742436e-01
    1.16041970e+00   2.20952058e+00   2.17002690e-01   1.42700076e+00
    1.05150342e+00   6.69429302e-01   1.34143972e+00   3.49242866e-01
    1.42102706e+00   1.22408533e+00   9.75194871e-01   1.32661963e+00
    1.40569150e+00   1.56866491e+00   1.19028652e+00   1.71232188e+00
    8.73288572e-01   1.88727069e+00   7.72480428e-01   1.50015855e+00
    1.73815358e+00   1.05188966e+00   3.34581196e-01   1.05095184e+00
    2.66172618e-01   7.64073491e-01   8.29255879e-01   2.84786224e-01
    7.74090707e-01   1.47360599e+00   6.56153440e-01   1.94968367e+00
    8.47755253e-01   1.04759753e+00   9.73765671e-01   1.91947949e+00
    7.59985983e-01   5.45611441e-01   2.35129252e-01   1.60772657e+00
    3.85186821e-01   1.78400159e+00   1.07754074e-01   6.34966731e-01
    1.00489759e+00   1.26347983e+00   1.05448866e+00   1.14873755e+00
    1.13475204e+00   1.32136846e+00   2.19333100e+00   4.96165097e-01
    2.69789171e+00   1.69388318e+00   1.65513110e+00   9.94685173e-01
    1.50211763e+00   4.97235632e+00   9.60559845e-01   1.24790668e+00
    5.26152194e-01   1.96930277e+00   1.83080149e+00   1.30510104e+00
    2.01198983e+00   6.10411310e+00   3.59478503e-01   4.37471360e-01
    2.14489603e+00   1.09787440e+00   6.19493186e-01   1.99658561e+00
    8.15181315e-01   1.17199504e+00   2.21597862e+00   3.56161058e-01
    1.86724436e+00   1.44285440e+00   1.70544386e+00   5.43978155e-01
    5.17036915e-01   1.14952087e+00   4.96313274e-01   1.45707273e+00
    3.82717729e-01   2.03275967e+00   1.03504336e+00   4.50359583e+00
    1.54528391e+00   8.84790361e-01   8.38297188e-01   1.06656337e+00
    3.50988716e-01   9.04983222e-01   1.41825891e+00   2.08539391e+00
    3.57502818e-01   3.84754610e+00   9.91427898e-01   1.00434661e+00
    1.78974700e+00   1.63261974e+00   6.76863730e-01   2.03375268e+00
    6.11246563e-02   1.73065770e+00   6.24864042e-01   3.62184733e-01
    1.60721183e+00   2.64499021e+00   5.30840218e-01   1.94191992e+00
    1.56649992e-01   9.33690488e-01   2.49949503e+00   4.77116644e-01
    4.53256369e+00   2.12784782e-01   1.22452641e+00   8.84161234e-01
    8.30671549e-01   2.15172935e+00   1.96165311e+00   1.36380124e+00
    1.02640438e+00   1.34701097e+00   2.02416730e+00   9.99739766e-01
    1.47110152e+00   1.52297962e+00   1.10258114e+00   8.10456097e-01
    1.01570106e+00   1.27700007e+00   9.14637327e-01   1.37676418e+00
    1.13069940e+00   8.90842617e-01   7.45934844e-01   1.47899115e+00
    1.00784861e-01   8.85460913e-01   2.32285544e-01   4.31509137e-01
    5.72290778e-01  -2.34428700e-02   7.51119912e-01   7.09870040e-01
    1.63729334e+00   1.39819026e+00   3.04903007e+00   6.11830890e-01
    7.07166553e-01   4.88144428e-01   1.55957174e+00   8.29816759e-01
    2.66190290e-01   1.43240261e+00   1.61159217e+00   2.11124563e+00
    8.34882021e-01   2.38656449e+00   1.60997021e+00   1.41433895e+00
    1.08789706e+00   1.01445186e+00   9.34979618e-01   9.01080668e-01
    7.47228265e-01   1.21384025e+00   1.49644053e+00   2.10611629e+00
    1.76838052e+00   4.90555137e-01   7.20600605e-01   1.30392838e+00
    3.14340472e-01   1.09889853e+00   1.08070731e+00   9.79298472e-01
    1.93722188e+00   1.41930115e+00   9.33330357e-01   1.35914540e+00
    1.31339681e+00   9.93497133e-01  -2.43619066e-02   5.67928374e-01
    9.93896723e-02   2.57032204e+00   1.16374207e+00  -4.14524227e-02
    1.19837689e+00   9.03391242e-02   1.48461473e+00   1.27950752e+00
    1.19149935e+00   1.03114232e-01   7.24091306e-02   1.82663947e-01
    1.98232603e+00   1.59984612e+00   4.88010734e-01   9.54033792e-01
    6.28217697e-01   7.23138392e-01   1.40025187e+00   9.65896487e-01
    1.02915895e+00   2.26059604e+00   2.69774699e+00  -4.49482910e-02
    3.90640616e-01   1.20103776e+00   1.43819892e+00   2.93167377e+00
    3.03702980e-01   3.90022576e-01   1.30475020e+00   3.33144039e-01
    1.92356706e-01   6.89960957e-01   1.21417999e+00   2.07383847e+00
    1.04273498e+00   8.07932734e-01   3.44301730e-01   2.35676742e+00
    1.45042384e+00   1.08542120e+00   1.24937069e+00   1.61625421e+00
    1.30011201e+00   8.87441158e-01   1.42834496e+00   1.30715358e+00
   -7.15349987e-02   1.58166826e+00   9.46028352e-01   2.92150807e+00
    1.47223520e+00   1.35065448e+00   1.33094442e+00   1.21958423e+00
    1.97697389e+00   1.12310195e+00   1.48145700e+00   3.62613648e-01
    1.14069986e+00   2.56151438e+00   5.79000473e-01   1.12658846e+00
    1.20616949e+00  -1.79037284e-02   2.15705752e-01   1.48676062e+00
    4.48687643e-01   1.68584931e+00   2.05539417e+00   5.37990987e-01
    2.20058870e+00   2.17001438e+00   2.61960864e+00   8.57829690e-01
   -3.63267283e-03   1.00937450e+00   1.14156926e+00   1.76211786e+00
    5.12765408e-01   2.12844157e+00   1.02470791e+00   1.94746375e+00
    1.34882021e+00   1.85582578e+00   1.80311128e-01   2.33554721e+00
    1.71213949e+00   1.31787896e+00   1.49756205e+00   1.04317451e+00
    2.56776047e+00   1.17877686e+00   1.45790946e+00   1.17139256e+00
    1.22183990e+00   4.66897190e-01   3.00480509e+00   1.67362046e+00
    1.46682346e+00   8.66024256e-01   8.19078386e-01   4.67964172e-01
    1.77909243e+00   1.07204580e+00   5.08853197e+00   1.76341450e+00
    1.86183357e+00   1.30093443e+00   1.57707870e+00   2.64332366e+00
    1.29041922e+00   5.20266965e-02   1.42968619e+00   1.30849934e+00
    1.34887350e+00   1.29630494e+00   9.55788016e-01   3.86804521e-01
    8.33564281e-01   6.51803195e-01   1.71397781e+00   1.91478980e+00
    1.17028844e+00   1.10033512e+00   9.87251103e-01   9.18872833e-01
    3.94126117e-01   1.33634031e+00   1.08360195e+00   9.63523746e-01
    2.58529902e+00   5.28832555e-01   9.20330942e-01  -4.10958268e-02
    1.00792980e+00   3.03201628e+00   2.82579243e-01  -1.48991693e-03
    8.16711128e-01   2.64105296e+00   8.53168666e-01   1.25086915e+00
    2.06561279e+00  -1.03065550e-01   9.83867943e-01   2.85823315e-01
    1.56578875e+00   2.44812465e+00  -1.12067703e-02   5.30310690e-01
    3.77844095e-01   1.10751879e+00   5.09043157e-01   9.00975168e-01
    7.22040534e-01   7.57297695e-01   7.25733519e-01   6.26111507e-01
    1.96341598e+00   3.59914839e-01   3.75480592e-01   1.16730714e+00
    2.36020637e+00   7.11490393e-01   2.48996639e+00   1.39780724e+00
    1.21520686e+00   1.24151856e-01  -4.00484465e-02   2.85400581e+00
    1.07601869e+00   1.90587866e+00   1.35416210e+00   4.02346760e-01
    8.25436831e-01   1.29051709e+00   1.00359333e+00   2.21789670e+00
