  1.35915136e+00   1.20305276e+00   2.58357024e+00   1.84911561e+00
    1.46751797e+00   9.76230145e-01   3.82478297e-01   5.56363404e-01
    1.38855207e+00   3.94355267e-01   1.10235417e+00   2.14350295e+00
   -2.97470223e-02   4.21135247e-01   3.98502350e+00   8.43157828e-01
    1.61571908e+00   9.83719468e-01   8.39502215e-01   1.21024096e+00
    1.30258942e+00   1.39601350e+00   1.05834663e+00   1.91002488e+00
    1.81998503e+00   1.04948533e+00   2.54226232e+00   7.88178205e-01
    1.98234748e-02  -1.77258085e-02   9.66914520e-02   1.71773970e+00
    1.11102402e+00   4.30988222e-01   6.11062109e-01   6.92359090e-01
    3.15945697e+00   1.27281034e+00   1.54718435e+00   1.17967093e+00
    1.30187833e+00   2.02913091e-01   1.36355436e+00   9.79955554e-01
    6.52409673e-01   4.57772821e-01   6.36615455e-01   9.95434463e-01
    3.85924757e-01   2.05975413e+00   1.82261050e+00   3.27835417e+00
    2.47298285e-01   8.66778255e-01   1.74380946e+00   1.67453504e+00
    9.62842226e-01   1.45911944e+00   1.94210517e+00   9.72088456e-01
    1.62148094e+00   7.81591594e-01   1.53261960e+00   1.07430863e+00
    1.51831043e+00   4.97446388e-01   1.19952559e+00   1.48169088e+00
    7.31733084e-01   1.54745018e+00   2.68889308e-01   2.40004110e+00
    8.95738304e-01  -8.55733380e-02  -3.75691615e-02   2.31140113e+00
   -7.52807129e-03   1.16531718e+00   4.26066303e+00   7.65892148e-01
    5.08431077e-01   1.15864146e+00   1.45924902e+00   1.57648504e+00
    4.73651052e-01   7.30356932e-01   5.56978345e-01   3.25897551e+00
    1.56738627e+00   1.22419631e+00   1.87363017e+00   1.71295190e+00
    1.45368314e+00   9.79784012e-01   2.01800060e+00   1.37808406e+00
    1.85706198e+00   2.00279856e+00  -4.23721969e-02   1.64713085e+00
    1.58978450e+00   1.79962313e+00   1.95318684e-01   9.79477108e-01
    2.31603071e-01   1.87835181e+00   6.72172070e-01   1.34940791e+00
    1.17035782e+00   1.04269767e+00   5.62874258e-01   9.64726925e-01
    1.23052073e+00   1.40166986e+00   1.86465070e-01   4.97360766e-01
    6.36950850e-01   1.47864318e+00   1.58911681e+00   2.47779131e+00
    4.61999863e-01   6.66851163e-01   5.95463037e-01   1.49667025e+00
    2.74800205e+00   2.36853695e+00   6.52346253e-01   1.39068651e+00
    3.19743663e-01   1.24738395e+00   7.27316499e-01   1.80716836e+00
    4.39804018e-01   8.71959388e-01   2.64813960e-01   1.49381697e+00
    9.05982316e-01   1.55996129e-01   1.89110994e-01   1.51269758e+00
    7.41877735e-01   1.84326351e+00   1.16077137e+00   1.33886665e-01
    9.79220212e-01   1.94904411e+00   3.44498098e-01   1.33203602e+00
    1.13678658e+00   2.33207345e-02   1.58013201e+00   4.43841144e-02
    1.01477754e+00   1.16878128e+00   4.45705920e-01   1.20367074e+00
    1.50367248e+00   1.53348064e+00   1.35036230e+00   1.90221775e+00
    1.19831693e+00   1.81090987e+00   5.87534368e-01   1.39813709e+00
    1.29806912e+00   1.14486063e+00  -5.11337584e-03   8.42772901e-01
    8.59607816e-01   9.17139471e-01   7.62094021e-01   8.23830068e-01
    1.10089135e+00   1.50368965e+00   8.97283316e-01   1.89966547e+00
    1.37402523e+00   1.38757598e+00   1.17499924e+00   1.57311070e+00
    5.60766518e-01   1.37743628e+00   4.79707830e-02   1.70433450e+00
    1.98863521e-01   1.74389589e+00   2.91373223e-01   5.50882638e-01
    1.51865649e+00   7.35111535e-01   1.40999806e+00   1.66553485e+00
    8.22609186e-01   1.94751298e+00   1.32917643e+00   2.68524170e-01
    3.34135389e+00   1.70221615e+00   1.36676526e+00   1.33711612e+00
    1.79211092e+00   4.93989611e+00   5.21091580e-01   2.46067703e-01
    1.00398695e+00   1.85844886e+00   2.13552570e+00   1.14135396e+00
    2.14588976e+00   6.16623020e+00   2.63058275e-01   5.02555192e-01
    1.89553118e+00   1.77824032e+00   8.37677836e-01   1.66330147e+00
    8.76048267e-01   1.09080327e+00   1.98508644e+00   4.19137239e-01
    1.72086668e+00   1.82399452e+00   2.00395775e+00   6.94304228e-01
    4.56980675e-01   3.97330999e-01   1.51509511e+00   1.82058191e+00
    4.29678410e-01   1.58821750e+00   9.50161219e-01   3.79438424e+00
    1.29531729e+00   8.93969774e-01   5.65622807e-01   1.25783575e+00
    4.57262129e-01   1.15274751e+00   9.30801630e-01   1.90037346e+00
    6.29097819e-01   3.93679929e+00   1.08578813e+00   1.39814806e+00
    1.08294368e+00   9.37325537e-01   1.47776008e+00   2.10119081e+00
    3.25448334e-01   2.18988609e+00   7.47551501e-01   2.51350880e-01
    1.54832494e+00   1.95707917e+00   6.55846536e-01   2.29132676e+00
    1.41388893e-01   8.75066161e-01   2.42298365e+00   3.66189808e-01
    4.93844652e+00   3.13205421e-01   1.05367303e+00   8.96237433e-01
    7.24794209e-01   1.50683951e+00   1.54711866e+00   1.31898677e+00
    1.54008245e+00   2.17360187e+00   1.77265930e+00   6.66845500e-01
    1.28546894e+00   1.18343544e+00   1.05355465e+00   6.99608028e-01
    1.00880563e+00   1.04258966e+00   8.51309538e-01   1.02504778e+00
    1.68108153e+00   9.18195009e-01   6.52597249e-01   1.25859189e+00
    2.15335459e-01   8.79270852e-01   2.23564208e-01   6.26853764e-01
    2.71841168e-01  -6.44474551e-02   3.28410089e-01   7.49711752e-01
    1.35790026e+00   1.30476403e+00   2.10146618e+00   8.15806806e-01
    9.96717811e-01   3.38260472e-01   8.74105990e-01   1.08271551e+00
    4.10726428e-01   1.13891137e+00   1.32219911e+00   2.10175109e+00
    1.58829486e+00   2.02071428e+00   1.24478137e+00   1.28966784e+00
    9.56160963e-01   8.90662551e-01   1.20629311e+00   2.14064419e-01
    4.17752534e-01   1.15074909e+00   1.25252748e+00   1.98242593e+00
    1.62167418e+00   9.66119915e-02   1.29084036e-01   8.14371467e-01
    2.18963265e-01   9.86189842e-01   1.34185684e+00   1.25722229e+00
    1.86057043e+00   1.24342561e+00   1.04438043e+00   1.18341339e+00
    1.31701660e+00   1.08096087e+00   1.15515061e-01   5.73559821e-01
    3.84801589e-02   2.46083379e+00   1.52100492e+00  -5.25722802e-02
    1.46680093e+00   4.99256514e-02   1.15012074e+00   1.38724566e+00
    9.13511395e-01   4.37726453e-02   1.93498686e-01   5.60749434e-02
    1.55923653e+00   8.85603845e-01   5.54200709e-01   9.72482681e-01
    5.04366398e-01   7.96815753e-01   1.61169589e+00   1.07583094e+00
    9.48773980e-01   2.80749321e+00   3.03428221e+00  -4.76664454e-02
    1.92103475e-01   9.64059889e-01   6.81568921e-01   2.34696937e+00
   -1.37290461e-02   1.00241967e-01   1.11735547e+00   7.05745757e-01
    3.05775046e-01   6.26364648e-01   1.10303509e+00   2.30001903e+00
    1.40516973e+00   1.22769165e+00   2.34077632e-01   1.81412983e+00
    1.53734398e+00   1.33157253e+00   1.23788834e+00   1.32996964e+00
    9.07911956e-01   7.15791225e-01   2.01178217e+00   1.01391923e+00
   -8.05284604e-02   1.33114135e+00   6.84112966e-01   2.85966516e+00
    1.65937722e+00   1.31349182e+00   1.16268539e+00   1.29601371e+00
    1.96230769e+00   1.11038625e+00   9.24959779e-01   4.73455042e-01
    5.10788620e-01   2.65316987e+00   9.45578814e-02   1.04019821e+00
    1.09354854e+00  -9.82837938e-03   1.28738508e-01   9.50102329e-01
    5.56923270e-01   1.74119377e+00   2.23727417e+00   1.06198835e+00
    1.78558183e+00   2.61305714e+00   2.22435927e+00   7.18785286e-01
    6.16140403e-02   1.37258923e+00   4.21025127e-01   1.79312575e+00
    8.42266381e-01   1.71951282e+00   7.02351868e-01   1.30989838e+00
    1.15323901e+00   1.78611600e+00   5.84565941e-03   2.49672651e+00
    1.36294246e+00   1.27989018e+00   1.36218619e+00   1.23013878e+00
    2.19973397e+00   1.29308546e+00   1.33996665e+00   1.11904514e+00
    1.45514393e+00   3.03181618e-01   1.78687441e+00   1.51857769e+00
    1.39871478e+00   1.07846844e+00   1.15048110e+00   1.59745634e+00
    1.82236111e+00   1.25140929e+00   5.36563969e+00   2.06002569e+00
    1.18718672e+00   1.84398651e+00   1.37141836e+00   2.81135869e+00
    1.26830912e+00   3.51631790e-01   1.09744143e+00   1.39904463e+00
    1.22558510e+00   7.81006753e-01   8.33911300e-01   4.84971851e-01
    1.17146778e+00   7.19999015e-01   1.58985913e+00   1.73062289e+00
    8.51484537e-01   9.95534837e-01   1.32082617e+00   9.87477481e-01
    1.33081868e-01   9.84215617e-01   1.10373735e+00   7.57635653e-01
    2.21397495e+00   5.96660435e-01   1.04340839e+00   1.33064156e-02
    1.21130891e-01   3.66669464e+00   3.76038909e-01   1.35784268e-01
    7.76383340e-01   2.70002246e+00   2.48757362e-01   6.69166028e-01
    1.67440283e+00  -9.98721495e-02   1.91854239e+00   1.93353638e-01
    1.37066031e+00   1.72852969e+00   1.52474836e-01   6.19995654e-01
    3.61514241e-01   7.45456934e-01   3.96060228e-01   1.58184612e+00
    1.04519737e+00   9.95452881e-01   7.24023879e-01   3.91750455e-01
    1.59391344e+00   5.40875375e-01   4.12614942e-01   1.04051292e+00
    1.89012098e+00   3.40156376e-01   2.11249852e+00   1.35441399e+00
    1.23623848e+00  -3.93704176e-02  -3.54852937e-02   2.66354561e+00
    9.53468561e-01   1.50314057e+00   1.44520926e+00   2.09593568e-02
    4.91756856e-01   1.30748987e+00   1.25845432e+00   1.97840834e+00
