  1.44140208e+00   1.31409645e+00   2.43327069e+00   2.19745755e+00
    1.87556005e+00   1.92432570e+00   5.02462924e-01   1.33261943e+00
    1.11710465e+00   4.54372525e-01   1.26019335e+00   2.15071440e+00
    2.76791483e-01   7.52484381e-01   4.66373539e+00   1.83374310e+00
    1.87746835e+00   8.92053306e-01   1.03783739e+00   1.05854177e+00
    1.39030790e+00   8.63986194e-01   1.07451129e+00   1.26695025e+00
    2.03992558e+00   1.26209366e+00   2.42222762e+00   6.92821980e-01
    6.86825454e-01   4.95666772e-01   6.89579308e-01   2.30889964e+00
    4.70490038e-01   1.21819472e+00   8.75086665e-01   7.64690280e-01
    3.27513599e+00   1.62011874e+00   2.40556026e+00   1.40862572e+00
    1.71220672e+00   5.26945651e-01   1.87490726e+00   1.09501159e+00
    8.41427982e-01   1.21704972e+00   1.40929639e+00   1.28989029e+00
    1.07704997e+00   2.49070072e+00   2.12171149e+00   3.66668749e+00
    6.01835549e-01   9.76850271e-01   1.54137218e+00   1.60882974e+00
    1.18373442e+00   7.89795399e-01   1.22804105e+00   1.62590396e+00
    1.53585577e+00   1.60152686e+00   1.24772763e+00   1.11120605e+00
    1.31236815e+00   7.24517763e-01   1.36112618e+00   2.09189081e+00
    1.25616241e+00   1.57781792e+00   5.73490202e-01   2.38106847e+00
    1.19886172e+00   6.02953613e-01   4.38412093e-02   9.45789278e-01
    3.93328547e-01   1.07179868e+00   4.56654263e+00   6.42626405e-01
    9.37439501e-01   1.32815754e+00   1.50433111e+00   1.68789887e+00
    1.19203925e+00   1.66478074e+00   6.62642598e-01   3.50987148e+00
    1.45414519e+00   7.87914872e-01   1.92969763e+00   1.98335671e+00
    9.79805470e-01   1.13781726e+00   1.58756006e+00   1.34162116e+00
    2.02727604e+00   2.12174201e+00  -1.97937936e-02   1.46141469e+00
    1.23810267e+00   1.97600472e+00   1.27636716e-01   1.77019727e+00
    5.71881473e-01   2.57726693e+00   1.02922666e+00   1.85873652e+00
    1.39814687e+00   8.88089657e-01   8.73291016e-01   9.59838033e-01
    1.11681294e+00   1.86102343e+00   2.41685763e-01   6.48592710e-01
    8.48812163e-01   1.71494448e+00   1.99574447e+00   2.38957810e+00
    6.82813585e-01   8.90994668e-01   1.41933692e+00   1.78031361e+00
    2.09779286e+00   3.39268279e+00   1.09794867e+00   1.33372664e+00
    1.22981048e+00   1.37755167e+00   8.50616276e-01   2.14029431e+00
    8.65525544e-01   1.46388042e+00   3.88693541e-01   1.25295305e+00
    1.18355572e+00   3.76934975e-01   4.99985248e-01   1.46000254e+00
    1.12545049e+00   1.52459645e+00   1.33483148e+00   9.97950077e-01
    1.29472816e+00   1.71408451e+00   7.89555192e-01   1.03613210e+00
    1.49715698e+00   2.67152246e-02   2.33698893e+00   4.82844651e-01
    1.30263400e+00   2.21297860e+00   1.11759734e+00   1.41472769e+00
    9.33670878e-01   2.19296813e+00   1.37801623e+00   2.08351874e+00
    1.55083692e+00   1.75943625e+00   7.94388950e-01   8.90576124e-01
    2.02622390e+00   1.10997808e+00   3.60824704e-01   1.58625484e+00
    4.15041327e-01   8.14705133e-01   8.54819477e-01   6.06282651e-01
    3.90217066e-01   1.09232438e+00   1.28700459e+00   2.31429911e+00
    1.24389696e+00   1.47851419e+00   1.17943215e+00   1.61825931e+00
    9.55713034e-01   9.28810477e-01   4.60723728e-01   1.57309401e+00
    3.33751887e-01   1.78026378e+00   5.91961816e-02   9.04982746e-01
    1.33468819e+00   1.10590386e+00   1.64119983e+00   1.16148686e+00
    1.37188041e+00   1.06586838e+00   2.05809712e+00   3.58261526e-01
    2.95730400e+00   2.09602761e+00   1.29771280e+00   1.21827090e+00
    2.19178629e+00   4.52738047e+00   7.72760391e-01   1.15221953e+00
    8.49422216e-01   2.26039052e+00   2.28555083e+00   6.98606610e-01
    1.89182079e+00   6.21984863e+00   5.82914352e-01   1.00032246e+00
    1.86472249e+00   1.06402624e+00   4.97293055e-01   1.53649211e+00
    9.97609377e-01   1.41181076e+00   2.51888633e+00   5.51501513e-01
    2.39712501e+00   1.42168248e+00   2.42224193e+00   4.05740619e-01
    8.24102044e-01   1.36265981e+00   4.47453797e-01   1.76488793e+00
    1.14461362e+00   1.59511888e+00   6.88949823e-01   4.04985619e+00
    1.77393842e+00   8.88605654e-01   6.69937968e-01   1.46642351e+00
    2.87510246e-01   1.25342071e+00   1.45540142e+00   1.60780740e+00
    6.82252169e-01   3.63363695e+00   1.05711937e+00   7.34734595e-01
    1.89646387e+00   1.36759770e+00   1.02035511e+00   2.23586559e+00
    3.20429832e-01   2.13423586e+00   1.04666519e+00   2.49468476e-01
    2.53160048e+00   2.44272161e+00   5.34339666e-01   2.35274243e+00
    1.83542728e-01   5.09946465e-01   2.46852136e+00   2.95571238e-01
    5.40782928e+00   8.72635782e-01   1.34818518e+00   8.39624882e-01
    1.58584952e+00   1.83304369e+00   1.17902780e+00   1.25487506e+00
    1.29391897e+00   1.46577322e+00   1.75579405e+00   1.22259700e+00
    2.20072603e+00   1.43308616e+00   1.74528134e+00   5.77869058e-01
    1.03890359e+00   1.32251775e+00   1.19963217e+00   2.27495646e+00
    1.41006613e+00   9.50143039e-01   1.23574758e+00   1.62372518e+00
    1.44474477e-01   7.60078371e-01   2.89165884e-01   1.17492294e+00
    4.14476991e-01   1.12593688e-01   3.60275358e-01   9.79257643e-01
    1.14702904e+00   1.65318644e+00   2.57660866e+00   1.10603583e+00
    7.86814272e-01   3.81609470e-01   2.07490993e+00   1.20582581e+00
    2.81212926e-01   1.18697131e+00   1.40080059e+00   2.53628230e+00
    1.12504852e+00   2.61599731e+00   1.27579463e+00   1.25352001e+00
    9.80455279e-01   1.87470663e+00   5.89462280e-01   8.87573123e-01
    1.07282066e+00   1.15343571e+00   1.94272244e+00   2.98631644e+00
    2.08836079e+00   5.53153574e-01   8.47538173e-01   1.11039591e+00
    4.32143480e-01   1.24018693e+00   1.06563687e+00   1.90842903e+00
    2.07954168e+00   1.56564975e+00   1.03643012e+00   1.37225246e+00
    1.53559959e+00   1.26909947e+00   1.10950887e+00   8.38819921e-01
   -1.79881006e-02   2.64986277e+00   1.68620467e+00   6.74430847e-01
    1.14487350e+00  -1.66673791e-02   1.47401655e+00   1.20908630e+00
    1.09689915e+00   1.08176455e-01   3.05684268e-01   2.57744074e-01
    1.85244894e+00   1.03175211e+00   8.62790346e-01   8.44226062e-01
    1.53803992e+00   1.05293024e+00   1.61605692e+00   6.89593792e-01
    1.08460176e+00   2.52121735e+00   2.90661168e+00   5.91902673e-01
    5.81224084e-01   1.10563934e+00   1.47374296e+00   2.36418986e+00
    6.14376783e-01   4.34165716e-01   1.77672362e+00   1.04000294e+00
    5.90512276e-01   9.38995302e-01   1.33659041e+00   2.39265823e+00
    1.20831871e+00   1.18954062e+00   5.30546367e-01   2.27675390e+00
    1.48512089e+00   2.40371037e+00   1.08899117e+00   1.54593718e+00
    1.06413341e+00   9.23200369e-01   1.58824205e+00   1.02926719e+00
   -3.13148014e-02   1.56090319e+00   8.27957153e-01   2.70601869e+00
    1.38990414e+00   1.57230079e+00   1.41848028e+00   1.38950896e+00
    2.54385972e+00   1.05516803e+00   1.25079715e+00   7.23042190e-01
    8.18129957e-01   2.06217861e+00   3.48996138e-03   1.68031955e+00
    1.50822711e+00   3.78729999e-01   6.75370991e-01   1.19689965e+00
    1.22336864e+00   1.67542112e+00   2.28592396e+00   1.00659597e+00
    2.27735019e+00   3.02589798e+00   2.72078443e+00   1.05376422e+00
    6.25015974e-01   1.35834455e+00   1.32332361e+00   1.80403101e+00
    1.15120125e+00   2.28403854e+00   1.07602453e+00   1.45808566e+00
    1.80011702e+00   1.87442923e+00   4.61348385e-01   2.07599759e+00
    1.94669473e+00   1.32717991e+00   1.57229769e+00   1.23876667e+00
    2.53815675e+00   1.24012423e+00   1.78243852e+00   1.20697117e+00
    1.28289509e+00   8.77537429e-01   2.91681695e+00   2.24938297e+00
    1.53447711e+00   1.02257013e+00   9.81706500e-01   6.17840827e-01
    3.01143193e+00   1.32402050e+00   5.03141165e+00   2.13348699e+00
    1.98118567e+00   1.66358268e+00   1.03157973e+00   2.06937551e+00
    2.06426740e+00   8.94309059e-02   1.23845124e+00   1.23112452e+00
    1.48959756e+00   9.25286591e-01   9.36739326e-01   7.85424411e-01
    1.83713126e+00   1.13872015e+00   1.74633884e+00   2.63503671e+00
    1.28690290e+00   8.00921619e-01   1.53723907e+00   9.99297261e-01
    1.05432475e+00   1.40848172e+00   1.30163419e+00   1.21074867e+00
    2.05847406e+00   8.03684294e-01   9.34757531e-01  -7.38819167e-02
    4.00657624e-01   2.29240632e+00   4.94101673e-01   6.40107572e-01
    1.18583024e+00   2.76233435e+00   1.08209789e+00   1.22320330e+00
    1.90746510e+00  -4.94894832e-02   1.47712123e+00   2.46578842e-01
    1.21248806e+00   2.29252458e+00   7.57383466e-01   5.22043169e-01
    4.66500640e-01   1.12599623e+00   1.25158107e+00   1.40476096e+00
    1.12008321e+00   8.04311931e-01   1.98122573e+00   8.89212191e-01
    1.88140500e+00   7.99150825e-01   6.46109819e-01   8.65109086e-01
    2.22338414e+00   8.03389430e-01   2.60539865e+00   1.59214807e+00
    1.55952358e+00   6.99732661e-01   5.17396808e-01   2.99569678e+00
    1.26221442e+00   2.44302583e+00   1.54261005e+00   5.57217419e-01
    7.00264692e-01   1.55025339e+00   9.74333048e-01   2.84815001e+00
