 0.83929378  0.93109572  1.971367    1.66985393  2.00181866  1.54784858
   0.73317301  1.08411252  1.23853374  1.24772453  1.93894506  1.49120688
   0.06859017  0.89280117  4.95892811  0.92615765  1.04566157  0.6376372
   1.31890059  0.68343365  1.11131358  1.07899737  0.87909007  0.74708354
   1.63408411  1.21211052  2.83391905  0.41366559  0.95141417  1.19574881
   0.90826595  1.68971562  1.16591454  0.68380773  1.05777037  0.898655
   2.34475136  1.59277916  1.76964974  1.6191808   1.13412714  1.09313869
   0.94459313  0.75678426  0.87320971  1.03868628  1.3001169   1.35612166
   0.84142393  2.1323235   1.75930321  3.13383102  0.78112572  1.59169161
   1.21376157  1.52613926  1.37936234  0.6889655   1.44338691  1.1128341
   1.88491416  1.21293354  1.39154589  1.13536918  1.26489127  1.10711026
   1.14689636  0.95337188  1.2371335   1.68934548  0.63275385  2.02966976
   1.08749735 -0.01219071  0.0991867   0.59864455  0.23239833  1.70172358
   3.42254329  0.60606784  1.26015258  1.46718955  1.32582629  1.24738884
   0.57458735  1.23701775  0.4971627   2.92111182  1.2630496   1.00550759
   1.64005947  2.27537274  1.24594271  1.08230746  1.55497456  1.31603312
   2.0059166   1.5932318   0.65560877  1.17163694  1.40897155  1.34147131
   0.37234491  1.21725547  1.37279594  1.59235203  0.9527753   1.0278846
   0.72470099  1.87929404  0.53191954  0.91984147  1.31971467  1.5664252
   0.69564682  0.6935035   0.95733166  1.99503684  1.86493373  1.57954943
   0.44410038  0.77622765  1.67715192  2.03497529  1.84098136  3.68196988
   0.74746335  1.39603388  1.05202389  0.92243046  1.02395689  1.73347068
   1.13571191  0.71925867  0.40810615  1.11943424  1.26079166  0.16184177
   0.26483557  2.02078605  0.63503301  1.41544127  1.39791322  0.5982098
   2.23645067  1.37635481  0.79127443  1.43172181  1.35536706  0.66882992
   2.44462991  0.34556445  1.69537938  1.0498023   1.43368292  1.62669849
   1.43680561  2.25842023  1.15960324  2.23255038  0.86728173  2.15619159
   0.62017351  0.88049465  2.38451004  1.12689412  0.56271154  1.20558178
   0.63961983  0.93937129  0.71425581  0.56720567  0.65057415  1.15459728
   1.7231853   2.12711501  0.7977972   1.02420366  1.47919273  2.21515226
   0.8595854   0.92739552  0.67362064  0.81725085  0.3370437   1.65751874
   0.17481847  0.70848662  0.82580334  1.76347804  1.31804645  1.26877892
   1.19502532  0.97974902  1.69506383  0.81219369  2.3462894   2.14031148
   1.60871112  1.11530662  1.93893325  3.1488905   0.593059    1.66870248
   0.45540059  1.8381089   2.51676321  0.73017514  1.74544144  4.84325027
   1.16905522  0.62791967  1.71466541  1.44312692  0.4825072   1.94721818
   0.37025625  1.14486039  1.51228964  0.63960046  2.08665252  1.35360575
   1.28819525  0.77763695  1.15815544  1.3712343   0.2198467   1.86168575
   0.43257776  2.09583688  0.8214305   3.41516328  1.21674407  0.66468477
   0.72852904  1.60924184  0.87930787  1.82752478  1.8153609   1.47513771
   0.43235099  3.30724287  1.11749291  0.99600285  1.1678313   1.33599055
   1.14970183  2.09018493  0.34217662  0.91613692  0.98768687  0.48750374
   2.4827652   2.63013411  0.45928341  2.41574574  0.65534222  1.28725219
   2.01858044  0.68657798  4.55813599  0.20865865  1.80495799  0.62936938
   1.99306023  1.34867859  1.18787336  1.42974925  0.8195284   1.16592836
   1.76432014  0.99512839  1.88248074  1.14578593  0.9016611   0.73860455
   1.26680446  0.84577149  0.92393279  1.81125224  1.74156058  1.60027826
   0.88025284  1.42345488  0.08643899  1.01521504  0.59547281  1.23202693
   0.93814099 -0.0181092   0.31545275  1.40060663  1.64234817  1.7841779
   3.44029951  0.96687174  1.12560296  0.41024956  1.55072165  1.47152627
   0.51870209  1.24621296  1.63797224  2.42155313  1.01405382  2.22077608
   1.27204108  1.00020742  0.63848305  1.62153554  1.51703835  0.78611058
   0.59777105  1.44824338  2.28620005  2.23563075  1.79575753  0.41126785
   0.52384484  0.8179841   0.37497631  1.18103361  0.94057703  2.01101279
   1.72373986  1.23756635  0.98803186  1.32365012  2.50435066  1.02165604
   0.72840661  0.72233903  0.24307515  2.45614314  1.20441437 -0.04079505
   1.21445739  0.29205498  1.30653405  1.43466806  0.92032254 -0.01952195
   0.19189152  0.1842415   1.92720795  1.63309216  0.69603908  1.07953227
   0.88575578  0.84848738  1.20939636  1.37398005  1.54428208  1.83704388
   2.57775974  0.28140187  0.40287706  0.73976374  1.66183126  2.58767128
   0.74875873  0.52915871  1.2517941   0.81638658  0.32345003  1.3465277
   1.37581098  2.24181485  1.42400098  1.29297185  0.58193594  1.84460866
   1.58939338  2.26505303  1.01749575  1.59962988  1.44014359  1.35386491
   2.22607684  1.40529537 -0.02586976  1.25937486  1.07001448  2.69934058
   1.3554889   1.56816638  1.32592213  1.40205312  2.43844056  0.93512058
   1.31326985  0.48599249  1.13055396  1.81017208  0.73527962  2.55215168
   0.31894365  0.18163536  0.59921634  1.62200129  0.96999454  1.93913388
   1.6565671   0.82508153  2.16435504  2.29410052  1.88501287  0.53306907
   0.48418942  0.9052124   1.11532867  1.91424346  1.4351263   1.81222117
   1.3466177   1.36804366  1.58096337  1.44708538  0.48169425  2.94987988
   2.17774487  1.25739992  1.55096126  0.83571118  2.47795272  1.42950547
   2.24266863  1.87298262  1.32432604  0.41246739  3.27938056  1.58753121
   0.93193424  0.89094955  1.61509252  0.84888488  2.7719686   1.68033171
   4.21166372  1.76912415  1.50129223  1.2490766   1.66622055  2.50636673
   1.40563416  0.23488095  1.49188626  1.48111069  1.57495463  1.10815084
   1.37559712  0.54187268  1.00191689  0.87498927  1.52569056  1.7254014
   1.46569884  0.85270333  1.0821898   0.95835614  1.10029805  1.37718046
   1.03387964  0.83917487  2.42917752  1.10156167  1.39638686  0.24963522
   0.92473084  1.9770366   0.55522144  0.12836872  0.73191983  2.74375892
   0.6974411   1.39366496  1.52648342 -0.0665254   1.04428446  0.26636809
   1.66768587  2.33658528  0.60735977  0.6396113   0.14864965  1.47135556
   1.68438745  1.39246571  1.25715733  0.79371059  1.68915594  0.79932058
   1.71953654  0.59000707  0.10699738  1.05517876  2.0296669   0.97370458
   2.00772285  1.45830202  1.33457124  0.32155594  0.07728133  2.06237531
   1.2765913   1.7254622   1.20695388  0.63040411  0.98458612  1.23252773
   0.86251521  1.47552824
