  2.67885506e-01   7.68760026e-01   2.17203593e+00   1.50342262e+00
    1.58686006e+00   1.14600968e+00  -4.82828617e-02   8.94990981e-01
    1.30138171e+00   1.34727180e-01   1.77716029e+00   1.27566314e+00
   -1.14393560e-02   5.62297344e-01   4.38324356e+00   8.53127539e-01
    8.49772573e-01   5.61539173e-01   1.17686439e+00   8.00480247e-01
    1.13591826e+00   8.59974146e-01   9.37325656e-01   1.27183509e+00
    1.42304945e+00   1.22477245e+00   2.31637979e+00   5.85141063e-01
    4.40284729e-01  -1.02716247e-02   2.35744327e-01   1.48582387e+00
    1.33618677e+00   9.03670907e-01   4.84540820e-01   9.64886606e-01
    1.92010641e+00   8.15869331e-01   1.65988231e+00   1.55651140e+00
    8.19719195e-01   8.52582872e-01   1.15754533e+00   7.38857388e-01
    9.96585429e-01   9.61571038e-01   5.85006118e-01   1.43949044e+00
    7.03547597e-01   2.16723657e+00   1.82901037e+00   3.12660861e+00
    4.48561341e-01   9.23385262e-01   1.04302073e+00   1.60398257e+00
    8.10608447e-01   8.32318127e-01   1.53152299e+00   7.43192136e-01
    1.55390668e+00   7.33572721e-01   1.60141969e+00   9.79837656e-01
    1.58973444e+00   3.08585286e-01   1.34458661e+00   6.89561367e-01
    9.93417382e-01   1.93698215e+00   4.57974643e-01   1.85893846e+00
    1.01257586e+00  -7.82432556e-02   5.36642149e-02   1.38131499e+00
    9.94255021e-02   1.30678737e+00   3.73339295e+00   7.79683828e-01
    1.47220564e+00   1.23929131e+00   1.51690137e+00   2.02412581e+00
    1.53679594e-01   1.26833224e+00   1.06330955e+00   3.16057634e+00
    1.21668720e+00   1.37371016e+00   1.50422430e+00   1.79740381e+00
    1.06087959e+00   1.23361790e+00   2.30613136e+00   8.89139056e-01
    2.10893750e+00   1.41201222e+00  -1.72682069e-02   1.41042566e+00
    1.14812338e+00   1.00085711e+00  -3.82801704e-02   8.20390224e-01
    3.58435214e-01   2.20512819e+00   1.21641326e+00   6.35244906e-01
    4.60577935e-01   8.70117903e-01   5.68645358e-01   1.19016457e+00
    9.83078837e-01   1.66460431e+00   3.28369260e-01   5.80300629e-01
    4.28369194e-01   1.98508894e+00   1.63872933e+00   2.02217627e+00
    4.27444398e-01   1.17291653e+00   9.47339535e-01   1.64789152e+00
    1.87787890e+00   2.98909163e+00   1.21380782e+00   1.34315670e+00
    9.70939219e-01   1.02169049e+00   9.82163370e-01   1.88419425e+00
    4.45559919e-01   1.18731689e+00   2.87875563e-01   8.38178575e-01
    1.12222123e+00   2.77086049e-01   3.25343221e-01   1.24640572e+00
    4.51036364e-01   1.12878585e+00   9.43969548e-01   4.21051055e-01
    1.23581839e+00   1.49975240e+00   3.26343477e-01   1.13478661e+00
    1.59761500e+00   1.68823406e-01   2.17209339e+00   2.14591876e-01
    7.29715347e-01   1.10510314e+00  -8.05554260e-03   1.31776774e+00
    1.52849889e+00   1.57102716e+00   1.17077887e+00   1.36683095e+00
    1.20209885e+00   2.26235223e+00   5.94742954e-01   7.75647163e-01
    1.16164279e+00   1.08355594e+00   3.47302049e-01   9.19849753e-01
    1.29225683e+00   6.80166066e-01   6.71069145e-01   8.41305971e-01
    6.31976426e-01   1.22418725e+00   1.47441638e+00   2.16832113e+00
    1.27655125e+00   9.66821730e-01   1.54716039e+00   1.29954946e+00
    2.39501923e-01   9.28346753e-01   2.93838412e-01   1.04943442e+00
    1.31082013e-01   1.25866628e+00   4.14524078e-02   6.83070600e-01
    1.06019163e+00   1.11610031e+00   9.79587078e-01   1.20179677e+00
    8.20690334e-01   1.26075220e+00   1.62090647e+00   1.50937317e-02
    1.97368824e+00   1.82917726e+00   1.31757152e+00   8.95464122e-01
    2.12267661e+00   3.34914351e+00   8.98335457e-01   3.91349316e-01
    1.19134486e+00   1.80822253e+00   1.94340658e+00   9.26481009e-01
    1.32958770e+00   5.10961580e+00   4.18273330e-01   1.57389909e-01
    2.25916266e+00   1.34093595e+00   6.95087731e-01   1.51445651e+00
    5.41283011e-01   1.11203671e+00   1.19155562e+00   5.86920559e-01
    2.24607325e+00   1.40133035e+00   2.08006620e+00   1.16716194e+00
    5.87630153e-01   9.33756709e-01   7.98235714e-01   1.65933216e+00
    6.17268026e-01   2.11380315e+00   1.08901978e+00   3.03330088e+00
    1.20550311e+00   4.50698584e-01   6.51958644e-01   1.05436444e+00
    4.87930626e-01   9.21566844e-01   1.30390203e+00   1.79791498e+00
    9.38988686e-01   3.63058448e+00   1.01852965e+00   1.06893408e+00
    4.02416378e-01   1.50236261e+00   1.38098836e+00   2.26892018e+00
   -6.80820718e-02   2.42954969e+00   7.69145310e-01   1.96717516e-01
    1.80314326e+00   1.76701128e+00   6.36504889e-01   1.96000409e+00
    6.39300764e-01   6.85095608e-01   2.25802517e+00   2.56636500e-01
    3.80270123e+00   9.44980383e-02   1.76838601e+00   1.14345932e+00
    7.82982588e-01   1.51575148e+00   1.32771444e+00   9.48791385e-01
    1.04934549e+00   1.31892085e+00   1.64123511e+00   8.50973427e-01
    1.48730028e+00   1.23644221e+00   1.18466878e+00   8.11503649e-01
    1.05131209e+00   1.23521721e+00   6.32984340e-01   9.81191397e-01
    2.10430789e+00   7.46189833e-01   9.82524455e-01   1.61892593e+00
    1.24722369e-01   5.38644731e-01   3.28431964e-01   3.47653121e-01
    4.13145363e-01  -4.33086418e-02   5.16171336e-01   1.01199222e+00
    1.71115851e+00   8.68690193e-01   2.55639958e+00   1.10106468e+00
    9.63411570e-01   5.58385670e-01   6.63434923e-01   7.53017306e-01
    5.20625710e-01   1.08430910e+00   1.81774402e+00   2.46163702e+00
    1.29799187e+00   2.17138600e+00   1.65775263e+00   1.36041737e+00
    6.77100301e-01   1.68666017e+00   3.88593286e-01   2.24596784e-01
    5.08398265e-02   1.50450945e+00   1.66523910e+00   1.84353006e+00
    1.92563343e+00   1.15320370e-01   8.02117363e-02   5.81789553e-01
    1.78142682e-01   1.04726291e+00   1.06541049e+00   8.84505093e-01
    1.96540534e+00   1.38696623e+00   8.45200717e-01   1.37877917e+00
    2.31395936e+00   8.02901566e-01  -1.99765153e-02   7.34709442e-01
    2.66376615e-01   2.05009294e+00   1.38743043e+00   3.83179754e-01
    8.47918451e-01  -2.92383675e-02   1.29588759e+00   9.03909147e-01
    1.20441425e+00   2.01628357e-01  -8.66682548e-03   5.22682220e-02
    1.75937247e+00   1.31662083e+00   4.05721098e-01   7.76068628e-01
    5.40402591e-01   8.90094638e-01   1.18197477e+00   8.54565918e-01
    1.58641684e+00   1.68584466e+00   1.49778414e+00  -8.38064626e-02
    3.87461901e-01   1.18842196e+00   1.00183249e+00   1.67736709e+00
    1.78390339e-01   8.98932815e-01   1.11621642e+00   4.80537981e-01
    3.09643000e-01   9.52938199e-01   1.27035701e+00   2.22079396e+00
    1.76052153e+00   8.56194258e-01   2.56962091e-01   1.60949767e+00
    1.32511973e+00   1.80638063e+00   1.06804478e+00   1.31501508e+00
    1.83835936e+00   6.68773472e-01   1.52610075e+00   1.36007535e+00
   -1.14557683e-01   1.69435632e+00   3.22855502e-01   2.32585859e+00
    1.64599061e+00   1.41187108e+00   1.10413265e+00   1.25497055e+00
    1.94837809e+00   9.17014182e-01   9.54922497e-01   5.02547681e-01
    6.10815644e-01   1.55039918e+00  -6.64799765e-04   1.10364830e+00
    3.46744210e-02   2.12788045e-01   2.78459162e-01   1.41756201e+00
    1.00347459e+00   1.80964530e+00   2.27604246e+00   7.53001273e-01
    1.81367218e+00   2.40982461e+00   1.48201704e+00   7.77900338e-01
    1.55854091e-01   7.53256500e-01   4.93507773e-01   1.90500665e+00
    8.30377817e-01   1.06889999e+00   1.02888024e+00   1.55355775e+00
    1.26075387e+00   1.63361466e+00   5.83054721e-01   2.35823107e+00
    1.37411702e+00   1.14158750e+00   1.04642105e+00   5.23040175e-01
    2.85381699e+00   1.00860250e+00   1.63248384e+00   1.39531374e+00
    1.35124099e+00   3.87380600e-01   1.74256229e+00   1.83850718e+00
    7.71994352e-01   4.81795728e-01   1.18001235e+00   1.46371722e+00
    1.98466456e+00   1.26069009e+00   4.72481346e+00   1.73755777e+00
    1.70029449e+00   1.88746619e+00   1.60965192e+00   2.18536830e+00
    9.58439529e-01  -9.25826374e-03   1.11741173e+00   1.37633848e+00
    1.18927073e+00   1.11786234e+00   9.48927283e-01   4.54475462e-01
    6.74855351e-01   8.59890163e-01   1.27971709e+00   1.25977147e+00
    1.55362451e+00   1.02801979e+00   1.30348885e+00   1.24717224e+00
    3.22971195e-01   1.00900626e+00   7.43202150e-01   1.15476942e+00
    1.98060048e+00   1.03826904e+00   1.44696951e+00  -4.63659279e-02
   -3.45027708e-02   3.36885643e+00  -1.38266254e-02  -7.53399078e-03
    1.33082116e+00   1.85152209e+00   5.83051324e-01   9.13952053e-01
    1.47719073e+00  -7.69419447e-02   1.37952065e+00   5.86979508e-01
    1.75619948e+00   1.36986017e+00   4.53700662e-01   7.65566587e-01
    7.14404821e-01   4.30449814e-01   4.64173138e-01   1.38787067e+00
    1.15593696e+00   9.90884423e-01   1.25682068e+00   8.96859765e-01
    1.55747509e+00  -7.82271251e-02   5.43222129e-01   9.40652907e-01
    2.63308859e+00   1.90505162e-01   2.28815532e+00   8.76750588e-01
    1.36045706e+00  -2.38384400e-03  -1.73796527e-02   1.73081779e+00
    1.27420247e+00   1.10625219e+00   1.19550037e+00   3.14789027e-01
    3.72228861e-01   7.99967647e-01   1.10106695e+00   1.76532233e+00
