  7.27144897e-01   9.81870115e-01   1.73703575e+00   1.50442898e+00
    1.57585514e+00   9.19562519e-01   7.90140629e-02   3.95116299e-01
    7.21816361e-01   2.87655950e-01   1.14721811e+00   1.95585513e+00
    1.75387308e-01   6.08843803e-01   3.67107654e+00   9.28881049e-01
    1.21305871e+00   5.42628050e-01   9.80222106e-01   9.27348197e-01
    1.23125029e+00   6.31323695e-01   1.04907179e+00   1.29071164e+00
    1.37088537e+00   8.14226687e-01   2.04644799e+00   1.17171931e+00
    8.09859931e-01   7.59609103e-01   4.01423693e-01   1.38908207e+00
    1.65050745e+00   5.84928751e-01   5.44742405e-01   1.22929955e+00
    2.32272649e+00   1.16172266e+00   1.01831818e+00   1.19100130e+00
    9.81293559e-01   1.21116400e+00   1.66219652e+00   7.71237016e-01
    8.30536187e-01   8.93070340e-01   1.73028493e+00   1.00191581e+00
    6.86841607e-01   1.89372504e+00   1.68043900e+00   2.10134745e+00
    2.33400896e-01   8.66567373e-01   1.26668298e+00   1.44753516e+00
    8.32494974e-01   1.30989325e+00   1.24537444e+00   8.37906480e-01
    1.17018390e+00   1.23224854e+00   1.26076925e+00   9.87183988e-01
    2.41819167e+00   7.63878644e-01   1.39464247e+00   7.97116578e-01
    1.45671093e+00   1.59770739e+00   5.00130832e-01   1.98797989e+00
    1.61523509e+00  -8.44183937e-02   2.03458324e-01   1.27022696e+00
    1.46305740e-01   1.60393322e+00   2.70022511e+00   8.54571044e-01
    8.16783726e-01   1.01756167e+00   1.65511072e+00   1.45758569e+00
    3.81871790e-01   1.76953006e+00   6.34488225e-01   2.69319129e+00
    1.56898403e+00   1.58683574e+00   2.00080132e+00   1.20659709e+00
    1.03849518e+00   7.63382673e-01   2.35371470e+00   8.06459427e-01
    8.66562903e-01   1.56406188e+00   3.83746803e-01   1.06357443e+00
    1.66306090e+00   6.63778365e-01  -5.54347113e-02   4.29096073e-01
    5.02455354e-01   1.60948086e+00   7.90667593e-01   1.76426888e+00
    1.02873147e+00   1.06123066e+00   6.20187402e-01   9.34630454e-01
    1.31600726e+00   1.35169399e+00   6.14397466e-01   1.75495118e-01
    6.63323581e-01   1.76390636e+00   1.71610439e+00   1.85615516e+00
    2.16175407e-01   9.58122253e-01   8.95105004e-01   2.13645864e+00
    1.99909258e+00   2.25753784e+00   7.06029534e-01   6.38906837e-01
    8.60517442e-01   7.03592658e-01   8.16894293e-01   1.61680210e+00
    8.22892964e-01   8.41284931e-01   4.44909155e-01   8.97209466e-01
    8.10168624e-01   3.00678015e-01   3.44908714e-01   1.87397683e+00
    1.13572776e+00   1.95268834e+00   9.25849020e-01   5.13016939e-01
    1.52509618e+00   1.74936807e+00   3.37056011e-01   1.02778232e+00
    1.68342865e+00   7.29319692e-01   1.68550730e+00  -1.26364380e-02
    1.10474741e+00   1.43853891e+00   1.73493382e-02   7.89430797e-01
    1.44379556e+00   1.87416613e+00   9.49530125e-01   1.75355446e+00
    7.73512840e-01   1.28403723e+00   5.13465762e-01   9.45755422e-01
    1.68926549e+00   7.28830457e-01  -7.90461712e-03   1.03849125e+00
    1.33900797e+00   7.06517518e-01   9.71898615e-01   1.06181943e+00
    7.92890310e-01   1.18924475e+00   1.81753492e+00   2.24397063e+00
    1.77998376e+00   8.21435571e-01   7.22158253e-01   1.38321316e+00
    4.85402346e-01   1.09792817e+00   9.49097499e-02   8.18399489e-01
    5.13284445e-01   2.21304917e+00   3.06247681e-01   1.37311280e+00
    8.75319242e-01   1.12819934e+00   7.66244352e-01   1.07563257e+00
    6.71471298e-01   1.44536710e+00   1.46717179e+00   3.34679365e-01
    3.24162626e+00   1.57750356e+00   9.94492531e-01   2.42243290e+00
    1.77582622e+00   4.03872108e+00   2.33766779e-01   5.90276942e-02
    1.16547775e+00   1.45481014e+00   1.62093413e+00   7.74255037e-01
    1.83898628e+00   5.69623899e+00   4.90029663e-01   6.75429463e-01
    1.72483015e+00   1.39760756e+00   1.89876676e-01   1.03762972e+00
    7.14195311e-01   1.10455072e+00   1.39475000e+00   3.68356168e-01
    2.40287542e+00   1.59215558e+00   1.19730854e+00   8.58128905e-01
    6.60903990e-01   6.64186358e-01   8.03045452e-01   1.32725000e+00
    1.46464437e-01   1.94579458e+00   1.84287262e+00   2.57822800e+00
    1.07925224e+00   7.21213102e-01   8.49155128e-01   7.19383180e-01
    6.57250226e-01   1.57018971e+00   1.02249753e+00   1.36554241e+00
    1.03925419e+00   2.68271589e+00   8.71737957e-01   1.17190731e+00
    6.15451992e-01   6.76445663e-01   1.58294702e+00   2.14467907e+00
   -6.96417317e-02   2.22481608e+00   1.38381052e+00   3.82569343e-01
    2.25985956e+00   1.64059079e+00   1.07595019e-01   1.91375732e+00
    9.73538339e-01   4.40790564e-01   2.53794384e+00   6.35626137e-01
    3.33391881e+00   1.60751030e-01   1.90737057e+00   8.28332186e-01
    1.24594390e+00   1.26947701e+00   1.22261417e+00   1.52700388e+00
    1.28251565e+00   1.76086771e+00   1.88822997e+00   1.20810294e+00
    1.66043270e+00   1.19553542e+00   1.15127778e+00   7.78851449e-01
    7.78334856e-01   1.93061602e+00   5.50165176e-01   1.49455547e+00
    1.68535304e+00   1.56771541e+00   1.24617660e+00   1.62565172e+00
    3.66853297e-01   1.22559297e+00   5.24501681e-01   3.44319522e-01
    6.81451082e-01  -1.99804027e-02   7.31351793e-01   1.05598581e+00
    1.95991039e+00   1.13851070e+00   2.10455680e+00   1.68619335e+00
    1.13594460e+00   5.03163099e-01   5.58589458e-01   1.07169497e+00
    1.21828592e+00   1.33248806e+00   9.95880425e-01   1.49650741e+00
    1.51747739e+00   1.86463940e+00   1.09883046e+00   1.07063711e+00
    1.11606276e+00   1.26425302e+00   1.10685325e+00   1.38336837e-01
    6.93147406e-02   9.62131858e-01   2.36319423e+00   1.16203046e+00
    1.12145555e+00   1.70328140e-01   1.05935609e+00   1.10979617e+00
    7.42801070e-01   7.31624961e-01   9.90055025e-01   8.05348814e-01
    9.19151068e-01   1.08655655e+00   5.22952378e-01   1.09361470e+00
    1.64911675e+00   7.53358960e-01   4.70100760e-01   1.01534474e+00
    3.61378759e-01   2.09680295e+00   1.70572877e+00   4.15694326e-01
    1.04674435e+00   1.54402599e-01   1.26880407e+00   1.92099750e+00
    1.22616708e+00  -7.80373160e-03   3.71636093e-01   4.64547515e-01
    1.20529425e+00   8.10658872e-01  -1.28742084e-02   1.00951409e+00
    1.38889864e-01   8.81032288e-01   1.54751289e+00   1.40514016e+00
    1.43928969e+00   1.55542099e+00   1.92391860e+00   3.96848500e-01
    4.93067533e-01   7.29281902e-01   1.02144146e+00   1.58230209e+00
    3.23020786e-01   8.59848261e-01   6.87311590e-01   1.63157165e-01
    6.34650052e-01   1.14845526e+00   1.62247491e+00   2.66246605e+00
    1.21341193e+00   4.78823453e-01   3.45534295e-01   1.01101208e+00
    1.03848422e+00   1.80402374e+00   8.87213111e-01   1.11147904e+00
    1.58989406e+00   7.51506686e-01   1.76771653e+00   1.14279473e+00
   -1.07145391e-03   1.51791859e+00   4.50652570e-01   1.85461223e+00
    1.33412778e+00   9.80509520e-01   1.07472157e+00   1.22051251e+00
    2.09097815e+00   1.05975115e+00   1.02685738e+00   6.76657557e-01
    8.55486572e-01   1.46431780e+00   4.60116386e-01   1.20287418e+00
    7.33632073e-02   3.78656983e-01   2.83113688e-01   1.84850264e+00
    9.17323649e-01   1.66361749e+00   2.10582590e+00   1.08916521e+00
    1.20700157e+00   1.88629925e+00   1.18973911e+00   6.58443153e-01
    6.88268900e-01   2.90392339e-01   2.24212617e-01   1.53585434e+00
    1.53624141e+00   1.30574441e+00   1.25595748e+00   1.40574932e+00
    1.23781788e+00   1.82016146e+00   2.50047952e-01   1.20045841e+00
    1.42619920e+00   8.15347075e-01   7.29681849e-01   7.11769998e-01
    1.83690512e+00   6.15658104e-01   1.60164440e+00   1.75284696e+00
    1.43933165e+00  -6.99532256e-02   1.26949811e+00   1.67690325e+00
    1.31109726e+00   7.26678669e-01   1.30994940e+00   1.12860525e+00
    1.33949184e+00   1.44559932e+00   5.05098867e+00   1.37011909e+00
    1.65847158e+00   1.61280537e+00   1.33138096e+00   3.40383911e+00
    1.34609079e+00   1.09154627e-01   1.28375471e+00   1.23242843e+00
    1.13438082e+00   9.82693970e-01   1.82837915e+00   2.68360257e-01
    1.20710647e+00   1.11091006e+00   1.70576441e+00   1.49988306e+00
    1.08866417e+00   8.64430845e-01   1.26370966e+00   6.58054829e-01
    9.71283555e-01   1.03091681e+00   9.02437329e-01   8.41920912e-01
    2.01944137e+00   6.25575125e-01   6.58906400e-01  -4.31057587e-02
   -4.91768308e-03   2.08931684e+00  -8.27681646e-03   2.04466172e-02
    1.54322898e+00   2.81108999e+00   1.09397443e-02   1.22223449e+00
    1.22358513e+00  -3.81841883e-03   1.32320464e+00   5.88649392e-01
    1.23406541e+00   1.77333522e+00   8.17325473e-01   8.63593459e-01
    1.14017737e+00   6.75785363e-01   6.48366570e-01   1.00141788e+00
    8.50593209e-01   9.58745241e-01   5.72533011e-01   2.67179489e-01
    1.42862368e+00  -8.27646181e-02   6.89025998e-01   6.65935755e-01
    1.87573349e+00   9.99559388e-02   2.14129543e+00   8.84373724e-01
    1.61195159e+00   1.51897877e-01  -1.81678683e-02   2.11662459e+00
    2.41035533e+00   1.74153888e+00   1.01904142e+00   1.75669238e-01
    6.82579935e-01   1.00200045e+00   7.56046772e-01   1.15478992e+00
