  9.80253875e-01   7.25346744e-01   1.53204155e+00   1.91556811e+00
    1.85845315e+00   1.04932714e+00   1.75342020e-02   1.00844765e+00
    1.13488638e+00   1.29158926e+00   1.02295542e+00   1.70995188e+00
    1.19326614e-01   5.08605719e-01   1.43718112e+00   2.97702640e-01
    6.67563796e-01   4.70507652e-01   1.27050567e+00   6.47234797e-01
    9.79598641e-01   8.42919767e-01   8.98212969e-01   1.21606183e+00
    1.22224140e+00   1.38450027e+00   1.95498717e+00   7.74616539e-01
    7.47268796e-01   4.24372375e-01   1.17854632e-01   1.84791911e+00
    9.78760540e-01   6.65149808e-01   6.50439024e-01   1.84566009e+00
    1.81475234e+00   1.50571299e+00   1.50061524e+00   1.32141936e+00
    1.37509334e+00   5.69223881e-01   2.14781928e+00   1.21601236e+00
    4.84902620e-01   6.56824291e-01   1.42861652e+00   6.38467133e-01
    1.40590775e+00   2.12142301e+00   1.79738617e+00   1.98228347e+00
    4.77649748e-01   1.02810526e+00   1.00333703e+00   1.82383013e+00
    1.08315933e+00   1.93043518e+00   1.50872922e+00   9.39925313e-01
    2.43370175e+00   1.07307708e+00   1.32420969e+00   8.58140588e-01
    9.88314629e-01   5.96346021e-01   1.10586679e+00   4.46362257e-01
    1.26966405e+00   1.13782823e+00   6.90700173e-01   2.07422161e+00
    7.99492240e-01  -3.64065096e-02   4.55371886e-01   1.50394177e+00
   -1.50751397e-02   1.99927831e+00   3.63779521e+00   5.79935431e-01
    7.90388107e-01   1.60247946e+00   1.41743505e+00   1.60764050e+00
    2.04759482e-02   2.09082842e+00   3.81102920e-01   2.34122276e+00
    1.31592679e+00   8.03572237e-01   1.67144978e+00   1.92813540e+00
    9.87741649e-01   1.06625319e+00   1.97167468e+00   5.01435161e-01
    1.73763108e+00   1.58526742e+00   5.89946806e-01   1.12147903e+00
    1.03658342e+00   8.48818958e-01   7.00930178e-01   1.48249221e+00
    4.31720376e-01   1.75363135e+00   1.25988853e+00   1.12831748e+00
    7.44581759e-01   1.31435204e+00   1.15378237e+00   1.64669037e+00
    1.66282713e+00   1.42633104e+00  -1.79229286e-02   7.66358197e-01
    1.33144855e+00   1.72944117e+00   1.37765253e+00   2.16312265e+00
    5.23406446e-01   1.32597125e+00   1.16312575e+00   2.42297459e+00
    1.72785115e+00   3.11647511e+00   1.41730070e+00   1.18089736e+00
    1.51703343e-01   7.58531928e-01   7.31565118e-01   1.69596910e+00
    4.82695699e-01   1.01259637e+00   5.96250772e-01   6.20381892e-01
    9.43974197e-01   7.34718621e-01   1.76903978e-01   2.37935448e+00
    1.76491475e+00   1.43761981e+00   1.12839794e+00   2.17073098e-01
    9.03878331e-01   2.11110687e+00   3.05945396e-01   1.08591688e+00
    1.67534482e+00   4.70729023e-01   1.66166151e+00   3.35934281e-01
    1.12846887e+00   1.49631691e+00   3.00781369e-01   1.41910040e+00
    1.22477734e+00   1.84656179e+00   1.56419754e+00   2.16947913e+00
    1.02964687e+00   1.18889749e+00   9.35824156e-01   1.08796132e+00
    1.01087070e+00   9.54703510e-01  -5.38312681e-02   1.04761434e+00
    1.40566123e+00   4.43209976e-01   7.58876204e-01   9.33433414e-01
    1.12817979e+00   1.43403196e+00   1.62513435e+00   2.49040771e+00
    1.12255347e+00   1.54990900e+00   1.31265926e+00   1.47606218e+00
    6.02296710e-01   9.05669212e-01   3.06972265e-01   8.81204784e-01
    4.81291920e-01   1.50019038e+00   5.35759926e-01   9.54798162e-01
    9.01016235e-01   1.49779344e+00   1.49933815e+00   1.46487057e+00
    8.42406332e-01   1.77064109e+00   2.38605571e+00   1.69579327e-01
    2.20558453e+00   1.96291113e+00   1.30235648e+00   1.65652013e+00
    1.56284916e+00   2.11262941e+00   7.03989148e-01   6.88901961e-01
    1.11254513e+00   1.57302368e+00   1.89062810e+00   9.49009776e-01
    1.36461091e+00   3.81106114e+00   6.33505344e-01   3.27414691e-01
    2.45161104e+00   1.25081968e+00   4.90874976e-01   1.89535820e+00
    9.13840473e-01   7.59032488e-01   1.12521052e+00   9.10047472e-01
    2.23060536e+00   1.26966882e+00   1.40840733e+00   6.26886606e-01
    6.06206715e-01   1.75512588e+00   8.16910326e-01   1.57824266e+00
    1.40452445e-01   1.60622621e+00   1.35316730e+00   2.78720880e+00
    1.36369646e+00   1.55110669e+00   1.19429874e+00   1.74276614e+00
    5.22759974e-01   1.26537907e+00   9.78246927e-01   1.33697283e+00
    9.54145908e-01   1.38425314e+00   1.07784939e+00   1.91365635e+00
    8.09023261e-01   1.09659767e+00   1.41216993e+00   1.64360392e+00
   -1.10440306e-01   1.24451101e+00   1.15249717e+00   1.16067708e-01
    2.24033165e+00   1.57619917e+00   1.49773195e-01   1.71794295e+00
    5.56798518e-01   4.02540773e-01   1.52432084e+00   4.66731489e-01
    2.97694707e+00   2.79732734e-01   1.26956987e+00   8.46751153e-01
    2.13399673e+00   1.67108965e+00   9.64220107e-01   1.48118150e+00
    1.04518104e+00   1.79254115e+00   2.10176969e+00   1.19587088e+00
    1.40627766e+00   1.60241687e+00   9.67984140e-01   1.11546004e+00
    1.44273102e+00   1.22377944e+00   8.69900405e-01   1.53410625e+00
    1.16931021e+00   2.07822561e+00   1.15204549e+00   1.81541157e+00
   -1.79083552e-02   4.55613434e-01   2.60484099e-01   4.10549641e-01
    5.17109454e-01  -4.64913584e-02   4.67144608e-01   1.00982177e+00
    1.39573014e+00   1.08759427e+00   3.09720206e+00   2.24463534e+00
    1.50301623e+00   3.36771786e-01   1.12849832e+00   9.49263334e-01
    7.00255096e-01   1.47600758e+00   4.86551255e-01   1.84234607e+00
    1.29818976e+00   1.82536077e+00   9.13046300e-01   8.88276041e-01
    5.71749151e-01   8.98362994e-01   1.53464472e+00   4.38685626e-01
    4.04837310e-01   1.24241734e+00   2.17027855e+00   2.24852848e+00
    2.42210746e+00   6.48983836e-01   6.95821941e-01   1.64275944e+00
   -9.73462313e-03   9.96810913e-01   1.18153870e+00   1.59063268e+00
    1.22080648e+00   1.25054920e+00   5.56911230e-01   1.29670072e+00
    1.77010274e+00   9.58660185e-01   4.80539411e-01   7.84886420e-01
    1.44929796e-01   2.03200889e+00   1.15208316e+00   5.56034923e-01
    1.09637201e+00   1.37005702e-01   1.13396537e+00   9.59343791e-01
    1.16012073e+00   8.35599378e-02   5.51818460e-02   5.86311221e-01
    1.35439491e+00   1.14367962e+00   3.68729532e-01   8.22537839e-01
    6.54211938e-01   5.02210498e-01   1.46817362e+00   2.08470440e+00
    1.87750387e+00   1.36082399e+00   2.12782073e+00  -1.99560146e-03
    4.04835641e-01   4.48012590e-01   1.77700579e+00   1.61703074e+00
    7.41440177e-01   9.20401752e-01   1.34071875e+00   5.33700407e-01
    6.12002909e-01   6.04074955e-01   2.52080750e+00   3.27404809e+00
    1.06495023e+00   1.63584018e+00   5.75718939e-01   2.29430318e+00
    1.02030945e+00   1.37148821e+00   1.12657690e+00   8.83744895e-01
    1.81715775e+00   9.71095502e-01   2.99708724e+00   1.49088395e+00
   -6.38838857e-02   1.94202220e+00   9.30136561e-01   2.29117656e+00
    1.29522133e+00   1.24871862e+00   1.05779231e+00   8.43892395e-01
    1.43342710e+00   1.26660907e+00   1.33510482e+00   8.27021539e-01
    1.28507614e+00   1.43091846e+00   4.57381934e-01   1.10581124e+00
   -4.57840832e-03  -2.61626244e-02   3.34162405e-03   1.00492275e+00
    3.88499588e-01   1.30934894e+00   2.55442619e+00   6.90585613e-01
    2.05321836e+00   2.16580987e+00   1.46491396e+00   3.70289445e-01
    7.30600595e-01   1.23654866e+00   9.62588489e-01   1.42757022e+00
    1.72456241e+00   1.46179724e+00   1.39772344e+00   1.13105881e+00
    5.71859539e-01   1.68169415e+00   2.72317141e-01   1.50401127e+00
    1.50054443e+00   7.14585304e-01   1.19149637e+00   1.13172197e+00
    1.99934816e+00   7.18434572e-01   1.70169783e+00   2.06629896e+00
    1.33046961e+00  -5.57684004e-02   2.63202024e+00   3.45595479e+00
    1.86089051e+00   4.06981349e-01   9.06130970e-01   9.08746123e-01
    1.48504615e+00   1.39987993e+00   3.63190079e+00   1.73200393e+00
    2.61810446e+00   9.01166975e-01   1.56737661e+00   2.50106525e+00
    8.09528887e-01   2.20588401e-01   1.74232924e+00   1.59636915e+00
    1.23102021e+00   1.15197349e+00   1.14247835e+00   9.82293963e-01
    2.23783469e+00   1.30239975e+00   1.31437516e+00   1.36596310e+00
    1.44997621e+00   6.18608236e-01   1.63225043e+00   1.04017663e+00
    8.38384509e-01   1.33254158e+00   1.33270466e+00   1.16134810e+00
    2.53173494e+00   3.37331951e-01   1.08493960e+00   1.14589669e-01
    7.19250202e-01   1.92324126e+00   1.13907564e+00   2.01285034e-01
    9.36190963e-01   2.09527302e+00   6.00424767e-01   9.66848552e-01
    1.58128047e+00  -8.97932574e-02   2.08247519e+00   5.65342128e-01
    2.01306176e+00   1.41231167e+00   7.67304182e-01   1.08823419e+00
    1.19145143e+00   8.64907146e-01   1.50144374e+00   2.33522201e+00
    1.35887635e+00   8.43591452e-01   5.71736693e-01   9.69649792e-01
    1.14832175e+00  -3.48073803e-02   8.98759961e-01   8.22532177e-01
    2.23718715e+00   4.29171592e-01   2.23747921e+00   1.16485357e+00
    1.03526330e+00  -7.72737805e-03   1.40412927e-01   1.81341660e+00
    1.28023911e+00   1.66183126e+00   1.34773803e+00   6.73581243e-01
    1.03604639e+00   1.06826532e+00   2.14568734e+00   1.90613544e+00
