  1.41589344e+00   1.13304055e+00   1.39660108e+00   1.61555660e+00
    1.45303106e+00   1.70807135e+00   1.52219668e-01   1.44415379e+00
    1.36209440e+00   9.85909402e-01   1.56193674e+00   2.95415711e+00
    3.00136358e-01   6.36130393e-01   1.83532393e+00   7.97201931e-01
    8.50503683e-01   7.20323682e-01   2.34195352e+00   6.15890563e-01
    1.02239883e+00   6.05886340e-01   9.04192030e-01   1.95488501e+00
    2.08546519e+00   7.94528723e-01   1.95147645e+00   9.45860922e-01
    3.79995733e-01   1.99294910e-01   2.49030545e-01   1.30187166e+00
    5.90785801e-01   8.47895861e-01   9.64502215e-01   1.08950257e+00
    1.88781261e+00   1.59095895e+00   7.84536362e-01   1.71984839e+00
    1.15329778e+00   1.13824391e+00   1.07628429e+00   3.39405209e-01
    6.79660499e-01   1.01704943e+00   1.15988064e+00   5.43391109e-01
    1.17995417e+00   1.55848825e+00   1.40666938e+00   1.95223033e+00
    9.53238085e-02   7.31768072e-01   1.18908644e+00   1.54500818e+00
    1.29794884e+00   2.02333379e+00   1.76386595e+00   8.93479943e-01
    2.24004960e+00   9.70241308e-01   1.51374149e+00   1.08495128e+00
    2.40022945e+00   6.16333723e-01   1.08257198e+00   8.16824675e-01
    1.36184943e+00   1.44942510e+00   9.29938614e-01   1.55845118e+00
    7.72289157e-01  -1.45770451e-02   2.21977308e-01   1.05806708e+00
    5.10489494e-02   2.32140112e+00   2.67536235e+00   6.61212683e-01
    1.29830694e+00   1.18140531e+00   1.02708673e+00   1.71740639e+00
    6.21808827e-01   2.13518095e+00   5.67320645e-01   2.70461750e+00
    1.20779800e+00   1.02356720e+00   1.42547321e+00   1.11895287e+00
    1.56097925e+00   4.97803777e-01   1.91936266e+00   9.36625540e-01
    6.37693644e-01   1.57918739e+00   7.50316441e-01   9.52402532e-01
    1.13735807e+00   6.55599177e-01   6.51578724e-01   1.56069207e+00
    1.54756844e+00   2.59496856e+00   1.93416095e+00   1.52707636e+00
    7.71391690e-01   1.34681904e+00   1.84145653e+00   1.58882344e+00
    1.96532071e+00   1.07396817e+00   3.55291516e-01   8.80012989e-01
    6.55692279e-01   1.88499188e+00   1.68432713e+00   1.30748868e+00
    1.02324438e+00   1.10813367e+00   1.55148554e+00   1.47592056e+00
    1.39424050e+00   1.59503162e+00   1.04443455e+00   7.10229456e-01
    8.24919283e-01   6.25902176e-01   7.34830797e-01   1.16036022e+00
    3.21838945e-01   9.38238025e-01   1.24417865e+00   1.08933437e+00
    5.85927427e-01   1.01226196e-01   3.14500093e-01   2.28792858e+00
    1.32846057e+00   1.76909220e+00   1.22095907e+00   1.27337921e+00
    1.06738305e+00   1.75917470e+00   7.31509447e-01   8.05467188e-01
    1.86789966e+00   9.51161981e-01   1.76774502e+00   8.22738349e-01
    8.56317818e-01   1.72106016e+00   6.32552385e-01   1.16877580e+00
    1.24208760e+00   1.90075350e+00   1.02167654e+00   1.60104156e+00
    1.07925856e+00   1.56968963e+00   5.13469279e-01   1.56425273e+00
    9.23719823e-01   9.17619169e-01  -1.14724627e-02   1.21867323e+00
    6.61644161e-01   8.78562212e-01   5.14895439e-01   7.72217035e-01
    8.62819374e-01   1.30745101e+00   1.46895468e+00   2.38636994e+00
    1.49274600e+00   1.28919053e+00   1.22017133e+00   1.49881256e+00
    9.57788408e-01   8.84721279e-01   4.71271724e-01   9.35022295e-01
    4.01568651e-01   1.84061909e+00   5.67048550e-01   1.47635365e+00
    9.43919718e-01   1.64267874e+00   1.59771359e+00   1.33713448e+00
    2.01809955e+00   1.80799758e+00   1.84351540e+00   4.49609935e-01
    2.32163119e+00   1.59141994e+00   1.01355577e+00   1.23481989e+00
    2.24252653e+00   2.48442698e+00   5.42693615e-01   4.38856512e-01
    7.75992215e-01   2.18223548e+00   1.30240917e+00   9.54963446e-01
    1.30778337e+00   3.24198413e+00   6.88944399e-01   4.56328273e-01
    2.62404871e+00   1.29259193e+00   1.26713777e+00   1.08339798e+00
    7.00847805e-01   1.01893151e+00   1.40919471e+00   7.12708771e-01
    2.72608566e+00   1.60016870e+00   2.42455888e+00   7.84550369e-01
    5.06227314e-01   9.79528487e-01   1.45881307e+00   2.15304351e+00
    5.11473894e-01   1.85228109e+00   1.18578744e+00   2.40638447e+00
    1.35411012e+00   1.57119966e+00   5.44486523e-01   1.48503327e+00
    8.77926469e-01   1.08480763e+00   1.30214477e+00   1.65504384e+00
    7.24005342e-01   1.85189009e+00   9.33784008e-01   1.89994657e+00
    2.24234894e-01   1.08509696e+00   1.71532249e+00   1.64916980e+00
   -8.98213536e-02   1.34669721e+00   1.40951478e+00   2.35352367e-01
    2.07508969e+00   1.83828473e+00   1.89122148e-02   2.57490563e+00
    7.81823397e-01   1.31286860e+00   2.04699183e+00   3.50853205e-01
    2.82275820e+00   6.05603397e-01   9.66360807e-01   3.94628137e-01
    4.93836492e-01   1.11633456e+00   1.25642610e+00   8.53302956e-01
    1.27035844e+00   2.88846254e+00   2.21060753e+00   1.64825487e+00
    1.44218409e+00   1.45754683e+00   7.30587304e-01   1.06860733e+00
    8.44433188e-01   1.41604197e+00   6.56974375e-01   1.43240881e+00
    1.14248717e+00   1.37403286e+00   1.85345674e+00   1.29769564e+00
    2.20359609e-01   8.06258976e-01   4.08098817e-01   6.08856678e-01
    9.09798563e-01   5.84638119e-01   6.09620869e-01   1.51465774e-01
    1.52802169e+00   1.58918715e+00   2.04529834e+00   2.35047126e+00
    1.35172963e+00   5.09235024e-01   7.04076946e-01   9.92698908e-01
    9.90744412e-01   1.20928013e+00   7.98566997e-01   2.17674065e+00
    1.35873532e+00   1.73109388e+00   1.20028400e+00   7.06706583e-01
    8.59250963e-01   8.10731351e-01   1.28197443e+00   5.12524188e-01
    4.30451542e-01   1.10326612e+00   1.68075609e+00   2.39664197e+00
    1.49920726e+00   4.48066235e-01   5.60659170e-01   1.14320076e+00
    5.02680600e-01   6.84580445e-01   9.23559725e-01   9.77459371e-01
    1.22703826e+00   6.23210549e-01   1.21808553e+00   1.00491846e+00
    1.65678954e+00   1.01172602e+00   9.04880583e-01   9.11991358e-01
    1.34942800e-01   2.72675991e+00   1.31068218e+00   8.27688575e-01
    1.13001752e+00   3.44844788e-01   1.21762156e+00   1.09992015e+00
    1.09387422e+00   3.60348493e-01   3.49598587e-01   3.86988163e-01
    1.02037334e+00   1.36073625e+00   3.07665467e-01   6.96532249e-01
    1.34443152e+00   7.65878320e-01   1.75820005e+00   8.67514193e-01
    1.45141053e+00   1.31287718e+00   1.85543251e+00   2.65754640e-01
    2.72369981e-01   5.45726597e-01   1.94538152e+00   2.76606441e+00
    9.63518739e-01   5.75885773e-01   7.96898663e-01   7.38561332e-01
    6.54337645e-01   7.07794249e-01   2.27049541e+00   2.78563070e+00
    1.07242024e+00   1.01756334e+00   5.50921977e-01   2.44268560e+00
    1.15162957e+00   1.47210884e+00   1.35932684e+00   1.23015988e+00
    2.27485108e+00   9.60846126e-01   2.02364326e+00   1.61383653e+00
   -1.59550030e-02   1.99020505e+00   6.75851762e-01   2.56589270e+00
    1.43018055e+00   7.20311046e-01   8.43987644e-01   7.60563195e-01
    2.33512163e+00   1.02743614e+00   1.30014968e+00   7.27163434e-01
    1.02497041e+00   1.04374969e+00   4.20029849e-01   1.32879817e+00
    8.51800442e-02  -2.98299287e-02   8.55700523e-02   1.41213560e+00
    8.98886800e-01   1.27016211e+00   1.78456712e+00   1.21394849e+00
    1.49172819e+00   2.46806884e+00   1.09017003e+00   9.94586587e-01
    8.61275673e-01   3.39882731e-01   5.09470761e-01   1.58048534e+00
    2.06279039e+00   1.45972812e+00   1.55568802e+00   1.09819245e+00
    9.53502536e-01   1.87746394e+00   8.34669471e-01   2.12441778e+00
    1.79437768e+00   4.51946706e-01   1.66036832e+00   1.28091037e+00
    1.22841537e+00   8.32435846e-01   1.70987201e+00   1.34747076e+00
    1.46786618e+00  -1.91805162e-03   1.96617734e+00   2.69221830e+00
    9.87549126e-01   6.77757621e-01   9.33654904e-01   5.42522311e-01
    1.73253715e+00   8.38198960e-01   3.17893076e+00   2.18249202e+00
    2.14831519e+00   1.55690885e+00   1.54085231e+00   2.16080189e+00
    7.63822615e-01   5.67278564e-01   1.91065788e+00   1.72671878e+00
    1.58351207e+00   1.33175111e+00   1.82001638e+00   9.23972607e-01
    2.14445138e+00   1.10195947e+00   1.02915633e+00   1.23343050e+00
    1.99305749e+00   9.28840816e-01   1.31662822e+00   1.52197278e+00
    9.71365988e-01   6.90311432e-01   9.52911258e-01   1.20159948e+00
    1.92225492e+00   9.04759943e-01   7.76238978e-01   7.15106249e-01
    1.17586982e+00   2.50709486e+00   1.06315458e+00   1.97349668e-01
    1.74194086e+00   2.71047282e+00   7.35596865e-02   6.39006793e-01
    1.24865639e+00  -4.10579853e-02   1.13699961e+00   4.86197531e-01
    1.23009503e+00   1.73284733e+00   4.69403148e-01   1.38212585e+00
    6.76833987e-01   1.11094141e+00   2.10334158e+00   1.55599964e+00
    8.22968483e-01   6.98702693e-01   1.25837040e+00   8.72774601e-01
    1.07968080e+00   3.05291653e-01   1.07037604e+00   9.52043593e-01
    1.90619683e+00   8.18340302e-01   2.26574564e+00   1.10536289e+00
    1.40655148e+00   1.74353078e-01   2.12598406e-02   1.76543653e+00
    2.16642928e+00   2.19016433e+00   1.48290420e+00   3.57134670e-01
    7.97458231e-01   8.50422323e-01   1.89390910e+00   1.11130965e+00
