  1.35207176e+00   1.80912983e+00   1.58386433e+00   2.03812671e+00
    2.38087773e+00   1.64728701e+00  -2.27984767e-02   1.05275524e+00
    7.06214428e-01   7.71647453e-01   1.74218059e+00   2.92827702e+00
    5.36797822e-01   6.17518961e-01   2.63179350e+00   1.28951597e+00
    1.14097083e+00   3.44096392e-01   1.92806971e+00   3.94319415e-01
    9.66154695e-01   6.81292832e-01   1.96751606e+00   1.13837624e+00
    1.91462445e+00   9.45526838e-01   2.05855298e+00   4.07083005e-01
    6.27882183e-01  -2.15538358e-03   1.97366461e-01   2.31300545e+00
    4.55413342e-01   3.98252577e-01   6.53783143e-01   1.00602162e+00
    2.10007024e+00   1.37533724e+00   1.85255206e+00   1.55038989e+00
    1.42758477e+00   1.38343453e+00   1.48478758e+00   3.99537921e-01
    3.89351964e-01   7.06012607e-01   1.56266129e+00   8.83201718e-01
    6.51256204e-01   1.56416404e+00   1.54645836e+00   3.93878484e+00
    6.73438549e-01   2.18169737e+00   1.08295083e+00   1.14074361e+00
    1.22364831e+00   7.89450884e-01   1.88055658e+00   8.81709218e-01
    1.26935792e+00   1.29751623e+00   1.78446484e+00   8.18594456e-01
    1.43230104e+00   1.14305139e+00   1.29322195e+00   1.29935861e+00
    8.49497199e-01   1.08639097e+00   7.81455755e-01   1.97578907e+00
    4.66883391e-01  -5.40927239e-02   1.28496021e-01   2.17431211e+00
    4.69722092e-01   1.37574708e+00   4.84983587e+00   5.78373671e-01
    8.59227657e-01   7.37499893e-01   1.29101741e+00   2.29550648e+00
    7.98967779e-01   1.31643116e+00   6.85843825e-01   3.22162223e+00
    1.12758183e+00   1.61473179e+00   1.77283096e+00   1.77016604e+00
    5.59870124e-01   1.26620233e+00   1.75916958e+00   6.78148031e-01
    1.88227487e+00   9.63080227e-01   4.92406487e-01   1.28567636e+00
    1.48893416e+00   1.62605178e+00   1.04276979e+00   1.33351135e+00
    1.31385660e+00   2.95457792e+00   1.04894328e+00   1.24140489e+00
    9.04870510e-01   9.78126347e-01   5.97755015e-01   8.46986175e-01
    2.65874648e+00   7.97569633e-01   5.15088141e-01   8.43625367e-01
    7.39216328e-01   1.79150474e+00   2.63062143e+00   2.36026573e+00
    5.89379311e-01   5.63838124e-01   7.03812838e-01   2.25495052e+00
    1.86786437e+00   2.76618814e+00   7.96328545e-01   6.30690157e-01
    8.41829658e-01   9.95041788e-01   8.26709688e-01   1.11593044e+00
    1.23337460e+00   1.28368855e+00   8.17609072e-01   1.37749219e+00
    1.12351763e+00   4.84929085e-01   3.79961431e-01   2.04301476e+00
    1.15716541e+00   1.55118418e+00   1.91800809e+00   1.06641614e+00
    1.03196311e+00   2.08584952e+00   5.14069378e-01   7.73197114e-01
    2.74778271e+00  -2.38812100e-02   1.25540495e+00   6.26382947e-01
    5.32952905e-01   1.76812840e+00   1.56949055e+00   1.29838216e+00
    1.74198294e+00   1.89631772e+00   1.30861104e+00   2.39564300e+00
    8.38318765e-01   1.65151834e+00   5.11688590e-01   1.17431033e+00
    1.25618863e+00   8.73414934e-01   6.93530664e-02   8.71544361e-01
    1.76794982e+00   1.05315304e+00   5.53397477e-01   4.20000136e-01
    8.12936127e-01   1.48034120e+00   1.80729461e+00   2.88769531e+00
    2.25512671e+00   1.01071525e+00   1.99096107e+00   1.55607629e+00
    1.19657552e+00   1.22633362e+00   6.17728293e-01   1.26982927e+00
    4.92964029e-01   1.39922547e+00   7.40772545e-01   1.13647091e+00
    7.01537788e-01   8.65757227e-01   1.51366317e+00   1.56586289e+00
    4.34870631e-01   1.10136616e+00   2.38346004e+00   8.90562952e-01
    2.62094355e+00   2.40563965e+00   8.71224642e-01   1.83192623e+00
    1.82536447e+00   3.39133763e+00   6.44265115e-01   1.06353271e+00
    1.01206076e+00   2.13339591e+00   1.50490546e+00   4.37031984e-01
    7.09200978e-01   4.27673578e+00   5.87780178e-01   6.32394433e-01
    2.26412249e+00   1.17637753e+00   1.31406999e+00   1.35331678e+00
    7.60181367e-01   6.50814176e-01   1.37506747e+00   5.72925627e-01
    2.28811169e+00   1.43368220e+00   1.74082959e+00   1.23567510e+00
    1.40847945e+00   1.04160511e+00   3.94022465e-01   1.74335504e+00
    1.04274154e+00   1.96060336e+00   1.07824183e+00   4.29518890e+00
    1.55384648e+00   1.53983378e+00   1.18005538e+00   1.15011656e+00
    6.94781721e-01   1.13301086e+00   1.48904121e+00   1.57362175e+00
    9.51141238e-01   1.89345229e+00   8.01016927e-01   1.02254486e+00
    1.58498669e+00   1.11430287e+00   8.51893961e-01   2.12578344e+00
    7.96653852e-02   1.82103419e+00   7.72330880e-01   1.76094159e-01
    2.18287873e+00   1.97699630e+00   5.42432554e-02   2.00329280e+00
    3.46294612e-01   4.28453952e-01   1.97908151e+00   7.19887376e-01
    4.58732414e+00   5.84282756e-01   6.29551530e-01   5.84460050e-02
    1.15175617e+00   1.15735626e+00   1.31149900e+00   1.61921501e+00
    1.14773285e+00   2.13641262e+00   1.69885576e+00   9.73722756e-01
    1.28045034e+00   1.67621911e+00   1.07798469e+00   1.37526512e+00
    8.66065681e-01   1.55891144e+00   7.98620403e-01   1.35459721e+00
    7.10694075e-01   1.13262105e+00   1.72344351e+00   1.58189833e+00
    2.49049366e-01   9.27643239e-01   3.81975859e-01   1.97247922e-01
    1.25613308e+00  -6.11628257e-02   9.88793671e-01   3.15742582e-01
    1.39295149e+00   1.52290559e+00   2.91087055e+00   6.60782814e-01
    9.80801225e-01   5.49573123e-01   1.37557030e+00   1.61834288e+00
    8.84489179e-01   1.26666546e+00   4.16191429e-01   2.02196980e+00
    1.43971562e+00   1.81744218e+00   9.25304651e-01   7.42150486e-01
    7.24271476e-01   1.31718385e+00   1.09821498e+00   9.43681836e-01
    9.10301983e-01   1.02088082e+00   1.15879190e+00   2.25319147e+00
    1.74610960e+00   8.22502196e-01   9.72803295e-01   1.10288060e+00
    2.99940825e-01   1.22506189e+00   1.33920276e+00   9.58189189e-01
    1.37134731e+00   1.35105789e+00   7.86510885e-01   1.34884977e+00
    2.60972166e+00   1.45707631e+00   8.48391175e-01   9.52690899e-01
    6.54509738e-02   2.18456769e+00   1.61401081e+00   1.10871838e-02
    7.17629015e-01   2.53705591e-01   7.72513092e-01   1.96044779e+00
    8.37855518e-01   5.42152300e-02   3.37390065e-01   8.63209188e-01
    1.36384165e+00   1.24975777e+00   9.24174339e-02   1.50593245e+00
    6.91150367e-01   1.20162380e+00   2.37706375e+00   2.45166850e+00
    1.17676222e+00   2.44767404e+00   3.15104818e+00   4.25788134e-01
    8.34940553e-01   4.85410541e-01   1.95749402e+00   1.84240377e+00
    4.57059890e-01   1.01890123e+00   7.51475573e-01   9.67791259e-01
    7.02386856e-01   7.73397326e-01   2.14384818e+00   2.56601167e+00
    1.16962600e+00   2.38348499e-01   3.30336839e-01   2.33976769e+00
    9.24176037e-01   2.18588543e+00   7.95086324e-01   1.38194633e+00
    1.54004014e+00   1.34368289e+00   7.50861883e-01   1.87306368e+00
   -3.01455297e-02   1.28964293e+00   1.32546973e+00   2.55273724e+00
    1.35375512e+00   1.58257008e+00   9.98307109e-01   8.26983809e-01
    1.79048049e+00   1.63326204e+00   1.07599878e+00   4.52504337e-01
    1.29493558e+00   3.21657848e+00   3.77331376e-01   1.67615330e+00
    3.81011009e-01   5.54504216e-01   1.45807266e-01   1.90449131e+00
    1.91052303e-01   2.67358661e+00   2.18024492e+00   1.13601375e+00
    2.34145999e+00   1.74250758e+00   1.86281800e+00   1.48210883e+00
    9.05137181e-01   1.70495176e+00   9.66326296e-01   1.76350868e+00
    1.17610967e+00   2.06813645e+00   1.61526799e+00   1.17694938e+00
    1.53359807e+00   1.77658880e+00   6.73402131e-01   1.73516273e+00
    1.59041882e+00   8.39085579e-01   1.33716106e+00   1.51354897e+00
    1.79355001e+00   7.85381019e-01   2.41226172e+00   1.76452279e+00
    1.46539235e+00   2.93595761e-01   3.10101914e+00   1.72311604e+00
    1.14724445e+00   4.02879089e-01   1.20718896e+00   1.18687546e+00
    2.45032191e+00   1.38266659e+00   4.06487513e+00   2.15509653e+00
    1.83604527e+00   1.07203722e+00   1.26669097e+00   2.14982462e+00
    1.30021656e+00   6.54429674e-01   1.89220905e+00   1.33270228e+00
    1.71971750e+00   8.45959604e-01   9.08052087e-01   1.70899498e+00
    3.84301096e-01   1.31165397e+00   1.61883080e+00   1.57856953e+00
    9.77057636e-01   6.67883754e-01   1.27363455e+00   1.14178431e+00
    9.14292634e-01   6.93920851e-01   1.26298249e+00   1.20354736e+00
    1.98328066e+00   9.98354375e-01   6.10141277e-01   4.38151419e-01
    3.35716218e-01   2.02485275e+00   5.08006513e-01   4.73079294e-01
    4.81456548e-01   2.20348883e+00   7.81777859e-01   1.34756684e+00
    1.64935875e+00  -7.57577643e-02   1.51102138e+00   7.32121408e-01
    1.35819876e+00   9.64507997e-01   6.79564238e-01   6.29861295e-01
    7.10792601e-01   1.19510055e+00   2.20758104e+00   9.47938561e-01
    1.18992794e+00   4.48566228e-01   1.70415461e+00  -2.90623009e-02
    1.40410471e+00   6.24392815e-02   6.10332005e-02   9.14003849e-01
    1.71824348e+00   5.45969248e-01   2.13274431e+00   1.04125094e+00
    1.74376011e+00   3.33746850e-01   3.15210581e-01   2.50596881e+00
    1.33429861e+00   9.18087363e-01   1.41705632e+00   9.02259886e-01
    7.64339268e-01   9.43482041e-01   9.96447086e-01   2.85255790e+00
