  1.10717237e+00   1.47753119e+00   1.34376729e+00   1.62316763e+00
    1.72941768e+00   1.92020929e+00   2.03617528e-01   1.05719066e+00
    6.70042455e-01   1.73244983e-01   1.61904860e+00   2.02783203e+00
    4.98667538e-01   7.95769870e-01   2.30375409e+00   7.00883448e-01
    1.21761584e+00   5.49990721e-02   1.29607379e+00   4.64705855e-01
    6.55667722e-01   4.99583155e-01   1.45074427e+00   1.21233582e+00
    1.24974370e+00   1.11274588e+00   2.21810174e+00   1.70379448e+00
    1.34957290e+00   3.39555949e-01   2.42664874e-01   1.85176861e+00
    1.37803423e+00   8.15084815e-01   1.19162571e+00   1.67495608e+00
    2.07928181e+00   1.48258936e+00   2.65791488e+00   1.18754959e+00
    5.32858372e-01   1.03470516e+00   1.37730467e+00   5.73811769e-01
    7.72240400e-01   1.55948031e+00   1.87587523e+00   8.47021937e-01
    1.35167778e+00   1.79593277e+00   1.61283743e+00   3.90533662e+00
    6.04121327e-01   1.89037526e+00   1.18315709e+00   1.50605404e+00
    1.46130466e+00   5.84391594e-01   1.97191155e+00   1.49831700e+00
    1.94788051e+00   1.98358989e+00   1.13100028e+00   9.03416693e-01
    5.12865484e-01   1.45515501e+00   1.17586792e+00   1.66411805e+00
    1.11063731e+00   1.57391620e+00   1.19634509e+00   1.63643849e+00
    2.04579473e-01   2.93472141e-01   4.95220512e-01   9.67436910e-01
    6.99040771e-01   1.66128147e+00   1.64912164e+00   7.15148032e-01
    1.03420675e+00   4.15816694e-01   1.62096369e+00   2.24193931e+00
    4.61530715e-01   1.43445945e+00   8.51736069e-01   3.38741302e+00
    9.75233018e-01   2.92912650e+00   2.70864201e+00   2.21965694e+00
    2.06432652e+00   7.05701709e-01   2.19714570e+00   8.76426697e-01
    1.02607250e+00   1.05794692e+00   4.53652531e-01   1.45729899e+00
    1.28354061e+00   1.07396650e+00   8.00420463e-01   8.14327002e-01
    1.08649075e+00   2.53247213e+00   1.38829815e+00   1.65786755e+00
    1.35024679e+00   1.59199393e+00   6.84066474e-01   6.36625528e-01
    2.39875340e+00   6.78583741e-01   1.08728361e+00   4.55579430e-01
    1.22530758e+00   3.11174273e+00   2.85838389e+00   1.29379189e+00
    1.22164512e+00   9.25808787e-01   7.26821959e-01   2.47778320e+00
    8.60075891e-01   2.49041271e+00   9.84724879e-01   1.21053195e+00
    7.60434806e-01   7.15901732e-01   2.06549659e-01   1.73540902e+00
    7.86362052e-01   1.46717417e+00   1.27676129e+00   1.05642307e+00
    9.11008179e-01   8.93764645e-02   8.42692733e-01   1.48021293e+00
    9.48674262e-01   1.41297948e+00   1.81810188e+00   9.13743973e-01
    6.40798509e-01   9.13110256e-01   4.10673440e-01   9.97610807e-01
    2.70501685e+00   7.54034221e-01   2.20510674e+00   1.43672359e+00
    8.75227034e-01   1.89511096e+00   9.22037125e-01   9.82813478e-01
    6.15794718e-01   2.13550925e+00   9.67732728e-01   2.13015699e+00
    1.19659960e+00   1.97121012e+00   1.22843273e-01   6.89611316e-01
    7.35037506e-01   7.40194976e-01  -2.83056870e-03   9.25503254e-01
    1.74021327e+00   6.71584964e-01   7.54983783e-01   1.59767461e+00
    9.13300872e-01   1.20424378e+00   1.70899987e+00   1.86210954e+00
    1.45350826e+00   6.73831522e-01   4.16158867e+00   1.66217363e+00
    1.06203258e+00   1.01809537e+00   7.42628336e-01   1.24589121e+00
    1.10190415e+00   1.18272877e+00   1.31772625e+00   8.99882972e-01
    9.01744485e-01   6.49504960e-01   1.57028532e+00   1.40688312e+00
    7.32760012e-01   7.88273454e-01   1.82764161e+00   4.79091316e-01
    3.09062982e+00   3.17248964e+00   6.96907818e-01   1.75314951e+00
    2.67118144e+00   1.98163652e+00   1.32415593e+00   1.71594179e+00
    3.97288775e+00   3.17434359e+00   2.35275126e+00   9.33938026e-01
    7.45916843e-01   2.11055446e+00   1.08868468e+00   7.47371495e-01
    1.39422333e+00   1.06463230e+00   8.23489904e-01   1.13502777e+00
    1.07928753e+00   3.36348623e-01   1.56058741e+00   8.38718176e-01
    1.53011990e+00   1.94137478e+00   2.93353462e+00   8.55757296e-01
    1.06666195e+00   1.28314877e+00   9.28526878e-01   1.64275157e+00
    9.98764336e-01   1.96157765e+00   1.46487451e+00   3.05534172e+00
    9.35915411e-01   9.12726223e-01   1.40427375e+00   1.00582790e+00
    9.99022126e-01   6.70388997e-01   8.11945558e-01   1.26733053e+00
    1.63726914e+00   1.82405508e+00   7.97784925e-01   1.84038675e+00
    6.20373905e-01   1.25528622e+00   1.09102559e+00   1.22202241e+00
   -1.43019948e-02   1.38154483e+00   7.78812647e-01   1.36423850e+00
    1.33144486e+00   1.99996674e+00   2.28202827e-02   2.02527308e+00
    1.07223606e+00   1.27491295e+00   1.47274733e+00   4.57539678e-01
    2.68632746e+00   6.91815019e-01   1.04136133e+00   8.20220768e-01
    6.14528656e-01   1.50459874e+00   2.41875005e+00   1.74887586e+00
    1.57248509e+00   2.79057455e+00   1.70122731e+00   1.11134136e+00
    1.39240599e+00   1.33025658e+00   1.71293974e+00   1.29878855e+00
    1.31966555e+00   5.62045872e-01   8.06764245e-01   1.45521462e+00
    1.51655531e+00   1.63664985e+00   1.89497328e+00   1.34874141e+00
    2.74936587e-01   8.98904324e-01   7.13805616e-01   5.31946540e-01
    7.38436520e-01  -2.92526442e-03   1.30743456e+00   1.19688666e+00
    1.39014542e+00   1.26249516e+00   3.47008443e+00   2.70798969e+00
    8.85481358e-01   1.63767421e+00   6.53311610e-01   1.09097993e+00
    9.24976468e-01   1.74544847e+00   1.65843391e+00   2.16571474e+00
    2.26742911e+00   1.24278045e+00   9.73165095e-01   9.84897912e-01
    7.16201484e-01   2.03397298e+00   1.38044918e+00   7.31455326e-01
    7.00116277e-01   9.00876284e-01   2.03465390e+00   1.15905201e+00
    1.39697206e+00   1.24200892e+00   1.13579583e+00   2.44055852e-01
    5.59367001e-01   1.30620682e+00   6.02636158e-01   1.59005964e+00
    1.41805768e+00   1.45449376e+00   3.12231839e-01   7.58031249e-01
    2.28616762e+00   1.99359560e+00   7.83546567e-01   1.91281438e+00
    1.26091468e+00   1.60805488e+00   1.15955794e+00   2.77252913e-01
    1.13478053e+00   4.70284790e-01   1.08657873e+00   1.53215230e+00
    7.24464953e-01   1.89432185e-02   1.53287077e+00   1.83465886e+00
    1.92106831e+00   1.09852886e+00   4.84557420e-01   1.33897257e+00
    7.39338219e-01   6.66585863e-01   1.98411357e+00   2.54315042e+00
    1.50832188e+00   2.09885311e+00   1.53634119e+00  -1.88214355e-03
    7.18733668e-01   1.29363692e+00   2.18908548e+00   1.73253524e+00
    7.63023913e-01   1.41487849e+00   6.36589944e-01   4.59648371e-01
    1.10692632e+00   1.25432217e+00   1.87791133e+00   2.11697388e+00
    1.26969016e+00   7.63979018e-01   1.46172357e+00   2.05346274e+00
    4.16869372e-01   2.65152383e+00   4.76952255e-01   1.77562642e+00
    1.85950613e+00   1.14846277e+00   1.25770378e+00   3.10686731e+00
   -1.20622525e-02   1.61390507e+00   1.25782824e+00   2.60834837e+00
    1.22144139e+00   6.78631663e-01   7.69160926e-01   7.95672774e-01
    1.63024211e+00   1.63923669e+00   1.19967103e+00   1.16065848e+00
    1.38585460e+00   1.80969524e+00   6.76802456e-01   1.40987635e+00
    3.85097824e-02   3.92277360e-01   1.48774254e+00   1.38226855e+00
    5.55154502e-01   1.39925146e+00   1.36998200e+00   1.13438547e+00
    2.53852153e+00   2.35813332e+00   1.33602476e+00   9.46165979e-01
    7.82048941e-01   7.52973914e-01   2.44626552e-01   1.95317292e+00
    9.93628561e-01   1.26897836e+00   1.36026394e+00   9.10608113e-01
    1.87729490e+00   2.17760730e+00   1.14146006e+00   1.75200891e+00
    9.51673448e-01   1.01645732e+00   1.97604561e+00   4.62683380e-01
    1.40648794e+00   9.37118769e-01   1.81821656e+00   1.09833729e+00
    1.17920983e+00   8.12840909e-02   3.89970016e+00   2.06974196e+00
    1.57356131e+00   6.54644012e-01   1.79999065e+00   1.17402995e+00
    1.63519549e+00   9.50182378e-01   2.44027233e+00   2.05654097e+00
    1.36868644e+00   7.37775445e-01   2.22718287e+00   2.82328153e+00
    1.96245110e+00   7.73326457e-01   2.12618637e+00   1.94098878e+00
    1.56799889e+00   6.25348687e-01   1.07399690e+00   1.49190068e+00
    5.39499342e-01   1.41245174e+00   2.34815478e+00   2.61320734e+00
    1.34016693e+00   7.08584666e-01   2.37384081e+00   9.94531333e-01
    1.70267153e+00   8.30716610e-01   1.53871691e+00   1.03217733e+00
    3.51625633e+00   6.30482733e-01   1.38524497e+00   3.31717521e-01
    2.05928653e-01   2.70694041e+00   7.13114560e-01   8.50263059e-01
    3.48552287e-01   1.48584533e+00   5.65601051e-01   1.39620650e+00
    2.18990064e+00   1.15738861e-01   1.41248536e+00   9.67156589e-01
    1.27739775e+00   2.33277154e+00   9.28944290e-01   9.70314562e-01
    1.17172396e+00   1.90431798e+00   9.33374107e-01   1.73757613e+00
    2.93107724e+00   1.15327072e+00   1.49930859e+00   1.01646185e+00
    7.91720033e-01   6.74905181e-02   7.77928948e-01   8.90866995e-01
    1.52264166e+00   4.13538307e-01   2.08104491e+00   1.03030133e+00
    1.54110456e+00   3.17310125e-01   2.62785465e-01   2.52466369e+00
    1.77767742e+00   6.64728820e-01   1.38929534e+00   8.12268496e-01
    9.14824188e-01   1.80373168e+00   1.75563142e-01   2.32215047e+00
