 1.14579868  2.04333639  1.51796865  2.64428401  1.21550906  1.83847392
   0.21527104  1.84629273  0.8881824   1.53969336  1.55034018  0.97958905
   1.08938766  0.50298518  1.30212104  1.4138217   1.87686765  0.16403234
   2.44580913  0.58048075  0.74256253  0.40217999  2.53659081  1.46037626
   1.15553045  1.40167439  2.99936342  1.3460288   1.71274412  0.46650392
   0.97578508  1.91149831  1.18010855  1.76637137  2.2142663   1.52534378
   3.12423539  0.80641776  3.21915269  1.91870248  1.36132991  1.98741806
   2.92503071  0.84224284  0.63931763  1.09888017  1.26317728  0.63955247
   1.61972284  3.83787656  1.14633906  0.65719092  0.09412169  1.59956348
   1.01854122  1.16498685  1.27096927  1.21299064  1.57542419  1.36272264
   1.2585417   2.05390143  1.37851441  0.79269594  1.71597016  1.44526422
   0.52902776  0.46466273  0.71438527  1.30322182  2.07483673  2.74629474
   0.14687224  0.8385511   1.25873482  1.94188678  1.41465807  2.07651711
   1.14949036  0.99710143  1.25848675  0.80423272  0.94869095  1.85568035
   1.25420427  0.65855145  0.6140992   3.23660755  0.69236618  3.3141551
   2.1805234   3.37677312  0.4499642   0.71826762  1.43505418  2.56115103
   1.8412087   1.1440717   1.39104414  1.84959054  1.93132985  1.44769192
   0.36957908  2.0009706   1.6651262   1.89859533  1.83001041  0.60848403
   2.06752515  1.6682241   1.86558139  1.55484867  2.27607346  0.83039308
   0.95361489  0.44492251  1.21136332  1.5996412   1.82432902  2.32317328
   2.09744883  0.83826298  1.45109856  1.38898027  1.92678273  0.9536863
   1.58867311  2.03677177  2.30443168  1.01708531  0.68708473  4.90574265
   1.27332473  0.96505725  2.42754102  1.95753932  0.97700936  0.13233642
   1.56089997  1.49202907  2.00276852  1.61398053  1.08506417  1.27619934
   1.32572913  0.80722123  0.81318229  0.88654321  2.93448234  0.33515251
   1.69028783  1.39392984  1.36990499  1.54737484  0.79775769  0.9439224
   1.82390058  2.87332201  0.80241346  1.08960688  1.42966413  1.56690121
   0.42928436  1.12580299  0.8926664   1.09176433  0.85444045  1.63081121
   1.51173973  0.37336302  0.84883058  0.48920292  1.96872413  1.44638813
   3.19374561  1.75359678  1.17143822  1.65700901  1.74919558  1.90398276
   0.3578825   3.09915733  1.43809915  1.89872372  1.21933508  1.11930561
   2.91647959  1.97502482  0.37661883  0.97258711  1.72623837  2.65303779
   0.73647153  1.01062334  2.0191586   0.29703513  1.1018939   1.55008483
   1.54410553  2.40473032  1.58127117  0.7778973   1.0579201   1.51674962
   2.51880527  1.18391001  1.45931554  2.03185296  1.97319138  0.1524464
   1.13096094  1.20576644  1.48681343  1.51569235  1.12719905  1.96646607
   2.4463613   0.30278146  2.79437351  1.33913398  3.99330854  1.99361789
   1.62148249  0.64837432  1.79938209  1.79889274  0.27150717  1.52022898
   1.38796628  2.02610707  1.2727896   1.09472096  2.17267871  1.24001932
   2.33774519  1.91027486  2.1209507   1.59176838  0.9350574   1.03967786
   1.65472186  1.81245852  0.5759185   0.289325    0.91941553  1.53126264
   3.00775266  1.06379616  0.13637429  1.73760784  0.96325397  2.44806457
   2.4995141   1.92916107  0.47079664  1.11126363  1.92408717  1.9702785
   1.87167788  1.19790709  1.51303709  0.94809085  1.81056631  0.39649099
   1.10871065  1.89475763  1.65140378  1.47062027  1.31437802  2.92728662
   0.7347905   2.02066469  1.88428748  2.69997501  2.47061634  1.08561778
   1.49836838  0.44630119  0.6590392   1.09089291  1.95203567  1.05969441
   2.28507352  1.00706303  1.15746903  1.51400089  2.43728995  1.13750446
   0.93933105  0.74334788  1.80499554  1.26027071  1.91168952  1.21956837
   1.98731756  3.17274356  1.49625218  1.39518988  1.3301276   1.67669892
   1.19321561  1.9677031   2.00547624  1.87974608  2.40609169  0.85453409
   1.06997561  0.78807509  1.4872514   0.98581064  2.48007822  1.11118138
   1.31782007  1.22362041  2.1412375   1.67288733  1.65162885  1.35621643
   0.55946344  3.24555874  0.1579622   0.70007622  1.04164827  0.93309063
   1.82792485  1.94179904  1.00003767  0.54826224  1.38813043  2.08557153
   1.31606436  1.51601648  1.38499689  2.35099792  1.35885799  1.842026
   1.46254528  1.3166039   1.79469061  2.08226609  0.73705     1.09218609
   1.94778752  2.21874905  0.53905749  2.66377807  0.88544929  1.84146667
   0.99431837  0.80385417  2.2586205   3.13739681  0.80860448  1.71281695
   0.69712508  0.9619      1.43862092  1.42996836  1.71071041  1.55539286
   1.70564616  1.87009931  0.81536227  0.60339296  1.41878593  1.21383834
   1.77546072  1.15244102  1.334144    1.10383093  2.45683885  2.29618645
   0.56009305  2.16058779  0.56379324  2.03010631  2.54809785  2.82069755
   1.10990834  1.95303035  0.78564143  2.42829013  0.94718742  3.41162157
   1.23796546  1.56793582  1.20306754  0.70803213  3.61410999  1.20217395
   0.78970408  1.4014051   1.08414519  1.34875774  2.04280329  1.86632991
  -0.03027868  0.7814799   2.1168437   1.79153943  1.1455667   1.81802034
   1.88976192  0.76387352  2.10272002  1.95791948  1.82654846  0.7829572
   2.24745941  0.36893603  1.17467022  2.00853181  1.37554872  1.51946259
   2.10857821  1.73250043  1.14248133  1.38493466  1.05920529  1.67314732
   1.70405412  1.66495228  1.25412309  1.16225624  1.78439009  0.78956062
   1.41197526  2.13983822  2.03171468  0.61232185  1.89945281  1.65803444
   2.8669312   1.11445558  1.67488039  1.4784559   2.54738879  2.37788367
   0.77483106  2.44893408  1.0471493   0.95291609  1.987064    1.98779619
   1.15231514  1.33170068  5.06495142  1.3144623   1.4808284   1.09911895
   1.3503257   2.39516068  2.36248064  1.02211845  1.11702704  1.09762955
   1.11499608  0.98496044  3.04252195  1.37374079  1.39852285  0.72091162
   1.29602695  2.9718802   1.32937098  1.7592063   1.21573579  1.33228016
   0.79717374  1.52673852  1.15288889  1.23234057  0.78938544  1.89504158
   1.16402972  1.53361356  3.38171887  1.60846674  2.23839068  3.37134719
   1.45705843  2.41696095  1.83044732  1.73744249  2.45483613  1.99074841
   1.67430782  1.51091528  1.38387322  1.39555085  1.65045309  0.67392194
   1.26812208  0.92596489  0.85607558  1.27727437  1.58512592  1.23785806
   2.15203214  0.55351347  1.70442522  1.28164077  0.95176244  2.02217937
   2.86207676  1.22506261  0.96925753  2.03506684  1.75476646  1.49312305
   1.4103303   2.50123668
