  1.47081161e+00   1.69815934e+00   9.32364464e-01   2.04456139e+00
    1.45838451e+00   2.30528545e+00   9.57141161e-01   1.88515723e+00
    6.92301631e-01   1.55505908e+00   1.18875790e+00   9.18075919e-01
    2.05204654e+00   5.36691189e-01   6.60282910e-01   1.37448120e+00
    2.87687063e+00  -3.99618148e-04   2.54625511e+00   3.18894148e-01
    4.73071426e-01   3.79913509e-01   3.22459340e+00   2.36062574e+00
    7.04538286e-01   8.00426722e-01   1.02172112e+00   1.48480558e+00
    1.13790882e+00   1.53854001e+00   1.86496198e+00   2.31178808e+00
    1.48138571e+00   2.12169147e+00   8.49931598e-01   2.09398174e+00
    1.70503891e+00   2.12482214e+00   1.90567327e+00   1.22220564e+00
    1.11995399e+00   1.87067389e+00   3.25841546e+00   1.01056588e+00
    7.82177687e-01   1.98019278e+00   1.62228382e+00   8.84463429e-01
    1.75893021e+00   2.30752683e+00   6.51993632e-01   1.42325354e+00
    8.89404058e-01   2.66752744e+00   1.03852677e+00   9.23695207e-01
    4.01132345e-01   1.13095641e+00   1.21419549e+00   1.04393399e+00
    5.58366954e-01   1.13798082e+00   1.09158695e+00   3.94778132e-01
    1.26454532e+00   4.93978202e-01   4.64534074e-01   7.77019560e-01
    7.82101572e-01   1.76748228e+00   2.11971998e+00   1.12057936e+00
    1.86371222e-01   2.07266712e+00   1.38397300e+00   1.32485366e+00
    6.08534575e-01   2.59424233e+00   2.71885562e+00   1.76160502e+00
    1.55539179e+00   6.65292263e-01   1.85223579e+00   1.40166712e+00
    1.98116851e+00   1.95673168e+00   9.66117620e-01   3.43365455e+00
    6.39884710e-01   2.27236319e+00   2.12450075e+00   2.06347394e+00
    1.45101678e+00   5.36698997e-01   2.48016572e+00   2.38586140e+00
    1.50558913e+00   8.35218012e-01   2.57062197e+00   2.03914309e+00
    1.99835122e+00   6.63927317e-01   8.57012928e-01   1.39953530e+00
    3.32278156e+00   1.30985594e+00   1.20382738e+00   1.90263844e+00
    1.84436619e+00   1.16290987e+00   2.42051625e+00   1.85462999e+00
    1.92888546e+00   7.86284566e-01   9.32475984e-01   1.39747679e+00
    2.23036456e+00   1.34766948e+00   1.45428228e+00   1.56014919e+00
    1.79172850e+00   1.50140727e+00   2.18197227e+00   1.86108375e+00
    1.01559198e+00   1.53603756e+00   2.39176702e+00   2.66540623e+00
    8.33294868e-01   9.37498152e-01   3.25694114e-01   2.70877600e+00
    2.31369662e+00   1.60399187e+00   2.38692832e+00   1.19004250e-01
    6.93487108e-01   2.57791996e-01   1.28399539e+00   1.38689840e+00
    2.31095076e+00   1.06843805e+00   2.09881306e+00   1.53977227e+00
    1.96234238e+00   6.81272805e-01   1.21157312e+00   1.68504679e+00
    1.78743184e+00   1.35822606e+00   1.69302380e+00   1.74005806e+00
    9.86778140e-01   1.41232371e+00   1.14083242e+00   6.47066712e-01
    2.51528692e+00   3.68200612e+00   5.03995478e-01   5.58595479e-01
    1.38031650e+00   1.08662009e+00   9.87038538e-02   3.99093300e-01
    1.19053400e+00   1.56562522e-01   8.85491967e-01   1.61900461e+00
    9.89619195e-01   4.86438334e-01   6.19249344e-01   1.73075366e+00
    2.75734329e+00   1.16125619e+00   2.31674838e+00   1.73620808e+00
    1.53006673e+00   1.63075244e+00   2.14421415e+00   1.23764968e+00
    3.12145889e-01   2.73376727e+00   1.52295709e+00   2.39004707e+00
    1.70513976e+00   1.47352588e+00   1.22160578e+00   3.09420633e+00
    2.79412061e-01   6.65999711e-01   2.27043986e+00   1.46314299e+00
    1.99035287e+00   3.51586789e-01   2.00123453e+00   1.49928665e+00
    1.24202979e+00   1.87255108e+00   4.50938582e-01   2.65469623e+00
    1.55883896e+00   1.04109907e+00   5.39792955e-01   1.70826125e+00
    1.73354828e+00   9.74569261e-01   1.86404526e+00   1.11401248e+00
    1.98869491e+00   1.42113909e-01   1.60565794e+00   1.70140469e+00
    1.85188735e+00   2.48256183e+00   2.25320649e+00   1.47868335e+00
    1.95795608e+00   4.37802017e-01   5.07406414e-01   2.20880365e+00
    3.03696394e+00   1.95118999e+00   2.54754019e+00   1.27318954e+00
    1.90722775e+00   2.51608634e+00   9.97263432e-01   2.78214622e+00
    1.60408783e+00   1.90705657e+00   1.44158804e+00   6.79462135e-01
    1.39926469e+00   1.63680053e+00   2.22747517e+00   6.53285801e-01
    2.04915953e+00   1.17439079e+00   1.77408159e+00   1.15377796e+00
    2.22802639e+00   1.36776555e+00   7.10872114e-01   2.97144055e+00
    9.83703375e-01   9.70140457e-01   1.67832351e+00   7.35926211e-01
    7.55378246e-01   9.53409553e-01   1.84449649e+00   1.78732765e+00
    1.85030448e+00   2.07465649e+00   5.74531674e-01   5.30048728e-01
    2.73533654e+00   1.49913764e+00   1.95116222e+00   1.56928813e+00
    2.39204216e+00   1.90082109e+00   1.42087150e+00   2.94086099e-01
    8.54664862e-01   6.76818073e-01   2.84941697e+00   1.13843596e+00
    7.17309713e-01   4.31539011e+00   5.73581278e-01   2.55946922e+00
    1.70341766e+00   9.53601122e-01   1.75509942e+00   1.57367063e+00
    2.02330685e+00   1.15097547e+00   6.17202103e-01   2.72411561e+00
    8.81482720e-01   2.37177587e+00   2.91124845e+00   1.61464179e+00
    1.20607090e+00   2.13880491e+00   2.14786315e+00   9.67049062e-01
    1.16696131e+00   1.44379866e+00   2.56410980e+00   1.56291580e+00
    1.25217187e+00   9.52184916e-01   8.70080173e-01   4.19635487e+00
    1.54412782e+00   2.22780585e+00   1.35164070e+00   1.97199357e+00
    7.77944207e-01   2.20041513e+00   1.08646548e+00   1.57403779e+00
    1.81478512e+00   9.85653877e-01   6.19172931e-01   4.46743548e-01
    2.30727243e+00   2.57751751e+00   1.73689330e+00   1.49843311e+00
    3.20612639e-01   8.39731812e-01   2.89354539e+00   1.78036296e+00
    1.16699696e+00   1.95246851e+00   1.50984991e+00   2.55895948e+00
    2.03368068e+00   8.83181393e-01   8.58487189e-01   1.64100909e+00
    1.65022087e+00   1.84203422e+00  -4.45420062e-03   5.48340857e-01
    2.43552136e+00   9.46879804e-01   9.24217761e-01   9.73625779e-01
    2.15366030e+00   1.60325146e+00   1.16480207e+00   2.00706863e+00
    5.76016366e-01   2.22234821e+00   1.09849477e+00   1.68792236e+00
    5.35185158e-01   1.82454658e+00   1.83042777e+00   1.59653580e+00
    6.33157134e-01   1.80560887e+00   1.30533481e+00   2.43500614e+00
    1.61597645e+00   1.65874076e+00   1.61815047e-01   4.56613922e+00
    1.28841531e+00   1.36230385e+00   6.05441093e-01   1.46501184e+00
    2.17998648e+00   1.75435817e+00   2.14171863e+00   2.18016863e+00
    2.33792233e+00   1.07481861e+00   1.52905202e+00   1.72748852e+00
    1.60172057e+00   1.01899624e+00   1.86422229e+00   8.02837551e-01
    2.15795732e+00   1.28940296e+00   2.06390738e+00   1.87319207e+00
    5.93330860e-01   2.13244677e+00   4.59203213e-01   2.06361437e+00
    3.59071875e+00   3.01539493e+00   2.22207499e+00   1.57845008e+00
    1.41383004e+00   1.37010348e+00   2.19676375e+00   2.28378963e+00
    1.30974054e+00   3.48847866e-01   4.62743849e-01   5.24641633e-01
    2.22986817e+00   1.95075059e+00   7.45791912e-01   2.05959988e+00
    1.16187334e+00   8.42016578e-01   2.16295552e+00   2.42582774e+00
    4.98093292e-02   1.14880240e+00   1.37386835e+00   8.17986965e-01
    1.87085152e+00   3.29008222e+00   2.02107692e+00   8.99167538e-01
    2.38369584e+00   2.92700696e+00   1.55719888e+00   3.11736751e+00
    1.64833570e+00   1.60125494e+00   2.10437226e+00   3.03244138e+00
    1.74787605e+00   1.92866135e+00   2.24725914e+00   1.68573487e+00
    1.54798388e+00   1.04543400e+00   2.00350070e+00   1.74899316e+00
    1.31217217e+00   1.87256849e+00   1.88422990e+00   1.51109898e+00
    2.09032750e+00   4.05546963e-01   9.26187992e-01   8.30136120e-01
    2.71928549e+00   1.52026641e+00   9.62382793e-01   1.93255460e+00
    8.92868400e-01   1.80379248e+00   1.49575508e+00   1.32187510e+00
    2.36313605e+00   3.26128531e+00   1.03925943e+00   2.11456752e+00
    5.91841936e-01   1.33407438e+00   3.50274086e+00   1.99280965e+00
    1.01439619e+00   2.05567360e+00   3.51341081e+00   1.23209119e+00
    6.73585236e-01   6.24217153e-01   1.10321176e+00   1.72122467e+00
    1.63652325e+00   1.69512117e+00   1.80268598e+00   6.86989188e-01
    2.19591022e+00   1.41000295e+00   1.01157033e+00   1.34352517e+00
    1.57362819e+00   7.36717582e-01   2.39359260e+00   2.21777964e+00
    1.88597977e+00   1.27035284e+00   3.08481753e-01   1.07222331e+00
    1.46977854e+00   1.98798442e+00   9.28543508e-01   2.02784395e+00
    1.13994157e+00   2.01372147e+00   8.29358101e-01   2.23640895e+00
    1.93051028e+00   1.46952879e+00   1.38851023e+00   2.99792171e+00
    1.80674565e+00   1.73807669e+00   1.87379014e+00   2.74187493e+00
    2.62204099e+00   2.49880028e+00   6.18673265e-01   2.53842568e+00
    1.86384916e+00   1.80075932e+00   1.72092044e+00   7.93421924e-01
    4.97177541e-01   2.23780084e+00   8.64987731e-01   1.11857414e+00
    1.52348852e+00   2.42623663e+00   8.76840413e-01   3.65822524e-01
    1.76108062e+00   2.04495263e+00   1.52869892e+00   1.33311057e+00
    2.06923103e+00   9.17572677e-01   1.22289173e-01   1.83594680e+00
    3.48732185e+00   5.06598353e-01   1.46140170e+00   1.85286379e+00
