 1.0750016   1.90745127  1.6146791   2.01604247  1.40423     1.98213363
   0.34171903  1.60532689  0.52493858  1.26849723  1.26730144  0.98852855
   4.15511036  2.30266237  0.90129799  1.08696365  3.3317132   0.14508572
   2.23855186  0.71613955  0.34805825  0.50352615  2.51433134  2.62453961
   1.64613497  0.59592628  1.45056951  3.14518666  0.77193254  1.18991888
   2.04808879  2.60429931  0.26179078  1.59142327  0.52738601  2.55744052
   0.78303003  1.54949677  1.50194585  3.66472936  0.78922755  0.92128515
   3.42724943  1.01033938  0.92206275  0.52017456  2.713377    1.07521403
   3.91550303  6.81133509  0.67464465  3.47362804  0.66600811  2.75697303
   1.0569675   1.39288557  0.5491339   2.27203035  1.4319272   1.58367145
   1.06493282  2.07059169  1.89349377  0.77189833  0.477193    1.58864903
   0.55629498  0.39351684  0.464737    2.01916218  2.02599788  0.87176621
   0.55382037  2.12134886  2.19551039  1.10490859  1.04581082  1.83849895
   1.38570654  1.58113742  2.61508799  0.91102433  1.62597311  1.09864569
   2.04957604  1.29300833  0.58573163  2.35134411  0.9065848   1.35636735
   2.24311686  3.22789288  1.47659218  0.5187124   3.69387889  3.70553803
   1.86665452  0.63319606  1.73283708  1.40790856  2.38177967  0.64169121
   0.92522341  1.93250334  2.06279659  1.66536784  1.38937426  1.52650785
   1.72264898  1.16480792  2.02387428  4.8489399   1.65333962  0.845128
   1.07499611  1.15523732  1.50290048  1.29195571  1.7660861   1.60603809
   2.11352301  2.09311604  2.53259277  0.75319952  1.45269978  2.08294177
   3.15566874  1.98341143  2.38100505  0.78537804  0.38244259  1.69885361
   2.10491705  1.21093881  1.69786263  0.24700245  0.70658177  0.75876081
   1.60451198  4.4001255   1.42131972  1.3510524   1.88628352  1.45144975
   2.31963563  1.10161698  1.34649718  0.61787784  2.12835479  1.20039189
   1.35603046  1.72329926  0.77293932  1.38669169  0.84512275  1.39042306
   1.72318745  2.7588985   0.73680562  0.73499113  1.82182908  1.07083452
   0.14905173  0.76431882  1.66760933  0.25950164  0.563317    1.80860472
   1.67333198  1.11736071  0.63156867  0.869865    2.28493428  1.29413462
   2.71327186  0.82686287  2.37460899  1.6942414   2.54600525  0.89598042
   0.89549166  3.37746143  1.16116905  1.47289836  1.46270287  1.32300222
   2.06836581  1.90546393  0.38088468  0.71404058  2.99006987  2.39103293
   1.10393572  0.9802289   0.92030388  0.59985006  0.39217979  4.0104146
   0.87647986  3.40273809  0.87683475  2.2418952   0.72099531  1.44172692
   3.17793274  2.89080167  1.00698888  0.88902539  2.35676074  1.07610726
   0.91268116  1.87391996  1.55135798  3.25023556  1.64594364  1.14985991
   1.57112372  0.41135845  0.92085844  1.68638766  3.73920369  1.19010043
   3.0106113   2.55564499  0.7211712   1.36708164  1.61849916  1.88291419
   1.11406434  1.69912243  0.63451183  1.28097761  0.89135748  4.58557844
   1.33946157  1.22166312  2.82022071  1.45390296  1.2634815   0.85214406
   2.02749634  1.82574284  1.10244834  1.69076693  1.48051035  1.29187799
   3.25674915  0.98333967  1.08755457  1.7844336   3.15017152  2.29349089
   2.10703301  1.72002423 -0.01232805  0.6268245   3.21258616  2.03607345
   2.83923054  4.48692465  3.77041507  1.28910172  1.79255819  1.01075089
   2.03878403  2.95692968  1.9656775   1.16446638  0.82234311  4.80402756
   0.782013    1.90590024  2.82075953  0.94718713  1.58880866  1.23639476
   1.16377401  3.71978354  1.03008878  0.64051902  1.84160089  1.72764528
   2.39585638  1.21336651  1.83993065  1.76905107  1.99796581  1.1688745
   1.75753057  1.37427902  3.35791397  1.78883708  2.07842374  0.93165356
   1.1195153   4.77699709  2.0316751   2.01928282  2.71243644  2.14948583
   1.45932424  1.21583498  0.85501462  2.34732151  1.28816819  0.7199046
   0.33464187  0.57280147  1.3936702   2.06245732  3.10342622  0.91278422
   1.62194526  0.87453634  1.60305536  1.43650103  2.54492426  2.04876947
   1.93112171  2.28481412  0.96680748  0.82555383  1.36833072  2.20097065
   1.7085886   1.54462647  0.61446673  0.54587185  2.95350242  1.32869756
   0.65746099  2.56765223  0.77740109  1.50128305  1.6306963   1.91884327
   1.0573374   4.29067993  1.27612901  3.6612947   0.7595132   0.90152925
   1.29049146  0.94354498  0.3594633   2.05484319  2.40644145  3.00945735
   1.57650816  1.45441067  0.23889241  1.76990747  2.6242311   1.9486692
   1.01451468  2.56328082  2.50657749  1.64881837  1.77873003  1.50389934
   2.13953805  1.80126536  0.45996779  1.74968374  1.32567346  1.44876742
   2.17887783  1.4801954   1.35605657  1.77849352  2.26606607  1.30435121
   0.44895455  3.78685188  0.62693095  2.06369591  1.30857277  2.43870974
   0.91757214  1.92019951  0.79866362  2.36750364  1.61731434  3.37364888
   1.41764975  0.17135133  1.55410194  0.50008863  3.03649473  1.28746223
   1.49118447  1.41698241  1.20764661  0.93764943  3.12328959  1.5015794
   0.75726885  3.43365479  1.96417701  1.4310863   0.9667356   1.07294917
   1.47279608  1.42611349  1.71652627  4.86664009  1.99939942  2.79332447
   2.53376698  1.66184831  0.95848423  4.89492702  2.69616103  2.09160018
   1.99310148  1.40133727  1.01890421  1.68331873  1.77134919  1.84556937
   2.01254249  2.36502695  0.89413548  1.40316904  2.13665628  0.78225636
   0.23901266  1.24642658  1.60833836  1.3625679   0.8788262   2.83077741
   0.85038424  2.00566745  1.69173312  2.34429312  0.49201372  2.26048636
   4.13867521  2.36876035  2.61800647  3.14511108  2.16069674  1.06927049
   1.11188161  1.01871812  1.88788223  0.82737648  0.36667353  0.66581237
   2.56031394  0.11202727  1.31471419  1.1074506   2.74270892  1.98284733
   1.80362761  0.63510168  0.10941404  1.64862847  1.98902392  0.95095551
   1.43701816  3.84005737  2.08145428  1.84758198  1.28054214  1.42203271
   1.22992921  3.62413812  1.34405482  1.71363676  1.3869071   2.11893773
   1.16477549  1.68082941  1.56314516  2.91344261  1.4472239   3.04492331
   2.59725308  1.90553439  2.29821253  4.25184917  3.07977128  3.85744238
   1.71113753  3.49141145  1.13112497  1.2997911   0.71894431  0.68516678
   0.51766616  1.20343673  0.63082516  1.02124667  1.50883234  2.29513669
   1.75803018  0.97802913  1.49427915  2.5711565   2.09795761  2.49711657
   1.12297785  1.3491894   0.52127701  1.82155979  2.58919668  0.40973738
   1.32449484  1.00028694
