 1.98651779  2.01532769  2.92101741  2.0826838   1.12877703  2.8104372
   1.15013301  2.01397967  0.92074871  1.75752783  1.81724024  2.56912398
   1.42454422  1.56987321  4.45187187  0.75006551  1.80706811  0.20294973
   1.45088422  0.71129954  0.54569006  1.43591666  2.128268    2.05349898
   1.97271979  0.48950708  1.574332    2.51859188  0.46047983  0.69431973
   1.06773448  3.38567257  0.94937354  1.34785414  1.49540472  1.84100282
   2.39214277  1.9462564   1.53038514  0.89455265  2.00068212  1.46895862
   3.74118042  1.65589201  1.15599811  1.53943539  1.653       1.4949919
   1.43251073  3.39032793  1.31999767  3.00046897  1.48340261  2.13311839
   1.9320333   0.951213    0.7892555   2.18614721  1.58886433  1.911111
   1.19449151  3.56850028  1.66614664  0.8781969   1.96408892  1.08581662
   1.00078034  0.62964433  0.6021952   1.13279939  1.92315733  0.91775924
   0.96391195  0.86313665  1.16889608  1.05686092  1.14513004  1.42392111
   1.76137674  1.32743156  2.00021291  0.9735465   0.5465979   3.27098417
   1.54531014  0.90241235  0.9743523   1.1796509   0.87142527  1.15238261
   2.9013896   3.60439086  3.61189461  0.84972912  3.40671062  1.7714113
   1.14191163  0.54484051  1.97095776  1.45961738  1.34584761  1.0209558
   1.64608538  2.14844918  2.00061893  2.24788785  1.06651235  1.34604764
   0.9902271   1.05459499  1.70387602  1.4218508   2.55558681  1.23429036
   1.47017038  1.84406948  1.40752518  3.28358698  1.30300736  1.89500451
   2.26600933  2.10260296  2.24500012  2.21420336  2.00241399  1.54035652
   2.0461936   2.58262873  2.13679171  0.79611862  0.60688585  1.50267196
   1.00981498  1.76404393  2.62639451  1.61246705  0.84566808  2.14511251
   1.58650184  2.90396738  1.47748411  1.17612994  2.18999791  2.61213541
   2.63159966  1.48672879  2.32682943  0.9853937   2.14763999  1.62955821
   1.1625675   1.85921967  1.80790961  2.13588309  0.17325245  0.96865815
   2.75427461  0.88215864  0.70154035  2.53640723  2.59501886  0.76969576
   0.56043959  0.98895597  2.21208477  0.64495128  1.38422668  2.93945622
   1.24812472  0.85539162  0.95712882  1.59287393  1.28973567  1.48810005
   3.56988168  1.59686184  1.18609846  1.2960757   2.37382913  1.54649711
   2.09505868  3.9167068   1.85365307  2.09108233  1.96915221  2.50103807
   1.92207551  1.46568418  0.65385169  1.49646664  2.51762652  1.14719951
   0.35955468  0.24988794  1.21648312  1.21402347  2.86709261  1.56309009
   1.15552795  1.97116458  0.79730517  3.66188455  0.1778916   1.26311684
   3.62007117  3.89057398  1.39070976  1.77257729  2.13669753  3.24430346
   1.51898754  1.54996109  2.0559001   2.63394427  2.03894353  1.27306592
   2.57616782  0.71776038  1.62344956  2.27837491  2.18086624  0.86554927
   2.48086023  0.94177294  0.97746354  1.81459153  0.91913354  1.44099438
   1.63589537  2.36237001  0.95594472  2.98660493  1.57534027  1.40505767
   1.93935204  1.13407004  1.58443356  1.19422913  1.1243875   1.96906734
   1.63628817  2.86437702  1.25727165  0.61318678  1.75990951  2.3684032
   2.91337609  0.6842739   1.21967959  1.62051713  1.51243365  1.92231715
   1.85965228  1.79703224  1.218032    1.06947291  1.17668045  2.57427716
   3.27140093  1.13507843  3.25563097  2.33185697  2.03871179  0.7967689
   1.16632795  1.13773549  1.79412186  2.02916527  1.21412778  3.48139358
   1.52658892  2.88505936  1.7887615   0.8795234   2.46083379  1.26912653
   0.68641031  3.10011244  1.45571876  1.65219879  1.8153125   1.36404538
   2.83388352  0.8822993   0.77122563  2.62950993  1.25729859  1.92065179
   1.66242123  1.5349319   1.89064121  1.74101973  1.50930989  1.95242941
   1.7680459   2.40107918  2.27814341  2.26471114  1.23120809  1.68935728
   1.26111126  1.34735823  0.96634662  2.16520572  1.91969359  0.92243856
   0.41596687  0.81960738  1.71500695  0.48365495  1.83113921  1.83068812
   1.28576744  1.21352005  1.3882221   1.53727579  0.60801345  1.40853024
   1.49002135  1.65279627  0.12086207  0.94699347  0.84201717  1.37790763
   1.41525233  1.44753826  1.42593539  1.06328177  1.34882665  1.39187014
   2.05920482  1.48128104  0.99663472  1.2172991   1.59365404  0.35635322
   1.12574601  2.85462403  1.09188795  3.33661413  0.71819901  0.80721295
   1.43366385  1.56506562  0.38223118  1.78115499  1.78835559  1.74791789
   1.62324142  2.32402492  1.63240194  0.7335102   3.7755456   0.67247218
   1.96644366  0.77804011  1.73437476  1.44993401  2.31116724  1.31541753
   2.70790434  2.35956097  0.91653222  1.75199771  2.51892591  1.56893635
   3.90221119  4.21616268  1.15426195  1.85984206  1.92917967  0.90087235
   0.75757414  3.28424382  0.64995056  1.49464345  2.19884825  2.99335957
   1.93595386  1.71790636  1.06569314  0.43185094  0.99250245  2.98734498
   1.49996734  0.95297211  1.73555946  0.83385825  3.68715453  0.93280458
   0.69091541  2.14249897  1.18546808  1.17199373  1.0620259   2.48730683
   0.57584333  1.41935015  2.50428987  1.95007253  1.2651633   1.78648949
   1.28727627  1.44408     2.64133     3.42002559  1.37853491  3.15733981
   2.47106671  1.76978672  1.47840309  2.51972103  3.28929663  1.25058424
   1.79873002  1.78178406  1.860129    1.22011554  1.13905227  3.59575176
   1.83658731  1.40587378  1.30137742  1.44533384  1.68643177  0.589728
   0.58627701  0.59696877  1.00316632  0.99777979  2.4665215   1.67469275
   2.3680644   2.43484163  1.37953937  1.35612845  1.70526433  1.45660508
   4.10558271  1.93217921  1.38124251  1.62734318  2.79225445  2.29376721
   0.9633581   1.27444327  1.13865793  1.46907103  0.65017527  0.56017536
   1.2683847   0.98285717  1.23314023  1.29203653  3.87030697  2.39901209
   2.12357926  1.3111887   2.05226088  0.50687397  1.33676672  0.96693587
   2.00827384  1.87749565  2.40086317  1.39182007  1.37034523  1.48172593
   1.71556997  3.0494144   0.53168905  1.6113354   0.779872    3.83306742
   1.32166147  2.27097487  1.28431237  1.32831001  0.43484166  1.62857127
   2.27230978  2.81802154  1.79884171  1.90904963  1.3494215   2.75961423
   1.61635065  2.95420575  1.02276909  1.21958566  1.39725578  0.58360571
   1.58636057  0.63506353  0.66709816  1.1403302   1.48123252  1.98990309
   1.44451857  1.78196704  0.98828518  1.69657087  1.75120735  2.66068912
   1.39639843  1.15233028  0.58352745  1.12127864  1.25329745  0.46614355
   1.14367282  1.32200634
