 1.6191318   1.35954344  3.06507587  2.7008636   1.67258096  1.4568429
   0.78065741  1.68843925  1.69840491  1.96815681  2.12269807  3.54096651
   1.84076786  0.59715778  4.33570385  2.31338096  2.19831157  0.18332139
   3.91221881  0.64471811  0.87225872  0.80886543  2.09322619  2.32814193
   1.82732522  0.60630047  2.1785202   2.66861486  2.09662533  0.49952132
   1.70783114  0.75197965  1.54329646  0.81530708  1.17054331  2.04877758
   2.54762959  1.08400345  3.33652472  1.52457881  1.56852126  1.73098528
   2.54145432  0.80586684  0.9788121   1.90746474  1.87448657  1.51447248
   1.10254264  4.5063448   1.81990683  4.16160822  0.53741872  2.2121172
   1.56344748  1.29743397  1.05746877  2.59817576  1.58665931  2.16416311
   2.63044524  3.10573578  2.51337028  0.77083862  0.75684601  2.76732183
   0.81246608  1.63317215  0.93242991  1.00887716  2.05609536  2.45902061
   0.79739243  1.69587791  1.89773631  1.85975516  1.93496406  1.5519799
   1.60670388  1.30958736  2.93455529  0.95057863  0.82252979  4.43156338
   1.77507281  1.13731897  0.99990338  1.58809543  1.10253358  2.58893752
   2.53439927  3.40463614  1.1728189   1.06793511  2.67524266  1.46432137
   0.8341735   1.20570529  2.14722681  0.62404627  2.21336842  1.0754751
   2.10256076  1.03933382  2.06088352  1.49929953  2.92464399  1.3325572
   2.04073048  1.91457462  2.22536016  1.11838174  3.75979328  1.17630267
   2.23855901  1.30237079  2.01993203  2.76591134  1.71168101  2.15824676
   2.95232344  1.76059806  2.2394402   0.9033283   1.42418504  0.73659533
   2.30345798  1.65291297  1.83683658  0.82219297  0.72934282  1.9425689
   1.60147786  1.36274648  3.08664584  1.09565139  0.98331511  1.58033907
   2.24178767  2.34731054  2.90241575  1.38397467  1.74601114  2.99588394
   2.29359889  1.71170056  1.50237095  0.802001    2.64939284 -0.00942744
   3.85022831  2.0950911   1.92555678  2.3698082   0.28895456  1.69655299
   2.63007569  0.19856192  0.96096349  1.92599857  1.93589377  3.61370134
   1.0306114   0.7678017   1.95065331  0.74994689  1.3517946   2.31742287
   2.06674838  1.1030004   1.34443212  0.70823509  2.13632154  0.76864898
   2.17747259  2.76495361  1.70287085  1.01755011  5.4011941   2.23513365
   1.62858105  2.33486724  2.07693291  1.58965862  2.55840039  2.28036928
   3.17829967  1.07596934  0.860699    0.6134066   2.44090533  0.58466625
   0.76862228  0.28296089  2.06972122  1.61038589  3.01214886  2.69947648
   1.58121336  2.75988483  1.43713963  1.35217714  0.40641114  2.54927754
   3.05623293  2.09248948  2.49750519  1.63880467  2.88442373  0.61024052
   1.73841465  2.56774974  0.78042406  1.70257914  1.29465723  1.39482081
   2.06277847  0.56786543  1.60108721  2.31482482  3.25637794  0.82098585
   2.46664667  0.84472185  0.57513577  2.20511866  0.62660927  1.39950025
   2.23603106  1.73236823  1.98994017  3.15598893  2.31330228  1.29181695
   2.11688042  1.80816197  2.94539165  1.07608318  0.77162397  1.58087754
   1.59671569  1.95798326  1.139063    0.49211457  1.44590664  1.71311367
   2.83099484  0.83362889  1.50052094  1.87193513  1.39663517  2.32692456
   1.7575475   1.94309902  0.35788894  1.63416231  2.53437543  2.42149091
   1.85961962  1.47067022  1.82348847  2.29130936  1.54571402  1.08217752
   1.03337085  2.66792107  0.6017102   2.67895389  0.94559878  3.16261387
   2.09577465  2.18731046  1.29149652  2.62776279  2.40066886  1.11548972
   0.96541566  2.44306159  0.93767625  1.81118619  1.01677036  2.20255995
   3.62958384  0.47009304  1.33833802  1.9394989   2.62783074  1.28928554
   2.35554242  1.24952328  1.93992889  1.22843981  1.3942399   1.23954678
   2.95356083  3.90695047  2.43127632  2.56122804  0.44205415  1.06899118
   2.72661901  2.20682096  2.25359941  1.8135879   3.01216626  1.74044192
   1.40408933  0.84064907  1.61311102  1.13550651  3.51527619  1.94318962
   0.65241092  1.00777996  1.26335466  1.38143897  2.47050953  2.21940446
   1.4183414   1.93958902 -0.02904294  1.01979911  0.78679127  1.20229828
   1.61523294  2.12213469  0.93449509  0.55247736  1.20631754  2.94226646
   1.61948276  1.2470932   1.59572232  2.66995192  1.9822793   0.88072371
   1.45990551  3.08786893  0.91426849  2.15167999  0.70374733  0.59686583
   1.66589224  2.6043663   1.28153515  2.28658628  1.8927424   1.7655915
   2.7255075   2.18066263  0.6052916   2.33555603  1.41426802  1.14461386
   2.97998714  1.04445124  1.07538188  2.19807339  2.78512073  1.51131964
   3.34416294  2.99104166  1.16087401  0.84367549  1.9881469   1.85640299
   4.25851965  1.97703803  1.77060318  1.37721241  2.41153574  1.59100318
   0.61875218  1.53706527  0.77936471  1.76512134  1.93651128  2.54540205
   2.17913628  2.84821868  1.58392477  1.72940934  1.85226679  2.08182764
   1.224159    0.38441214  1.38437259  0.75537151  3.81699514  1.5379796
   1.72335887  1.96499109  2.39296103  1.41426122  2.24269509  2.52527213
   1.06217885  1.42737782  1.61757445  1.78960037  1.02377069  3.36635637
   2.79243708  2.14991879  2.60534239  3.77834392  0.80659854  2.16625667
   2.17494512  1.10994041  1.71774399  3.1761117   3.15162325  0.78174222
   3.08347368  0.98780423  1.26274335  1.60266697  2.08827496  2.21610451
   1.26080811  1.88353884  1.98152363  1.69324076  1.53432453  0.91399384
   1.77633488  2.11013579  1.38696992  0.80354559  2.81033087  2.63481474
   2.91081119  2.40743375  1.48843825  0.77886647  0.96751642  2.4084022
   1.20243084  2.09527802  0.62148631  2.50911045  2.64294863  3.00354362
   1.06709552  1.86551344  2.69450045  1.58908951  0.49603802  0.27167183
   0.40682948  1.52227736  1.0605036   1.61055672  2.9628942   1.59777391
   2.19182301  1.29659414  2.25488853  0.73059934  1.66380656  1.0629791
   2.07264709  1.81526911  1.26029849  2.49171877  0.62130946  2.17476821
   0.97533464  2.73626709  1.05810118  1.63408458  1.41210175  2.81632233
   0.37614918  2.88254166  3.03997946  2.0776341   0.65049058  2.83251262
   0.91540712  2.96811128  2.48710704  1.58418477  2.29203367  2.67831707
   1.45220912  1.07990313  2.08050442  0.57282621  2.19424605  0.73739016
   2.49677062  0.59460449  1.1265775   1.0844872   0.90276384  1.82542241
   1.70158184  0.91273379  1.80610144  2.68333745  1.79530787  2.52538157
   1.49568641  0.67391932  1.52553296  2.40945411  1.88233149  0.52857423
   0.87791491  3.04394054
