 1.93163526  2.02260351  1.20273316  2.86852145  0.9583056   2.06816411
   0.62859666  1.77489388  1.17721319  1.04459429  1.80450702  1.69519436
   1.90050769 -0.02243158  2.82006788  1.33488321  3.53174663  0.44933152
   5.21535206  0.63153428  0.66214687  0.84347147  1.20145082  1.35449219
   2.26164389  0.87729222  1.85617888  3.83597159  1.5030874   0.1657078
   2.31657052  2.18261862  1.4693712   0.95696008  1.62730575  2.27566743
   1.19286346  1.47576261  2.13942719  2.45643878  0.28121072  1.32329488
   1.1859386   0.87477356  0.94050467  2.02373457  2.13484883  1.41878831
   2.50834417  2.23778892  1.09574187  1.53470218  0.55279607  2.65373349
   1.68589067  1.12242758  0.76616055  1.51005208  1.5244025   1.32272291
   1.48967862  3.3761344   1.35893559  1.00644052  0.74514174  2.92215967
   1.00386858  1.9377836   1.35993063  2.03602505  2.23108268  1.63908803
   0.67222679  1.07089484  1.30978918  1.06939983  0.92467338  2.1843617
   3.02844477  1.48264945  1.23098588  0.92555189  1.42278159  1.98464823
   1.73416471  1.9169451   0.99369854  2.98941588  1.15401554  3.21284556
   2.28223252  1.2165283   1.43604231  0.74345899  1.29377365  2.20833421
   1.23581743  1.34699106  1.96324992  1.1250155   1.80186367  0.96163547
   1.85185158  1.20405829  1.48488247  2.2444098   2.44102049  1.99155688
   1.46226215  2.70117712  2.7686615   2.08129668  2.58567977  1.39107609
   0.43187007  0.96485347  2.64669013  2.04784775  1.70879042  1.24260092
   1.92486918  1.17979574  2.6271472   1.70432019  1.5868057   1.97652304
   2.94584966  2.88702917  2.73260593  1.04134452  0.63217586  1.89684951
   2.00261021  2.14682937  2.76562214  0.51053524  1.24712145  0.8247354
   2.23541594  1.5865283   1.79804242  1.50694239  2.05060196  2.02872467
   2.75161433  1.06365788  1.41321123  1.35113215  2.84251571  0.31635174
   2.29573584  3.36970973  1.72454441  1.67064071  0.08889387  1.90978026
   1.62809432  1.36614811  0.68043453  0.78482354  1.52079117  1.32823455
   0.70388216  0.72048432  1.20478809  0.83624101  0.34023285  1.34398925
   1.68002713  0.70618755  1.48954129  1.15944719  1.86272824  1.32417059
   2.46564102  1.67256939  4.4926939   1.47936642  5.02561045  1.22732127
   1.61913359  1.30406618  1.79665673  2.24082589  2.47545481  1.71567571
   2.75065565  1.35187912  0.74634486  0.56048578  1.24106324  1.10135007
   1.17277145  0.27497178  2.32237649  0.74678499  2.09634709  2.24236608
   1.21766031  2.22700953  1.66487408  1.78736496  0.67241836  1.86789584
   3.59338689  1.38648844  1.49925303  2.66939521  1.6338042   1.32092571
   1.86004853  2.54970479  1.5014497   1.8033309   1.64332306  1.32436693
   2.35856438  0.83703333  1.41284513  2.26936364  4.12395048  1.1792655
   3.80263019  1.20653224  3.33912659  1.94464755  0.73862147  3.64039302
   2.7737689   1.89077723  2.2784121   0.89160341  2.47497368  1.72855306
   1.0108732   1.17204034  2.63690042  1.36415577  0.88061273  1.30306983
   2.17632222  1.18914461  1.09331226  1.97068632  0.53026354  1.20499527
   1.4058615   0.72490144  0.3803013   0.81636381  1.60890269  2.35509157
   1.1935215   1.60655534 -0.02039111  0.84968233  2.55792093  2.94357562
   2.06994629  1.40319562  2.51543808  2.09200549  1.80754364  0.92111397
   0.83837342  1.37150073  1.58911872  1.14119697  1.05268717  2.66257119
   1.21560895  1.95738411  1.28157187  1.32960761  1.71893263  1.88602734
   2.0624938   1.23115897  0.70001209  1.08088696  1.08856785  1.78237724
   3.88724303  0.71884155  1.23561752  1.32641506  2.26571941  0.51807266
   1.39099717  1.65310442  1.17758656  1.38092542  1.5578866   1.02912199
   2.00846863  2.99978876  1.09107423  2.74885464  1.11245298  1.24210775
   1.1231097   1.62150228  1.54487193  2.19546509  2.85275054  1.83111775
   1.25854719  0.67494768  1.49249399  1.36955452  1.26950836  2.52857447
   0.10063515  1.87240171  1.49902117  2.12042475  3.07600117  1.41574836
   2.71846247  1.61558616  0.16466255  1.56069481  0.98145676  3.73451734
   1.33701956  2.00898099  0.75916076  0.41041502  1.4750303   2.09714341
   0.60493857  0.8256765   0.7011624   1.50947034  1.58726537  0.59602171
   1.18864703  1.74442279  1.53515422  1.72351706  0.92267978  0.75139266
   1.99557912  1.86879015  1.02927172  1.33525038  1.07196379  1.55915916
   1.82382774  1.79866922  1.32264984  1.55844378  1.01319921  1.53836465
   1.68699157  1.48688865  1.90244281  1.94057024  3.24917459  1.92229378
   2.04383183  2.09035921  1.54418468  1.78345513  1.47181726  1.44908178
   2.39038014  1.13463295  1.34487689  2.12878299  2.63966799  1.67829311
   0.56629616  2.41635895  0.66706598  1.58752275  1.77037609  1.59599137
   1.6807698   3.89875507  0.95750809  1.80170429  2.81893015  1.31898427
   1.30438018  1.21393502  1.34275079  1.15227771  2.84208608  2.26709318
   0.94401616  1.88152885  1.48874962  1.4635452   1.84454882  1.91473031
   0.65371203  1.19108438  2.03338289  0.99982655  0.76067626  1.85254109
   1.37901795  0.89313334  2.038908    3.89845872  1.59435666  2.42337918
   1.84163094  0.52898294  1.90869308  2.0249393   2.91417432  1.38096404
   2.63890457  0.58549577  2.02446985  1.32743859  2.9358716   2.01783609
   1.19840765  1.14598835  1.94230282  1.40711868  1.64640427  1.14948809
   1.28989232  1.96826875  1.9378922   0.36679068  2.4351933   3.31044006
   2.12712693  1.10820115  1.7022047   0.42600694  1.42865491  2.43904066
   1.86771119  1.65624785  1.88057232  0.44711363  3.14676428  2.02408385
   1.69350028  1.46352708  3.28613448  1.34546649  1.28785431  0.63273597
   1.22368312  1.41227782  1.72037566  2.61205411  2.78844476  1.14192593
   1.40504062  1.10957682  2.17152238  0.60142851  1.90387249  0.98701733
   1.9561348   3.21627951  1.00621283  1.73716974  1.1881206   2.57196999
   0.53880608  1.26957059  0.45880982  1.23359299  1.56938684  1.78159499
   2.17472982  2.75410318  2.04324365  1.36060286  1.23383892  3.79812551
   0.932733    1.81434429  2.42169046  2.23241496  2.0098815   2.91443419
   1.53568208  1.05527961  2.95183229  1.5851047   3.26045394  0.89196193
   0.59494424  0.13891661  1.21185076  1.08875072  1.98508215  1.39381588
   0.9540931   1.37899506  1.47845924  1.59191096  1.31786442  3.27036452
   1.01607525  0.7684834   1.11135411  2.70825458  2.09818769  0.82279301
   0.95838881  0.95789421
