  2.05592346e+00   1.97866368e+00   2.20227718e+00   3.60814261e+00
    2.03056169e+00   2.47377753e+00   8.27363670e-01   1.87765372e+00
    1.20386624e+00   1.60510492e+00   1.64568543e+00   1.11981404e+00
    2.67618251e+00   5.32501876e-01   2.19007993e+00   1.26088727e+00
    4.35392618e+00   8.69621813e-01   3.73570800e+00   7.70024776e-01
    5.13169408e-01   8.14080954e-01   2.16114545e+00   2.16470385e+00
    1.74713326e+00   9.32226896e-01   8.31255138e-01   3.01660085e+00
    3.42826784e-01   1.04506969e+00   2.31900620e+00   2.81625342e+00
    1.15364170e+00   1.88345528e+00   1.48219609e+00   2.31038380e+00
    1.71146238e+00   2.14370275e+00   1.72495282e+00   4.82595396e+00
    6.65976822e-01   5.24357498e-01   6.92329884e-01   1.29193854e+00
    1.14901769e+00   1.32267475e+00   1.80126655e+00   1.29444289e+00
    3.44602513e+00   5.07548189e+00   1.56146061e+00   2.02664447e+00
    6.47213519e-01   3.89567995e+00   1.36291373e+00   1.73123395e+00
    1.11370456e+00   3.00314784e+00   9.42543089e-01   1.23729801e+00
    2.25654602e+00   2.90777159e+00   3.12707186e+00   1.19795251e+00
    2.36564565e+00   2.67609072e+00   1.19195449e+00   2.00949740e+00
    1.35929692e+00   1.61538434e+00   2.54268980e+00   9.18545842e-01
    7.92242467e-01   1.56289637e+00   2.03968310e+00   1.31350172e+00
    1.22462630e+00   2.78236556e+00   1.83859265e+00   2.01393414e+00
    1.60813963e+00   1.53589654e+00   1.11905384e+00   2.29325151e+00
    1.49788404e+00   2.24965620e+00   1.03189433e+00   2.25016904e+00
    2.04005575e+00   1.88052571e+00   3.84772372e+00   1.68836939e+00
    2.14585662e+00   8.74109924e-01   2.91431642e+00   4.07815886e+00
    1.21816432e+00   8.03409100e-01   2.20136261e+00   1.85728204e+00
    2.87690783e+00   1.09067154e+00   2.20053291e+00   1.76866257e+00
    2.04880166e+00   2.12324548e+00   2.11482477e+00   3.07397652e+00
    1.75460076e+00   3.57761693e+00   2.69752073e+00   3.66361451e+00
    3.06587648e+00   1.23256838e+00   1.12208283e+00   1.17280650e+00
    3.49855256e+00   2.27815080e+00   1.56936264e+00   4.73275721e-01
    2.58343959e+00   1.64140344e+00   2.07810402e+00   8.17711294e-01
    2.47702861e+00   1.81211841e+00   3.70882535e+00   2.61062145e+00
    1.30903983e+00   9.44719136e-01   1.37586224e+00   2.12732506e+00
    1.73720634e+00   2.00860834e+00   2.84739661e+00   8.37618589e-01
    1.02884114e+00   1.06155729e+00   2.48314905e+00   4.44112539e+00
    1.30298126e+00   1.88127458e+00   2.26997399e+00   2.24793124e+00
    1.65860844e+00   1.32003176e+00   2.07346487e+00   2.16564700e-01
    2.24475479e+00   8.48101914e-01   9.84610438e-01   3.25139356e+00
    1.01860762e+00   1.47529137e+00   1.05790150e+00   2.41305089e+00
    2.03710270e+00   1.97637796e+00   7.72986412e-01   7.10994303e-01
    2.15229535e+00   1.61677969e+00   9.93557990e-01   1.00260067e+00
    1.77038407e+00   4.75439727e-01   5.04029691e-01   1.52184772e+00
    1.36798084e+00   1.67154574e+00   9.41089332e-01   9.39397812e-01
    1.61253822e+00   7.31355965e-01   1.60238183e+00   1.86773860e+00
    2.69064903e+00   1.34625781e+00   4.63163519e+00   7.91880786e-01
    1.32810736e+00   3.06412411e+00   1.52773583e+00   2.16491342e+00
    1.73198891e+00   1.51122487e+00   3.74791908e+00   1.71568882e+00
    7.95797110e-01   1.76275849e+00   2.34307218e+00   2.69663668e+00
    1.19103885e+00   3.44517082e-01   2.02179360e+00   8.15001309e-01
    2.05808067e+00   4.12543583e+00   1.44382632e+00   1.72449732e+00
    1.54439867e+00   2.63106203e+00   9.79698181e-01   2.11443067e+00
    5.71584511e+00   3.67350006e+00   1.12036645e+00   2.65489340e+00
    2.12445116e+00   1.23069775e+00   1.22530913e+00   2.52837873e+00
    6.55980945e-01   1.94611311e+00   1.62040997e+00   1.77357447e+00
    9.86577272e-01   9.26341891e-01   7.53084958e-01   3.03388476e+00
    2.25454855e+00   1.72077870e+00   4.96045542e+00   3.01760983e+00
    2.19944811e+00   1.25543499e+00   1.10202503e+00   3.92254138e+00
    2.97874737e+00   1.29769063e+00   9.64205027e-01   1.34154904e+00
    1.66644466e+00   4.32557821e+00   1.80098498e+00   8.89167130e-01
    2.49180889e+00   1.08619773e+00   1.50437510e+00   1.01109445e+00
    2.30395889e+00   1.63327706e+00   1.46081662e+00   1.72544539e+00
    1.75769901e+00   1.71493685e+00   2.66296291e+00   1.34566224e+00
   -3.60708986e-03   1.59154570e+00   1.78690898e+00   1.98385799e+00
    8.90633285e-01   2.38123727e+00   1.50988460e-01   1.32875347e+00
    2.27107358e+00   3.07430840e+00   2.31263709e+00   3.74425507e+00
    3.33354330e+00   2.09149981e+00   1.90839231e+00   1.36673093e+00
    5.90846956e-01   2.77475047e+00   2.05015564e+00   1.41737032e+00
    9.29254413e-01   2.94901323e+00   1.07404697e+00   2.51364136e+00
    3.11531734e+00   9.49396014e-01   1.30583107e+00   1.68752027e+00
    1.85875666e+00   1.61371613e+00   1.59190929e+00   1.53803968e+00
    2.18312669e+00   1.15608394e+00   3.30104351e+00   6.97648704e-01
    1.50587237e+00   1.94087911e+00   2.43802571e+00   1.38168299e+00
    1.37165403e+00   5.50648987e-01   1.27875650e+00   1.02277458e+00
    2.63653040e+00   7.73579538e-01   1.37725854e+00   3.95406032e+00
    1.73166347e+00   3.20176411e+00   1.72921598e+00   1.64125633e+00
    1.70222080e+00   1.05610311e+00   1.05176818e+00   2.16954136e+00
    1.34719598e+00   1.07139409e+00   9.40823436e-01   7.69391716e-01
    1.54607141e+00   2.71348286e+00   3.69868684e+00   2.31188107e+00
    9.40972030e-01   1.90471268e+00   1.01457500e+00   8.37006629e-01
    9.92411256e-01   2.20216370e+00   3.41899514e+00   1.12944210e+00
    1.33858502e+00   1.18454444e+00   9.66058254e-01   4.47064877e+00
    1.07492220e+00   2.40238714e+00   7.32345164e-01   6.86493933e-01
    2.20344877e+00   1.60901606e+00   1.17146361e+00   2.39598083e+00
    1.20463097e+00   1.75820482e+00   1.63707435e+00   1.65682316e+00
    7.21964598e-01   2.86113858e+00   1.47517061e+00   1.89253700e+00
    1.07354188e+00   8.52458537e-01   1.88233745e+00   1.52210951e+00
    1.45106173e+00   1.58305693e+00   1.70465028e+00   2.82340264e+00
    1.77472806e+00   1.91695237e+00   2.82171512e+00   3.02972364e+00
    2.93182111e+00   3.13178754e+00   1.04252112e+00   2.10275865e+00
    1.71081686e+00   1.49510455e+00   2.76106477e+00   2.30915642e+00
    2.13783765e+00   1.98253524e+00   8.47304940e-01   1.65001941e+00
    2.27229905e+00   1.29071975e+00   3.59143996e+00   1.46828926e+00
    1.56468534e+00   3.72861600e+00   2.76565313e+00   1.83116913e+00
    5.58718920e-01   4.19130850e+00   9.71861601e-01   1.67252779e+00
    2.40973258e+00   2.07294393e+00   1.24440026e+00   5.01360464e+00
    1.42657781e+00   2.22978926e+00   3.49802613e+00   2.21814823e+00
    1.10391033e+00   7.83453882e-01   1.22954047e+00   1.14397776e+00
    2.11422586e+00   2.42072988e+00   1.38260877e+00   2.27373314e+00
    1.76380348e+00   1.95919609e+00   3.27252483e+00   8.97427917e-01
    2.00679731e+00   2.23999643e+00   1.86549878e+00   2.18313384e+00
    1.13577962e+00   2.55388284e+00   1.83433330e+00   1.07456434e+00
    1.86819208e+00   3.86795664e+00   1.68988168e+00   2.91443610e+00
    2.50568318e+00   1.14272928e+00   2.01015973e+00   4.98937511e+00
    4.48281860e+00   1.49173832e+00   3.03254890e+00   2.04394865e+00
    1.80513608e+00   1.34994018e+00   3.42741895e+00   2.82577586e+00
    1.04019845e+00   2.02017546e+00   3.37136054e+00   8.02071571e-01
    1.48211682e+00   1.20051336e+00   1.71515465e+00   3.73966837e+00
    1.73795021e+00   3.86599392e-01   1.98769701e+00   2.69623756e+00
    1.34067082e+00   2.13307786e+00   1.71226382e+00   4.16884482e-01
    1.23006058e+00   2.73631048e+00   3.98581338e+00   1.93401968e+00
    2.19975352e+00   1.99516332e+00   2.52288556e+00   1.00921583e+00
    1.15452218e+00   1.95336545e+00   2.69145322e+00   1.51778924e+00
    1.32386482e+00   1.23119831e+00   2.21409845e+00   5.66520929e-01
    1.36822855e+00   1.47624540e+00   3.07252884e+00   2.73605323e+00
    1.69696999e+00   1.24399114e+00   6.84617758e-01   1.13310301e+00
    3.55648375e+00   9.33236718e-01   1.55485559e+00   2.80674767e+00
    8.68137062e-01   1.44881177e+00   1.49731481e+00   2.10854745e+00
    1.09118843e+00   2.35574794e+00   6.88420594e-01   1.27057624e+00
    1.83660984e+00   1.68427551e+00   1.07208586e+00   1.71570385e+00
    1.71892655e+00   1.63017106e+00   1.23313498e+00   3.12915874e+00
    2.14293218e+00   2.77102828e+00   2.12532258e+00   2.56942677e+00
    2.19590592e+00   3.39076471e+00   7.26882160e-01   2.76336098e+00
    1.64129090e+00   3.04392409e+00   2.80568075e+00   1.00033116e+00
    1.32904255e+00   6.45748436e-01   1.18044865e+00   1.24486601e+00
    1.63255978e+00   1.61696208e+00   2.38780904e+00   2.74340844e+00
    1.36087036e+00   2.18855572e+00   1.91530371e+00   3.19353938e+00
    7.68570781e-01   3.39274621e+00   1.83301461e+00   2.17690921e+00
    2.15129662e+00   6.74227297e-01   8.87257099e-01   9.90460396e-01
