 1.72316909  3.21387315  2.09428835  2.42618084  3.01578522  2.34639716
   0.62592316  1.93975246  1.14928412  2.36855936  2.20073271  1.62369788
   2.12532187  1.24541473  0.42042473  0.61351627  4.24539661  0.78395969
   0.53648263  0.97282362  0.6203652   0.88635164  1.86388338  4.02989626
   1.32599068  0.96378464  1.01219702  4.32820368  0.1698551   2.06343603
   1.83587587  3.00967026  1.05037808  1.21590495  2.09603429  2.03322005
   1.39243865  1.82629335  0.88683569  1.08565331  1.72612095  0.41553134
   1.32821012  1.18375278  1.1683017   1.34329486  2.65282345  1.42085743
   2.03040886  3.13957715  1.1611836   2.51667738  2.41672945  4.15029287
   1.11517787  1.01840973  1.30528164  2.92171216  1.96968687  1.54662788
   3.5436554   2.70782804  1.32843089  0.98957759  1.89154971  2.91222024
   0.87052494  1.49230218  0.83594722  1.77390671  2.35483861  0.86452091
   1.47848582  2.27745605  1.36435926  1.30053568  1.67274499  2.71853375
   0.84874499  2.63346481  2.0548923   1.67756295  0.95612961  1.94535124
   1.67995048  1.61047041  1.04747152  2.31822133  1.08253682  0.8661617
   3.75590777  1.28572547  2.29875851  0.99114436  2.90970087  1.97759509
   1.20229208  0.71057391  2.33001995  2.23518085  2.70724702  1.18282199
   2.88888407  1.48370719  1.96627784  2.43098974  2.12145329  3.27223945
   1.34496617  2.86340356  3.38493681  2.57531118  2.39789486  1.27777958
   1.16289735  1.61187923  2.88291788  2.10589409  1.94042075  1.43496096
   2.03226304  2.85981965  2.12616754  1.24977493  1.76485646  1.4884268
   2.37395811  2.06280303  0.82098341  0.92549449  1.00216115  1.83380926
   2.546803    2.68128872  2.43169045  0.58115381  0.71245635  1.7397486
   2.33540201  3.23872995  1.10947669  2.33819771  2.96270847  2.27889204
   2.07646871  1.28004622  1.92172945  0.26472539  1.85966587  2.3547368
   2.09397912  3.26592612  1.64143825  2.20223451  1.40550518  1.22759724
   1.60817456  1.64444852  1.01076055  2.42641163  2.13675928  0.88911146
   0.86584878  1.10179663  2.7868731   1.00695622  1.14618361  2.04906964
   2.78702188  1.11578989  1.09468675  1.72994339  3.58074141  1.76214767
   2.09591103  1.06898892  1.84303391  0.75935632  2.28252578  1.38962877
   2.27185345  3.70371819  1.96060824  2.55228305  1.86087811  1.66457582
   4.14799118  2.33485365  0.90667486  2.29703403  2.08739638  4.15687895
   1.97813606  1.15867555  1.08677685  0.63115585  2.17736983  3.49566698
   1.55758667  1.76546717  1.58544123  2.90409112  1.04891348  2.90169287
   6.87847996  2.35651898  1.11606669  1.39304352  1.14466929  0.41997829
   1.40975547  2.57596779  0.8613801   2.27301669  1.81028783  1.970801
   2.5427537   0.85187358  0.55610836  2.92874408  1.77903903  1.7763176
   3.84443831  2.5094831   1.49769962  0.65582442  1.44487739  3.00687671
   2.6796062   1.78287673  0.46047181  1.22984743  1.08355975  3.42702961
   1.55199456  0.86875767  2.78782892  1.1683917   1.13215292  1.67429161
   2.72646737  1.6921947   1.19367838  1.50428653  1.10251212  1.9405514
   3.05850577  0.99748319  1.1095463   0.6356774   1.62326169  2.32527518
   1.75889015  1.2480216   0.88865632  2.164361    1.2573849   3.55946136
   3.11022592  3.10034442  4.0412178   1.78645182  1.93172789  0.73662835
   0.84787035  0.7572695   0.61960918  1.36277556  1.44338977  2.44707942
   1.27009094  3.77932334  2.74351549  0.81649965  1.70214355  1.47695577
   2.2575798   2.50941181  1.4794817   1.77735543  2.10282445  1.66253912
   3.09685922  1.28797638  1.47469854  2.29099226  1.90254092  1.12801671
   2.11483502  0.74294889  0.94588065  2.15582204  2.36870861  0.5513435
   1.41300702  3.04884243  2.50227785  4.2868228   1.20675075  1.47031486
   1.53985643  1.31408572  0.97164309  2.13071537  2.47476602  1.13073409
   0.84900135  0.78181976  2.38781452  2.224545    4.35389662  3.08861828
   1.31398308  1.63693392  1.56745064  1.9855727   1.75767338  2.76309514
   3.49928236  1.98155785  2.20627379  1.26314735  0.91049933  3.91965604
   0.92346853  2.80075932  0.94161111  0.53583097  2.41844678  1.46734285
   1.58050907  2.08336306  1.29931712  1.77035999  1.66953802  1.24454546
   1.39119565  2.75453949  1.32027197  2.00942564  0.99471503  1.53207481
   1.88956344  1.75414348  1.02508152  2.03631854  1.407722    2.28341913
   2.51920509  1.88782251  2.5681839   1.44446087  2.75602841  1.67338955
   1.55404627  2.52811217  1.39182615  1.79901814  2.27051163  1.33948433
   1.61836517  2.22255039  0.92234433  1.99352217  3.50565267  1.83794785
   3.66383958  1.3553313   1.83221209  1.52317488  3.08329272  1.78303754
   0.64036196  4.51733398  0.86493349  1.53617835  1.97771645  2.911268
   1.44616306  3.72678423  1.79282165  1.58452272  2.49227381  1.85185838
   1.16523337  1.22479165  1.0543592   0.88729918  3.35268712  2.03669739
   1.6993804   3.38053393  1.16179383  1.94435275  2.59829783  2.37315416
   1.93268669  1.88237548  2.06402302  1.9206121   1.519328    1.03248847
   1.29706657  0.80639535  2.35803914  1.60671651  0.97892702  3.38870144
   2.80456686  1.41535747  2.25183821  4.09118748  3.13173223  1.24155688
   2.48670006  2.26131487  1.79577911  1.39011776  2.72274256  2.49334764
   2.14252591  1.72833097  2.43031335  2.7567122   1.58914173  0.88191193
   1.46729326  2.92600155  1.3265301   1.46585023  1.07973397  1.42634654
   2.35323119  2.63337827  1.13210642  0.46610516  3.00006461  1.52954173
   3.03631806  2.27279615  2.47117257  1.4534266   1.7348336   1.76962125
   1.25844359  1.77096832  1.03300095  1.74464846  1.16449749  0.71161687
   0.90820265  1.3931154   0.82478231  1.47506106  2.48599219  2.50969315
   3.16363001  0.98694891  3.0221808   0.79512209  3.8184433   0.70144773
   2.51548886  1.73794103  1.9853456   1.55153894  1.41696453  3.2788415
   1.10763061  2.40059996  0.65859097  1.70991755  1.49644792  2.02783561
   0.31403938  1.83121121  1.49253845  1.81452274  2.13238692  2.65289044
   2.29147387  2.59506679  1.75383866  3.3158927   2.52434611  2.67360258
   0.6835624   1.85945237  2.60074258  2.48172855  0.97809416  0.8122946
   1.41383719  1.00515711  1.16814792  1.31019735  1.84444153  1.14894283
   1.24824357  0.86521775  1.47542286  1.99967003  2.00631499  2.90733218
   1.75979531  0.72137159  1.58776295  1.26995456  2.02621865  0.96180177
   0.99780273  1.30844164
