 1.88295102  2.72847843  1.76808012  2.29536438  0.93221897  2.46960449
   2.11996746  2.43589377  0.77135003  2.0108099   1.56625688  1.1759187
   2.29633617  1.15272391  2.80047679  1.21081924  2.47741771  0.60945296
   1.41018987  0.84229904  0.72599792  0.9794265   0.43967509  2.61549115
   1.30806863  1.06866872  1.36894703  2.31467652  1.56644356  2.09948254
   3.11363745  1.95859098  1.36322594  0.81158173  0.84579557  2.17170358
   4.61627054  3.51465654  0.92301881  1.86362278  1.95024884  0.47250873
   1.95327544  1.4274112   1.00106251  1.12843156  1.83730841  1.45517552
   1.83254564  1.71782196  1.30942118  4.56981087  0.51149988  3.17514563
   1.86390877  1.4543159   0.95955086  1.6534276   2.44997048  2.09716249
   3.63227057  5.46069098  1.27528954  0.75613016  1.26483667  2.44655204
   1.05336201  1.33623791  1.50301433  1.0174948   3.09314775  0.53156197
   1.26608515  2.26795816  1.4458648   0.88349622  1.63483953  2.87725735
   0.56172419  1.39049351  2.53768873  1.17320037  0.85435778  3.28482819
   2.17952204  1.50641966  1.00658119  2.15902185  1.42069149  2.86217642
   2.8821609   1.9439404   1.13069987  1.07849121  1.97062337  0.92634034
   1.07144833  0.85978258  2.31927395  1.68443704  2.14594793  1.07924414
   2.43624091  1.47964537  1.50101864  1.96110022  1.7842977   1.47074044
   2.59390402  3.74803329  2.05243278  1.76846981  2.94804859  1.36678553
   2.53231978  0.89249128  3.30945563  1.92347097  2.33259487  0.52589667
   2.56914854  1.743572    2.00607491  2.28320026  1.68484211  2.13376212
   3.16327667  2.08922458  2.41795468  0.91250563  1.0522002   1.10622108
   1.35509324  2.69949079  2.37251091  1.06024742  0.83805192  0.97159535
   2.66099787  2.4137187   1.44832158  0.90562207  2.85381293  2.9289012
   2.03200293  1.07511652  2.46233511  0.24411258  2.41861081  1.64637053
   2.79475141  3.00542688  3.12841868  1.69962084  0.61376053  1.45377266
   2.35009241  1.09438848  1.42130625  2.37676358  2.25197172  0.33769327
   1.51085687  0.95655513  1.99287403  0.80268055  0.87051833  2.25166154
   1.59221208  1.00231671  1.60927129  1.30665469  2.87869263  2.60253549
   0.94387478  1.11156058  1.54665577  1.80958235  5.56842136  0.86191326
   2.37455106  1.61953199  2.16547179  2.51539636  2.9996984   1.77996731
   4.88291168  0.64533347  0.68217462  1.34759343  1.93365872  3.26410246
   2.21917701  0.71759725  1.91059816  0.99800086  3.27472043  4.35951138
   1.13477886  3.28904438  2.95494509  3.85661578  0.76632583  2.81215453
   6.9322958   3.44587636  0.88551372  0.9523316   1.54200161  0.86729461
   1.31420362  3.51928377  0.99413556  1.61450994  2.27788353  1.58621323
   2.06617236  0.73769695  1.76196301  2.68619084  1.42873979  1.60408425
   4.22215414  1.40093279  2.09317708  1.76039457  1.00161886  2.32859755
   3.43866277  2.76353002  1.31533742  2.43536687  1.53778017  1.92785287
   1.84691584  2.49877262  2.95820832  1.45036781  0.78447419  1.46146381
   3.14946556  1.43199623  1.31929088  1.6454277   1.69075584  2.45803523
   2.63384414  1.15982091  1.46867979  1.27034879  1.62896371  2.62728119
   1.76651239  1.11245358  0.98845428  1.72463524  2.10650778  3.65131903
   3.00749302  2.30801105  2.31140828  2.72505283  1.8455013   0.93504977
   1.39375758  0.49733627  1.17089021  0.81925976  1.29374647  1.83516145
   0.9281038   2.72917676  2.24985623  0.75360221  2.5610559   1.35883558
   0.8833859   1.2151171   1.31566668  2.53003573  1.97178268  1.65970302
   3.10023189  0.48414072  3.16960025  3.38098907  2.52998734  0.94071144
   3.17091608  1.74661314  0.62807238  2.20747805  2.7615478   0.95290798
   3.04406142  1.68227804  3.2043786   4.4722023   1.58735251  2.00613499
   2.01546717  1.22653425  1.60144782  1.76685762  3.66044354  1.54545009
   1.66682482  0.76099646  2.91911054  2.45489502  3.03318477  3.74372554
   0.42146793  1.2870816   1.64457989  1.71619678  1.02850592  2.75251865
   3.24183249  1.77719188  2.00341797  1.03290999  0.85277659  4.30210495
   0.92165899  2.7565217   1.13970554  0.825234    1.69938326  2.03826928
   2.06015778  1.49682796  2.48326397  1.06266475  1.82869673  2.19472957
   1.14347529  3.36058855  1.06257308  2.92914987  1.15564144  2.0876708
   2.81324577  2.36560011  0.9716773   2.47704959  1.92945564  1.06965113
   2.45745969  2.58792901  0.65996641  1.50383115  1.13777041  1.23797905
   3.40521455  2.40129638  1.38605905  3.08459759  2.43569756  2.60013628
   2.53362751  2.72657442  1.12728548  2.01928735  3.61187172  1.44383681
   2.37903619  3.15722084  1.29478693  2.15023971  2.94180465  1.79913437
   0.51138479  4.07434988  0.76923716  1.40933871  3.01623917  3.25307894
   1.54801154  3.64092493  1.87847805  1.96062648  2.8156054   1.97696412
   1.32724369  0.9010765   1.69264007  1.20934379  3.37271881  1.05558538
   1.43599522  2.83655     2.18274236  1.4745115   3.18072796  1.38194108
   1.13532162  2.59319925  3.28098249  1.35833704  1.71039605  1.78934884
   1.05965018  1.85611868  5.0640955   1.7461158   1.01115823  1.87359166
   3.72558498  1.17283463  2.44291592  2.42263222  2.74805403  1.77710307
   2.13969207  2.34313011  2.77082944  1.30101502  2.10226202  2.81641626
   2.22379375  1.70778012  4.09057951  1.00383818  1.70539689  1.07633889
   1.30907989  1.09933031  1.39143658  1.02204227  3.63269997  1.18788052
   3.31775236  3.31140828  0.6097936   1.05225754  3.54041648  2.72044206
   1.06193101  2.32574725  2.69700289  0.26149821  1.46685326  2.34664536
   2.26748371  1.80827224  1.79799819  1.96075487  1.45491505  0.82997656
   0.88381582  4.73362684  1.18676066  1.23581815  2.85673237  2.38443542
   2.54633474  1.04807127  1.52984798  0.72310108  3.47285199  0.72158706
   2.63426256  2.62218952  2.89425492  2.49431348  1.13728964  2.76362062
   2.20102119  2.00294828  1.05331707  3.10438418  1.10138309  2.04407454
   1.54623866  2.19154882  0.7784425   1.08457267  0.761235    2.40516186
   2.21108985  5.0455451   2.49269176  0.93906575  1.28927517  3.44715738
   1.14162076  1.84362745  2.3901391   0.70359987  2.05612445  1.16618311
   1.50404334  1.00156713  0.91142029  1.1250428   1.90362144  2.33323765
   1.16378438  1.23105919  1.04344666  2.2513268   2.24685597  3.33659816
   0.96064675  1.44316804  0.98610651  2.27705836  2.58912945  0.91540599
   1.08886898  0.83964604
