 2.27702236  2.30325603  2.05872059  3.16486621  0.98987657  1.71143949
   1.55112815  2.10837531  1.18952298  1.56463826  2.44616246  1.14983308
   2.45168495  0.97794288  1.72846401  2.15749693  2.57605743  0.85640985
   3.6364336   1.12512422  1.0599103   1.04859984  1.31748378  2.08773589
   1.58726859  1.12022364  1.99076748  1.61988807  0.42861611  2.50425291
   2.76211905  2.21071029  1.75438631  1.10976934  1.6801337   1.55414402
   2.22725105  2.26282287  2.2552464   1.51721263  1.13026476  0.44685319
   0.7014969   1.48155653  1.19584274  1.02635288  1.72128165  1.28825533
   1.56726193  3.2703805   1.62416422  2.7193718   2.08644819  3.29300547
   1.86264634  1.48961675  1.0561136   1.99241126  1.60432231  1.58326054
   2.03404951  5.10524321  1.22807884  1.32548618  1.0256989   2.93681908
   1.07221031  1.98123801  1.8378619   1.22965705  3.22940469  0.55284721
   0.93936038  2.81758332  2.91790724  0.99224293  2.13477945  2.71769166
   1.54174066  1.59498012  1.68026185  1.36794865  1.33735812  3.25036478
   1.89068508  1.46958268  0.973746    1.85636675  1.25268805  2.41733932
   1.69712937  1.80790353  1.76234949  1.02657688  1.59352827  2.0685885
   1.41880238  1.4607935   1.8878125   0.98996198  2.78738213  1.10600638
   4.13918781  2.94514871  1.81335425  2.7599566   2.35261536  2.46903467
   1.73849881  1.73493409  3.00433969  0.91867292  2.9788866   1.34036827
   1.43785882  0.8326242   4.40217543  2.05389833  1.89229608  2.70655251
   3.46741319  1.84200323  1.18862426  2.39411545  1.53392828  1.58858025
   2.92411089  3.26731634  3.35090733  1.06874311  0.7576465   2.51793242
   1.95015812  2.45370889  2.28727317  0.31583226  0.7474491   1.10888886
   2.24488473  1.0159812   1.42712986  0.86213309  2.2338562   1.90686905
   3.82028508  1.00049639  1.78740191  0.2557365   2.28205132  2.51865435
   1.26816583  2.85259295  3.49793816  1.48076177  2.06050944  1.38525653
   2.28088975  0.93536735  0.68619835  1.8937335   2.33727527  0.41163459
   0.61505079  1.04665411  2.85529685  0.45447204  1.0247848   1.5774914
   2.16449666  1.07812238  1.31911981  0.83830422  2.1302743   1.49046922
   1.05586243  2.16806912  4.89242935  2.0677073   4.20258331  1.00507247
   2.07447171  1.48854721  2.03774405  2.46023226  2.7282033   1.10966551
   3.63914657  0.94165009  1.09955096  1.41064632  1.14469993  2.15857148
   2.70140076  0.7088899   1.40138781  1.05524909  2.8446455   1.30695045
   0.94853878  2.71775937  1.04329336  3.42391682  1.20846963  1.52606642
   4.40405321  2.0605123   0.69371414  2.68726707  2.82649422  1.12735331
   2.12818742  2.84771776  0.78801376  1.25999439  2.2031641   2.39923882
   1.76797986  0.86442244  0.92935205  2.16886544  2.92948699  1.99727476
   2.39745522  0.74275416  2.69837952  2.47963595  1.06733203  1.3180083
   3.59298444  1.15097356  0.82797545  1.25126612  1.74125385  1.77485287
   1.95517731  2.75752687  3.22711205  1.51866722  0.94765329  1.29334509
   3.1249423   1.01538992  1.19134378  1.46151698  0.9981342   1.62525666
   1.29198372  0.76744366  3.53317118  0.59658599  0.68182427  3.59414673
   1.83490336  1.09668601  0.65748847  1.70789671  3.06095099  1.28608453
   1.71718788  2.6513238   2.64344454  2.5416348   1.84503984  0.70114911
   1.51341951  0.80427766  1.4884516   1.82449841  1.12171412  1.00971866
   1.6725179   2.07308674  1.73266113  0.77456915  2.42283177  1.90095079
   2.01238871  1.41034651  0.66784775  2.20317769  1.55078459  1.16136408
   4.28102016  0.85019422  1.39422476  1.50656998  1.9627105   1.02674186
   2.76866865  3.63281536  0.92009902  1.54910243  2.76348591  1.08402956
   1.39965713  2.30925465  2.20937443  3.71217084  1.76024592  1.83324707
   1.31003058  1.46144879  1.29428804  1.74487579  2.98635268  1.27325249
   1.8456533   0.8648805   2.63328409  3.76412749  0.63132161  2.7956531
   1.59065557  1.41484332  1.93656027  3.94985104  1.13743412  1.45548248
   3.96639538  0.9109022   2.6131649   1.31499457  0.69489586  4.13720083
   1.76867068  3.57678914  1.38656282  0.74751109  1.8731873   2.28863549
   2.07096171  2.65605617  2.14613175  1.37165904  1.15305936  1.84183335
   1.77399635  3.46956635  1.2674886   3.11509919  1.12749493  2.72792816
   3.1095953   2.74117684  0.9589535   1.67079449  1.24706149  2.23960209
   2.10393429  2.05811     2.03397584  0.75733227  0.34744304  1.50574136
   2.79007483  2.98168612  1.70582318  1.94256628  2.72352481  1.22520423
   3.18194628  2.42281246  1.08427858  2.04894376  2.39262533  1.2178942
   1.06183374  1.07558572  3.01039052  3.0338273   3.6463058   1.31938064
   0.70477623  2.56322622  1.00401473  1.17782557  1.97556043  1.70633769
   1.01440883  2.96680522  2.27959275  1.47230136  2.74866676  1.89360416
   1.15637028  0.7437399   1.43146968  1.10668516  2.03149843  1.56434119
   1.34076512  2.21879578  1.30477893  1.37736714  3.43083787  2.02504802
   1.43567479  2.24454331  3.46734357  1.07891893  1.69346976  1.70790684
   1.36171162  0.72558171  3.00004053  1.32943797  1.77509618  2.27441931
   2.10557103  1.86539614  2.52096081  1.31062031  3.08312392  1.6523627
   1.9981308   0.98784542  2.0745666   1.26059449  2.54743934  2.44757771
   0.88292193  1.75555789  2.68272567  1.84002852  1.94355524  1.6524806
   1.27453494  1.26408935  1.11365461  1.50643063  2.47896004  1.66280985
   2.49125981  2.48383617  1.41018772  1.53684676  2.14538908  2.293396
   0.94628429  2.21194029  1.82025158  1.3204062   1.61099911  2.72821617
   1.42070186  2.17736769  3.4988668   1.68059182  1.21870017  0.64280558
   0.80327958  2.27938628  1.72242165  1.13664079  2.62286615  1.61883247
   1.16812849  0.9749608   2.45547342  0.76098502  2.69087601  1.16025472
   2.38528824  3.76343656  1.55842865  1.53493607  1.21835423  3.4167788
   0.97669107  1.57123744  1.02114284  2.29054308  2.31824875  1.23564935
   4.04680538  2.91537023  2.51129651  2.72222066  1.01477003  5.24952888
   1.40481877  3.35639501  2.3522296   2.03968668  2.32755637  2.73632002
   1.37749887  3.1177032   1.97315013  0.63636333  3.75306773  2.29869676
   1.04115438  1.7121644   1.37085629  0.87461334  1.01129508  1.89818823
   1.36198854  1.4217999   2.58904457  1.96536481  1.97091782  4.10917759
   1.43076909  1.53532875  1.26288593  2.29757953  3.27115941  1.24060595
   0.88678437  2.31047845
