 3.13148117  1.59864402  2.94930506  2.41046357  1.73603296  1.26137531
   2.79039741  2.28031254  1.01510811  2.40514684  1.42636979  1.71977353
   2.96965122  2.14224219  1.16574085  1.27595639  1.89692712  0.67162055
   0.96601123  1.03492701  1.57856905  0.90787154  2.62723184  2.87317538
   1.33262885  0.90085799  0.77786779  1.67015266  0.85137093  2.54860473
   2.12384772  2.31043792  1.0806942   1.35645998  2.00189281  2.20654869
   1.88282895  2.78023911  1.50165212  2.01806092  1.79466081  0.69273698
   1.15831554  1.56311452  1.06054342  1.38314307  1.82355833  1.15953922
   1.38042617  1.96080816  1.45545471  2.54736757  2.15136313  4.87710714
   1.36846185  1.39492226  0.94854492  2.9267714   2.1318574   2.27889991
   1.91996408  4.73993397  1.24805808  0.71220505  1.86488581  3.02139783
   1.09528697  2.46246576  1.43378699  0.95690525  3.62085128  1.12426829
   0.98690528  3.20299244  2.09447098  1.67464817  2.11376047  3.73762155
   0.78238422  1.31993628  1.10619402  1.09339237  1.01209009  4.264009
   2.11594129  2.12363434  1.104159    1.24208152  1.65647995  1.56944871
   2.9111836   1.39906323  1.16108942  1.288921    2.03632951  3.4079442
   1.22812355  1.73124039  2.74545836  1.5596894   2.17743516  1.1032424
   4.38069963  1.36869383  2.58743501  2.48464322  2.84287429  2.06206059
   1.94245982  1.65633774  3.55557323  2.71096849  3.82174778  0.87507546
   1.59273136  1.00160098  3.2421875   1.31266451  2.73135161  1.87908256
   3.04036927  3.17449141  1.27886832  1.19796431  3.02930236  1.91636896
   4.55549335  2.90732789  1.65576053  0.92472345  0.71800119  0.91541731
   2.21443844  2.80751657  2.11447215  0.07383193  0.78754187  1.26770973
   2.45498466  1.54747164  1.06390405  1.47977662  2.70011306  2.25252295
   3.13133025  1.28547156  1.70823479  0.70075101  2.42319179  1.76183128
   0.78759331  3.17731071  2.92066717  1.54226589  1.33633459  1.31294274
   1.77755511  1.48324132  0.66301191  2.41769958  2.69927549  1.40155375
   0.66728258  1.08544052  1.5289129   0.62872368  1.4339968   1.37489522
   3.09124422  1.3806659   0.53426391  1.35999572  1.95715594  1.32091367
   1.77353108  2.0960598   2.28236294  2.65861011  2.4175818   1.11271405
   3.49127316  3.26542163  2.53156066  2.4817667   2.36903286  1.24769819
   2.92891884  1.36941922  0.73202157  1.48577237  1.58461475  3.27733636
   3.22037649  0.97555375  1.43061602  2.46875191  1.86132181  1.40010929
   1.44414544  2.43018055  2.57937121  3.13422489  0.83607191  2.61659408
   4.05258179  1.28947699  1.14896858  1.27405477  2.09264731  1.42571867
   1.57513905  3.34822822  0.94773948  1.94164598  3.31784201  2.94449615
   1.32730138  0.73923355  0.40642804  2.94399834  1.67287624  2.64004636
   2.88335252  1.57263398  2.52217293  2.37620711  1.26475012  2.14138865
   3.78055477  1.07510722  0.97883451  1.87274337  0.95689189  5.141747
   1.92658317  1.47610116  3.46940184  1.47058308  1.24879313  0.86227041
   3.29653835  0.86860186  1.23981452  1.18764198  2.26926899  1.94624865
   1.70133424  0.9169994   3.20358682  0.76933515  2.83945894  3.81593943
   2.24262929  1.03248405  1.26473582  1.63476026  3.31860018  0.83545691
   2.85147357  2.74032402  2.1954751   2.82611775  1.82484186  1.06969023
   1.74821174  1.58145726  1.50079632  1.95560002  1.41840219  1.66987121
   1.77265644  3.54672551  1.66414177  0.98511559  2.37340546  1.17768478
   1.73093283  0.53301674  0.72453374  1.81134605  2.38228989  2.25926614
   4.21987629  0.94561893  2.3067565   2.10266662  2.51898313  1.78103459
   2.78065205  2.35123897  1.32908654  2.6616509   2.03910589  0.60898757
   1.2531426   1.97915471  2.72775912  4.22913456  1.6093204   2.8291564
   2.96817088  1.01466322  1.32546926  1.92248452  1.95982683  1.19240952
   1.24167407  0.6166786   2.02560663  3.82846093  1.67760289  3.73779893
   1.39492881  1.59819043  1.95968592  1.03457117  0.79932779  1.69368768
   3.55301809  0.81338143  3.60687494  1.54806828  0.81082422  4.23638821
   1.37515175  2.61070442  1.68323529  0.87967056  1.7427479   1.94472945
   1.5450089   3.42273569  3.48698735  1.53631091  1.08396721  2.66348314
   1.05214834  4.24699259  1.29851973  3.40683961  1.01262259  2.5931108
   3.0589962   2.49119616  0.65666163  1.91943192  1.42202604  4.15972281
   2.14958525  2.84449148  2.16194224  3.58731961  2.54851007  3.29513931
   1.28489017  3.47814178  3.22418594  2.02697086  3.26187515  1.56538582
   3.79665065  2.92848158  1.73736811  2.24624181  3.0641613   1.26212978
   1.78469229  1.41265571  1.75605297  3.93094015  4.13878059  1.32588232
   0.78218526  3.4303441   0.70802885  1.39054585  3.13555312  2.35676956
   2.38979197  3.55891514  2.74063087  0.76110733  3.15476918  1.88625646
   1.77016175  0.91465247  1.58346224  1.1504823   1.74901986  2.52352786
   1.45962942  2.91894579  1.95490658  1.66520238  3.91974592  3.57099462
   1.27442217  2.64820933  3.65411305  2.32147551  2.85273433  2.17775345
   1.21219242  0.82032675  4.03713894  1.13022494  1.66664338  2.92193151
   2.48683381  1.30709851  2.52285147  2.72329021  3.50513268  0.49688691
   2.69081998  1.12648559  1.23021209  1.02445316  3.42509627  3.10971951
   1.17773759  2.29187751  3.92438078  1.28222549  1.859694    0.84194738
   1.82604527  1.31192315  1.33899748  1.5942378   2.58445787  1.87094402
   2.87352133  3.70999336  1.31086457  1.13262856  2.04056454  3.06856108
   0.90739202  1.62933493  3.35689044  1.93097067  1.55833924  1.92915905
   1.23620415  2.08816648  2.73478365  1.48706484  1.42933261  0.82497609
   0.60252094  2.94215131  1.12775064  1.33764696  3.18400311  1.83187425
   1.56578732  1.54631555  1.52285218  2.3621285   2.83829975  0.76071149
   2.77171087  3.33400202  1.53522944  1.25281119  0.82919443  3.1057508
   1.53703058  1.36234593  1.83089542  3.76406574  1.8405484   0.97246641
   2.3119483   2.84135485  1.07260108  2.17870235  0.53260368  5.24998045
   0.75458395  3.19434762  2.55600929  2.45319033  3.02445245  2.59416938
   1.28852606  1.9597981   1.37941945  1.1521455   3.15049386  2.00088167
   2.4719286   1.87001038  1.66658473  1.43584824  1.41829908  1.66496682
   0.99374849  1.36516845  1.58413494  2.98632336  2.96486402  4.59292507
   1.04340732  1.36610711  1.51940119  3.33153462  4.0943017   0.9343521
   0.89531535  0.94510466
