 2.99879646  1.87782133  1.32262778  1.43638527  1.42071104  1.65249348
   2.21226168  2.95148635  1.44999504  1.58845937  3.44075727  1.7251972
   2.75077677  1.19277573  1.14691114  0.60684186  2.25024676  0.74810094
   0.51627445  1.08505118  0.98475999  1.02236068  1.79123366  4.05990982
   1.05021679  1.2616179   1.12701166  2.35564184  0.56564486  1.72810245
   2.81234574  1.86608112  1.6756314   0.69551599  2.30560517  3.29826236
   3.55257893  2.99539661  1.16552114  1.4593482   1.05974638  0.56509393
   2.00546885  1.44405675  1.03100324  1.23093331  1.50215423  1.14353991
   2.49138188  1.83016491  1.34521759  3.01860094  1.62632895  3.87885404
   1.3145839   0.92822093  1.0890671   3.02924252  2.28469872  2.2336154
   2.7019105   5.30492544  1.27560759  1.01783752  1.66910696  2.51701999
   1.09432733  1.82482398  1.81119394  2.4265039   3.28807068  1.02636397
   1.11587811  3.26797104  2.53675151  1.47516978  2.99281383  3.05046606
   1.48247099  2.49232054  2.49924684  1.06135774  0.93297976  3.78330255
   2.56081295  1.76793444  1.08564246  1.04335344  1.73489726  1.45344424
   2.29638195  2.72299314  1.82500863  1.01604521  2.39638042  1.79265141
   1.8115412   1.11442685  2.66656208  3.57695985  2.33447671  1.40606904
   2.29641438  1.09193504  3.20564222  1.65970063  3.48257422  1.93489242
   1.39749289  3.33700752  3.23889899  1.93397319  3.11054802  0.96868777
   1.44457304  1.54878211  4.02393389  1.5397439   2.0902698   2.43633986
   2.90450692  2.6857233   1.13059509  0.93325371  2.38259649  1.80706489
   2.49564338  2.8608284   2.38214469  1.01735449  0.86733305  1.52396071
   3.16445398  2.1274693   2.47738123  1.37369347  1.06160533  1.568259
   3.17346764  1.5221802   1.2706207   1.07243609  2.84281445  2.14270759
   2.72063947  0.63411695  1.71294475  0.43905222  2.27137113  0.7632488
   1.11744034  3.31999612  3.43893194  1.34173667  1.4334017   1.66350353
   1.69393539  1.06978011  0.76628006  1.72123885  3.49863195  1.57594526
   0.67996776  1.01913369  2.32889152  0.56269485  1.67564881  3.32561207
   2.34046984  1.04525042  0.81266272  1.80396819  2.44032407  1.81146634
   1.89863694  1.5222044   1.65921533  1.58651233  1.29755664  0.98728961
   2.81187963  3.246207    2.56858277  2.04725122  1.73410273  1.56951225
   3.4735527   1.71132219  0.79179573  1.30336511  1.29951549  4.22398233
   2.72100449  0.53844112  1.26054168  2.77774882  2.452636    1.13137031
   1.35806286  1.61330831  2.84458733  1.66149557  0.71348822  2.53945231
   4.23926067  2.04028559  2.4262197   1.52576339  1.68027687  1.78770041
   2.24552727  3.94194436  0.78814596  2.52573824  3.58867502  2.93421912
   1.80051541  0.75998771  0.39650556  3.44445133  1.68487513  1.97980678
   1.39698136  1.43339324  2.80884266  2.02700806  1.57819211  1.18105841
   3.37287164  1.63688862  0.57454967  1.66057026  1.05840349  2.96413803
   2.72888207  1.7938652   3.26895261  1.63931477  1.23075294  0.96404469
   4.29867983  1.0237422   1.02529085  0.26166993  1.85791242  1.67484677
   0.97096759  1.33498287  1.32391     0.45326003  3.07914591  2.97061849
   3.08772063  1.02018118  1.23817062  1.47296476  1.54124999  1.58639348
   2.31701946  2.65204644  0.97541845  3.1053977   1.85749304  0.80445218
   1.57909465  1.47686458  2.32627892  2.14712477  1.2946825   2.24317575
   1.361251    3.91074204  1.771294    0.7486819   2.31106758  1.35596526
   0.93179822  1.98262751  1.30760753  2.23104429  2.13765574  2.35159945
   3.66971254  0.78131127  1.68483174  2.24914527  2.90653396  1.56917286
   3.34306288  2.08855462  0.75075382  1.94678819  2.42026782  0.59223968
   0.90648097  1.54551339  2.74511194  4.56491756  0.77735585  2.96418262
   2.44813633  1.18281269  1.60507309  1.77807009  2.776443    1.2697078
   0.76142722  1.232651    2.6568017   3.67770815  1.93131602  4.7573247
   1.05472219  1.58343005  1.96336877  0.86736697  1.55998778  2.22966671
   3.60719872  1.58791518  3.21198559  1.15364015  1.10872316  3.42934513
   0.88354653  2.83144903  1.44006121  0.76274264  1.9474622   2.15707088
   1.23275125  3.05140042  3.05279684  1.33087242  0.97644663  2.64528346
   1.70963979  3.97580433  1.6899159   2.83030581  1.23375893  3.12451959
   3.50845456  2.59955144  1.17606235  1.67851198  1.64284837  2.7392621
   2.00712943  2.44089842  1.60160661  2.65614176  1.90774024  2.67343926
   1.49924564  2.25466228  2.80934548  2.31476665  3.51128411  1.6051296
   2.42527199  3.63077044  1.62186122  1.74465477  4.15271664  1.15310395
   2.08439469  2.93877935  3.0545454   3.02666378  3.72808123  1.36377084
   0.69560832  2.30065703  0.90146118  1.37094259  2.0745995   2.62385821
   1.29680753  3.03351212  2.95758724  0.91362005  3.81191897  1.5373466
   1.77531052  1.19849634  1.80963445  1.09216869  1.62053978  1.65787685
   1.6140933   3.38704205  2.19253635  1.96182752  3.29623485  2.14221001
   1.93980908  2.5501864   4.5293932   2.1775887   2.45116091  2.32157469
   1.34335482  0.94008458  4.05298901  1.47301519  1.04131472  2.38798666
   2.39208126  1.2445358   2.65106082  2.0829215   2.09045959  0.93951023
   2.40748787  1.24383175  1.31761587  1.25390911  3.61958289  2.45924401
   0.88569009  1.2315042   3.8950026   1.94293785  1.86486471  1.12315655
   1.60912156  1.2737807   1.36392725  0.57724118  4.17684174  1.39505839
   2.48179722  3.02922487  3.44158268  0.53941655  1.77708936  2.39609718
   1.06114697  1.75800121  1.91282725  2.04479861  0.90498847  2.05202222
   1.17986012  2.46060228  1.75714588  1.21940494  2.21965027  1.02123785
   1.49124253  4.41234446  1.02373695  1.06285584  2.02165556  2.62925982
   1.67280006  1.25165915  2.60071731  1.41664028  2.65094972  0.86243314
   2.57584476  2.03164077  1.28190827  1.64863813  0.69529533  2.53640652
   1.57057214  1.36480033  1.10741174  3.40067482  1.63100398  0.61569369
   2.87952232  2.57041788  1.04599738  2.08170915  0.72904974  5.9397049
   2.61275887  3.97331738  2.60937905  2.19984722  2.02728796  1.99710166
   1.15267313  1.89962125  3.37132311  1.35042453  2.19264388  1.83760285
   1.60883236  1.66897023  1.18758714  1.12766325  2.51620412  1.99115086
   2.02240324  1.34890473  2.37205529  2.01823401  2.56792498  4.40118694
   1.39263964  1.29485548  1.72488797  2.24514651  3.77940083  1.65318465
   0.87507796  2.18186355
