 2.40196443  0.90733284  1.59164548  1.3549546   0.93901217  1.33480179
   1.48505354  2.64104128  1.33341157  1.62236559  2.03035045  1.59041691
   2.62353277 -0.02772433  2.00721216  0.45211887  1.45037687  0.74539471
   1.06755888  1.01910341  1.1510005   1.09783697  1.40138519  3.21200132
   0.53066206  1.46827567  1.27955449  2.95424676  0.92805594  1.62440944
   2.86920238  1.84816611  1.35524547  1.10236359  1.03744972  1.94144654
   2.32406926  2.41667628  1.03201318  1.13858414  0.5995549   0.34062937
   2.92540717  1.19170237  0.97216958  2.2216742   1.99986923  1.29774964
   1.42446399  1.90805542  1.65711915  2.44604039  1.07803452  3.61994338
   1.43540502  1.02389359  1.04266727  2.00897717  2.76472068  2.18228054
   1.78272438  2.9792788   1.35890186  0.97781783  2.69387984  1.97035801
   1.31897855  1.65006709  2.82946563  1.58873463  3.45450044  1.19295537
   1.48396635  1.2419498   2.23514867  3.41779447  0.73878604  2.32987022
   1.81968784  1.80838335  1.01142073  1.19498754  1.62864912  3.36317873
   2.84762692  1.17001641  0.82576799  1.3713299   1.87536132  2.38085747
   1.69014657  1.30192018  1.10418773  0.98132551  1.60956645  1.00376225
   0.86896759  1.01049435  2.71515751  0.85978752  1.56503725  1.2757436
   1.28838146  1.52674806  1.15648365  1.97933054  2.69711161  1.04750156
   2.49059629  1.01220381  2.52973247  3.34933662  2.59291792  1.16410184
   1.37539887  1.25334513  2.09429121  1.84888113  2.91666031  1.75402522
   3.20803881  2.99609327  2.30022025  1.14438915  1.30549681  1.87888312
   2.21838021  2.39916277  0.73935544  0.86282128  0.78449821  1.09477937
   2.95189476  3.2865777   2.18799877  0.36645958  1.05839491  0.63481992
   2.57003021  1.72786975  1.65737724  1.07247484  2.23902297  2.48079824
   2.70773411  0.97760284  2.09973478  0.33971712  2.24139833  0.69891632
   1.88309252  2.15901685  2.79503512  1.93532467  1.28845286  1.69210482
   1.7145226   1.01855922  0.8980571   2.84468102  1.723809    0.59586662
   0.98134083  1.05854213  1.91405046  1.2509824   0.88038188  2.32108688
   1.79337299  1.19165337  1.07550991  0.97978604  1.66514456  2.52411723
   2.38683009  2.40706062  1.76609683  2.36266923  1.35437417  1.00790453
   2.13474894  3.17107749  2.63970613  1.66210496  1.959746    1.33713162
   2.34440613  1.12381697  0.81608999  1.49467766  2.05950832  3.13354087
   1.25121951  0.70505524  1.24631011  0.90933973  0.85034841  1.46442473
   0.83778065  1.27695704  3.54587865  2.13427877  0.49167126  1.87377238
   3.17739367  1.08061147  0.76157039  1.12327087  0.99670804  1.70715344
   1.13069415  3.93475938  1.04491878  2.18099236  2.00211525  2.31548953
   2.63652396  0.89118004  0.58446532  2.94027805  2.06383038  1.86849594
   2.23261452  1.23680842  3.71463561  2.44681382  1.78441691  1.70084167
   1.79230034  1.65293312  0.70042562  2.02300787  0.94195962  2.66446567
   1.72193396  2.80548191  3.04102683  1.21923757  0.76731509  1.05569339
   2.62508798  1.47318506  1.15293491  1.6485616   1.96355629  1.71637821
   1.35573328  1.93543518  1.36441851  0.407123    1.97540367  3.14954138
   2.25481153  0.63627958  2.05449939  1.57048011  1.03635895  0.75334072
   3.3126502   1.33823431  2.25248814  2.41474771  1.85493088  0.49226576
   2.98804307  0.75563449  1.89364278  1.18172634  1.52922463  1.79828775
   1.24293494  3.52472353  1.66366267  0.64713347  2.07392573  1.41269457
   0.98522925  0.07632264  1.35074723  2.88328147  1.52045751  2.02052236
   3.93101525  1.07267213  2.32449746  2.01054239  2.17715979  1.240628
   1.83266354  1.89204049  2.11744595  1.35998154  2.81847644  0.96376008
   1.5381217   1.48242664  2.62574911  4.00026464  1.03422666  2.42859578
   0.40898508  1.19143581  1.57729542  1.85782015  2.19510436  1.29528427
   1.67939067  0.70645446  2.25064754  2.37439823  3.97555256  3.04516697
   1.27073741  1.56317079  1.96096873  1.01645517  1.77298129  2.20495701
   2.36320734  0.95914608  0.79698282  1.08365703  1.08526552  2.03189659
   0.5221954   2.18036747  0.99040949  1.04392385  3.22454572  2.37995696
   1.06393826  2.87902832  2.54619455  1.31132185  1.78253222  2.42941308
   0.79613304  2.64894915  1.15428221  2.35551333  0.95522684  2.04667997
   2.5831008   1.92631626  1.58112848  1.52450645  1.16325653  1.31494582
   2.07769585  2.28945398  1.674119    1.20569587  1.25328135  1.86397648
   1.51791799  1.13371313  3.07786083  1.90595818  2.5824604   1.59765875
   1.5759567   2.62345695  1.21404743  1.35438907  3.21640587  0.78045475
   1.98528075  1.84279895  2.33776188  3.27379751  3.33078384  1.41377461
   0.65913326  1.8801074   0.6953246   2.22088432  2.69297671  1.95823276
   1.21355128  3.85139346  2.13449883  1.42748427  1.95208144  1.64709163
   1.16596615  0.83019274  1.47347248  1.00068867  1.4046607   0.96979123
   1.4237026   1.89251995  1.19208765  1.50365138  3.2157445   3.95593596
   0.77529007  1.95904565  3.01052976  1.24070907  1.55701029  1.51051807
   1.4132024   0.99048901  2.62303352  1.53105259  1.55922282  2.27606106
   1.8815937   1.28803265  2.59736013  1.715101    0.74054575  1.00310719
   2.56133318  1.0427618   1.30282199  1.31436658  2.25471711  2.95115232
   1.58901572  1.52224791  3.10814857  2.19898677  1.66363931  1.12298894
   1.79551041  1.32583594  1.56955302  0.90590054  1.85510623  1.57470512
   2.29603887  2.74310803  1.92389345  1.02858198  3.28444934  2.5982585
   0.79426163  3.31569839  2.75622463  0.81783468  2.04358959  1.59992731
   1.28001893  2.09297538  1.57723272  1.72603154  0.57912117  1.11179745
   0.54702634  4.52004814  1.266083    0.9064548   2.38922977  2.58752728
   0.79467535  1.00737572  2.34634972  1.25157869  2.33725476  1.0554806
   2.33572221  2.08653712  1.86140347  1.02662015  0.96512371  1.33567882
   1.53503752  1.28935063  1.60795438  3.54646015  1.03052831  1.20150006
   2.06614327  2.99985337  0.61510164  0.56093282  0.69995618  3.10003281
   1.69986081  3.21968889  2.23134089  1.58623815  1.80491734  1.17854023
   1.50203288  2.29315281  1.71411717  0.76666307  2.74983573  0.94855678
   1.27330434  0.60386097  0.93293023  0.65036595  2.52546382  1.87016249
   3.25250125  1.08989489  1.8527354   2.26229072  2.44155598  3.82540321
   1.29975653  1.62029731  1.49619007  1.56636369  3.81569839  0.71842039
   0.97613329  0.86414498
