  2.03399348e+00   1.35203552e+00   1.69894850e+00   1.20199585e+00
    2.10065937e+00   1.35899317e+00   6.62433207e-01   2.31242490e+00
    8.19480538e-01   5.47381103e-01   1.47776866e+00   1.17866814e+00
    1.91768718e+00   3.73101264e-01   1.94579804e+00   5.06797314e-01
    1.15361762e+00   6.89751565e-01   6.03651226e-01   1.10630357e+00
    1.33937979e+00   8.98837507e-01   6.32081926e-01   1.61859906e+00
    1.31992614e+00   1.31378126e+00   2.15177798e+00   1.44717658e+00
    8.80004108e-01   9.44086790e-01   2.06586719e+00   2.17654419e+00
    1.49101734e+00   1.89259315e+00   8.99702311e-01   1.87955999e+00
    2.56658840e+00   1.89638305e+00   1.96185505e+00   1.02972651e+00
    1.55705822e+00   9.86181021e-01   2.35981727e+00   9.22696233e-01
    9.12385166e-01   1.62194145e+00   8.37738335e-01   1.30644929e+00
    8.85780871e-01   2.57737732e+00   1.43562388e+00   1.60408652e+00
    2.18578672e+00   2.30167484e+00   1.65553463e+00   8.29094946e-01
    1.05319142e+00   1.54598296e+00   1.55101395e+00   1.16668820e+00
    1.63602877e+00   2.71869755e+00   1.49079788e+00   9.64560926e-01
    1.29115462e+00   1.24852550e+00   1.23974192e+00   1.19586003e+00
    2.19765663e+00   1.52566493e+00   2.11193681e+00   1.01640272e+00
    7.71532357e-01   2.62335479e-01   1.49265492e+00   1.19216883e+00
    1.30148375e+00   2.24698734e+00   2.00712776e+00   1.66224372e+00
    1.76655090e+00   1.46419156e+00   9.31271732e-01   2.26449561e+00
    2.44806004e+00   1.16242278e+00   7.79040754e-01   1.70729268e+00
    1.73787141e+00   2.61259460e+00   2.21520853e+00   1.07193100e+00
    1.20672679e+00   8.16728652e-01   1.73403072e+00   1.95946932e+00
    1.51087880e+00   9.71794307e-01   1.37138152e+00   6.69147968e-01
    1.63388097e+00   1.04203486e+00   9.80162442e-01   6.53876781e-01
    1.45493484e+00   1.79564583e+00   2.35712028e+00   8.06906641e-01
    1.30163860e+00   7.16198564e-01   2.66029143e+00   9.87806022e-01
    1.66998279e+00   1.54307413e+00   7.61928916e-01   1.97613466e+00
    7.80728638e-01   2.37248921e+00   2.13155174e+00   1.34514225e+00
    1.56855130e+00   1.36783028e+00   1.36444056e+00   1.57217133e+00
    1.50070488e+00   8.71730387e-01   1.61713016e+00   2.12807703e+00
    9.38487172e-01   1.05368662e+00   9.13565874e-01   1.51143861e+00
    1.04700601e+00   2.43872499e+00   2.19208956e+00   3.33870381e-01
    9.52201068e-01   8.15682411e-01   1.80231261e+00   1.36418629e+00
    1.39840996e+00   1.09780896e+00   1.65104353e+00   2.06106186e+00
    2.13957191e+00   1.00106883e+00   7.41847098e-01   2.77816840e-02
    2.03973937e+00   9.06265080e-01   1.90047646e+00   1.93181908e+00
    1.95561314e+00   1.40384305e+00   9.37517762e-01   1.80346668e+00
    1.59227252e+00   9.44971859e-01   6.42334759e-01   1.70779943e+00
    2.36480594e+00   6.65148258e-01   7.05646515e-01   1.42500234e+00
    1.04928446e+00   7.62506485e-01  -6.16959743e-02   1.45742655e+00
    1.80454218e+00   1.15081251e+00   1.13923943e+00   1.59561932e+00
    1.71107495e+00   2.15500879e+00   1.20416284e+00   2.30522895e+00
    1.67091846e+00   2.20748878e+00   1.21368945e+00   8.47801745e-01
    1.89569867e+00   2.49512267e+00   2.00590396e+00   1.65493298e+00
    1.25231338e+00   1.33650398e+00   9.80833650e-01   1.21284258e+00
    8.92140031e-01   1.26141953e+00   2.10268092e+00   1.60808182e+00
    3.59368265e-01   8.92494082e-01   1.17208087e+00   1.20922816e+00
    5.12964487e-01   1.15280890e+00   1.14754975e+00   6.34043336e-01
    3.39075470e+00   3.31147337e+00   6.60823166e-01   1.79526019e+00
    3.07854199e+00   4.23829526e-01   5.74375272e-01   1.63621759e+00
    6.14647865e-01   1.76815152e+00   1.06014037e+00   3.01448512e+00
    1.32140231e+00   1.54822040e+00   1.59071970e+00   1.79781318e+00
    1.47888184e+00   9.29450572e-01   3.47408503e-01   2.31555700e+00
    1.67246103e+00   1.90450299e+00   2.18950462e+00   1.15316141e+00
    1.39933550e+00   2.22434139e+00   1.04172540e+00   1.05692017e+00
    2.12831903e+00   1.52508986e+00   1.21936333e+00   1.05282712e+00
    1.52510118e+00   1.63832271e+00   1.28169179e+00   1.59647262e+00
    2.23100305e+00   1.48644757e+00   9.90247965e-01   1.44873488e+00
    2.56412792e+00   8.65692794e-01   1.08360291e+00   6.33193314e-01
    1.47006547e+00   1.53551555e+00   1.02323163e+00   1.08888531e+00
    3.38355631e-01   6.56428218e-01   1.41435969e+00   2.27242374e+00
    2.66329026e+00   9.31231678e-01   6.46748066e-01   2.25450683e+00
    1.31336832e+00   7.29536533e-01   2.22991991e+00   3.28643084e-01
    1.89973474e+00   2.05254698e+00   1.72108269e+00   6.18148208e-01
    1.26359582e+00   8.63602936e-01   1.10427952e+00   1.41282058e+00
    1.55088890e+00   2.82278132e+00   1.28571582e+00   1.92138219e+00
    1.29780269e+00   7.55024672e-01   2.63856101e+00   1.30307186e+00
    2.00454283e+00   1.88585567e+00   1.04988241e+00   1.33975983e+00
    2.18055010e+00   9.52198267e-01   3.10543370e+00   1.15298498e+00
    1.11444581e+00   1.48097885e+00   1.77807522e+00   1.21183264e+00
    9.80098903e-01   1.63300228e+00   1.91150761e+00   8.62116396e-01
    2.14034700e+00   1.46812606e+00   1.71041143e+00   5.94884634e-01
    1.43884766e+00   3.44719529e+00  -3.01681971e-03   2.12401271e+00
    4.84548509e-01   9.46772099e-01   1.10241783e+00   1.71765292e+00
    1.91867530e+00   1.27391016e+00   1.40816450e+00   7.25617766e-01
    1.97626758e+00   1.64318347e+00   1.01943278e+00   2.21919656e+00
    8.43057275e-01   1.74755144e+00   1.43202853e+00   1.31864202e+00
    1.00380063e+00   6.90106630e-01   1.67599535e+00   7.07473934e-01
    4.75109011e-01   9.12457824e-01   9.19346869e-01   1.60593438e+00
    9.48608816e-01   2.48662853e+00   1.42977393e+00   9.31441069e-01
    1.60876703e+00   2.47347212e+00   9.74023163e-01   2.40216994e+00
    8.09999347e-01   1.32920778e+00   1.75508642e+00   1.80146849e+00
    9.67639267e-01   1.04324079e+00   8.71269584e-01   1.57267129e+00
    9.88390744e-01   1.57369745e+00   1.53594351e+00   1.40852940e+00
    1.45876777e+00   1.51344466e+00   8.09949398e-01   1.87577152e+00
    1.11012590e+00   1.70335722e+00   6.55121505e-01   7.56524801e-01
    8.46534014e-01   7.99546957e-01   1.13904440e+00   1.84184998e-01
    2.35147429e+00   2.04791617e+00   1.93577909e+00   2.38472867e+00
    1.53118455e+00   1.70253086e+00   7.43060231e-01   7.42974877e-01
    1.58546269e+00   1.17807150e+00   7.63703287e-01   1.57501030e+00
    2.01049066e+00   1.59716403e+00   2.25486398e+00   1.62290835e+00
    7.46498644e-01   3.18991899e+00   9.59736049e-01   1.81823528e+00
    1.65086055e+00   1.00651467e+00   1.48693955e+00   2.36826038e+00
    9.18499887e-01   1.26896203e+00   1.17307317e+00   1.57866883e+00
    1.30458808e+00   6.19820118e-01   1.09600425e+00   1.31587207e+00
    2.43595719e+00   1.26665592e+00   1.46835458e+00   1.46404278e+00
    1.66555059e+00   1.25697613e+00   1.44404352e+00   1.67077136e+00
    3.67198765e-01   9.00723100e-01   2.27862787e+00   1.00654256e+00
    7.12225318e-01   1.39437044e+00   1.89306617e+00   1.21154010e+00
    2.27840734e+00   2.00350213e+00   1.15774429e+00   1.84371209e+00
    1.72093511e+00   6.05212688e-01   2.00857973e+00   1.73293543e+00
    1.05520725e+00   6.24161303e-01   2.05305505e+00   7.79230833e-01
    1.63326156e+00   1.55810952e+00   1.70908391e+00   2.46570349e+00
    1.47993076e+00   6.79560363e-01   2.19714165e+00   1.48833978e+00
    1.72764230e+00   9.95862842e-01   1.14758623e+00   1.09580159e+00
    1.50686705e+00   3.64476800e-01   1.56996310e+00   1.44768786e+00
    1.73229051e+00   1.83338606e+00   1.08655441e+00   7.01678514e-01
    2.12499547e+00   1.06803977e+00   1.02567327e+00   2.19632769e+00
    1.69981933e+00   1.14297080e+00   1.68952584e+00   1.98108411e+00
    1.53161550e+00   1.17566729e+00   1.78612256e+00   1.49003243e+00
    8.62626135e-01   8.17425847e-01   6.39457822e-01   2.55674815e+00
    1.10326445e+00   1.19400811e+00   1.97343814e+00   1.73565006e+00
    4.28520709e-01   9.82774556e-01   1.92400813e+00   1.03433275e+00
    1.71222866e+00   1.10691404e+00   2.06585050e+00   1.80125821e+00
    9.81257737e-01   1.14786708e+00   1.09388328e+00   1.61161053e+00
    9.94883716e-01   1.46273422e+00   3.29094082e-01   2.31897116e+00
    9.53909457e-01   1.50130141e+00   2.39186645e+00   2.27041674e+00
    1.27625036e+00   1.40595689e-01   9.82757151e-01   3.03388667e+00
    1.02805161e+00   2.11860466e+00   1.74216402e+00   2.81432986e+00
    1.87247121e+00   1.12153399e+00   1.55564392e+00   2.41523075e+00
    1.26261294e+00   4.32649016e-01   1.56482422e+00   1.60159075e+00
    1.34262109e+00   1.17816754e-01   9.83171403e-01   5.20601392e-01
    1.43759596e+00   1.89664114e+00   1.31402946e+00   1.25137424e+00
    2.26568890e+00   1.77644634e+00   1.05693328e+00   2.84724760e+00
    1.09082091e+00   1.25582528e+00   1.11243355e+00   1.41059744e+00
    2.57843232e+00   1.18447089e+00   9.90655422e-01   1.31469524e+00
