 1.97978961  1.95208287  1.33198965  2.57305264  0.99484789  1.83481359
   1.48587132  2.18078518  0.98127908  1.28022051  1.38625789  1.48069799
   1.78361142  0.75149769  1.90602195  0.84461296  2.08639979  0.62862098
   1.02787089  1.1930306   1.45213485  1.02233934  2.77522635  2.81209087
   1.63768911  1.06875861  2.14263487  3.33724213  2.20424891  1.60240352
   1.92512274  1.43486798  1.54047954  2.22118688  1.07924724  2.2947526
   2.78722095  1.85042346  1.06849158  2.21883607  1.44647837  1.83976781
   2.58379221  1.32421851  1.08365333  1.26551974  1.35651159  1.15304959
   1.61588681  2.39524746  1.56924653  2.12633753  1.29438746  1.80730438
   1.47293067  0.45998743  1.21566308  3.0621357   1.11668348  2.07345724
   1.75761044  4.64028692  0.96805638  0.94600052  2.09127688  1.65145814
   1.40583837  1.51541007  2.17188883  1.55063939  2.70882821  1.08663023
   0.60025907  1.3151505   1.63648665  0.61077398  1.91236544  2.71718001
   1.06723702  1.72956598  2.18463111  1.45259225  1.58601964  3.87584758
   2.01173854  1.89178085  1.02813852  1.50598943  2.21142602  2.448771
   3.16663814  1.67637837  1.4963032   1.14149809  1.86868477  2.63197827
   1.51966894  0.98872083  1.36418152  0.8627848   2.04547739  1.11820436
   2.07351351  1.16460407  1.84081161  1.34188163  1.54229748  2.83722186
   1.62438929  1.40731549  2.68451691  0.91006625  3.50832891  1.17908287
   1.78324211  0.64066708  0.7765159   1.7623086   3.25106478  2.08092999
   2.01235104  1.89271355  1.06892276  1.19710946  1.40880573  2.26859355
   2.34079671  2.03470969  1.90738678  1.01730406  0.96825051  1.50460756
   2.0806551   3.02578521  2.74970984  0.46156329  0.66247267  0.99579006
   1.84078693  0.79586881  2.18633008  1.37579763  3.12334681  1.93787384
   2.90588617  1.45856667  2.00141549  0.58532912  1.62500811  2.05890632
   1.7991823   1.86617935  2.57798553  1.28750515  1.53107011  2.16093612
   1.73353398  0.9613598   0.96772295  1.4196595   2.70221376  1.03050601
   0.79981416  1.2404449   1.40939546  0.58779103  0.62865853  0.82064056
   1.02866232  1.02603102  0.97373092  1.38068867  1.64252162  1.66423523
   1.67510927  2.49749565  1.4052316   2.78940988  1.50557947  1.2411536
   2.42388344  3.16235518  2.51180077  2.33152318  2.02595711  1.58426511
   2.32385349  1.71271968  0.80353266  1.61689258  2.16287327  2.61363578
   0.54006827  0.60145581  1.01981676  1.2645241   2.56482291  0.60468781
   0.8316707   1.15315831  2.54541588  2.47069931  1.00369322  2.98387051
   5.43262339  1.37923133  1.12558568  1.15780413  1.37724519  2.19686842
   1.28409755  2.84547949  1.1026485   1.23483443  3.15207958  2.28176546
   2.68441629  1.04305422  0.81948924  2.7923069   1.73390567  1.60237992
   3.27316189  1.32179821  3.28651905  3.13695192  1.3995806   0.44740409
   2.61553168  1.46496534  0.3243776   2.63325763  1.2875005   1.26882422
   2.088305    2.21572208  2.4007709   1.58058786  1.1335845   1.25956702
   1.98854017  1.03703439  1.11813164  2.39006972  0.89448583  0.88901776
   1.57883382  0.98541236  1.45227623  0.54377371  1.62306809  3.35078001
   2.45765328  1.09597981  2.3332839   1.39067554  2.00527644  0.75853455
   1.19185734  2.00683308  2.10468483  2.05805373  1.50533223  0.99049336
   1.74703121  1.34227848  1.12284577  1.85999846  1.10224736  2.49250007
   1.26496327  2.74264145  1.46620321  0.72723955  3.60942388  1.12075794
   2.1719048   1.83030534  0.62631613  2.40669227  1.35997617  2.25545955
   3.45534348  1.26774228  2.22652411  1.86398959  1.54007804  1.00465119
   2.04352307  1.86513162  2.30591893  2.27107716  1.2949791   0.77418828
   2.22864485  1.2589221   1.57818508  3.02021384  0.21701838  1.97534704
   0.74756622  1.38413346  1.5262562   1.8808893   2.12834549  1.18995595
   1.24605     0.6768533   2.27720785  2.43266273  1.13695347  3.46406007
   0.74198365  1.99641669  1.74330342  1.03507853  1.00075698  2.68884659
   2.55681682  1.29652643  2.18900895  1.04230559  0.51086062  2.06034088
   1.52616811  2.68207788  1.14846718  1.03105628  2.70915556  1.80093288
   1.99644578  2.86314464  1.02739036  1.45226789  1.15898585  2.47101426
   1.06778097  4.29539156  1.01121342  1.85988522  1.37606168  2.00754213
   1.71265137  1.8449688   1.23531783  1.33485556  0.93919206  2.66853023
   0.95468748  1.76610148  1.5887754   1.45203745  1.74891305  1.06659234
   3.06371498  1.11675262  2.78577256  1.41536915  2.53198123  2.11816931
   1.79489756  2.40359902  0.60739434  1.14351928  1.80915296  1.71142232
   1.4150703   2.29332399  2.85854745  1.92866576  3.6409297   1.81151414
   0.58739167  4.05610037  0.70003062  1.83216095  1.81202888  1.78354704
   1.33241725  4.37635231  1.80974698  0.70791835  1.46170592  1.35380566
   1.35278547  1.07051671  1.07897627  1.22241306  2.75340199  1.39547801
   1.64694428  2.03275228  1.89111078  2.74671149  1.81250238  0.56829572
   0.89659303  1.6602267   2.7884841   1.37639189  1.26606369  2.46739101
   1.8927598   1.26101708  3.38825917  1.64361882  1.86675453  3.17620873
   2.04332232  0.89016891  2.30969238  2.40757036  1.59477317  1.16426158
   1.4883244   1.5932548   1.45312476  1.39786601  1.91620052  2.02455997
   1.23714411  2.96379375  2.33516049  2.67309046  1.11713207  1.668347
   1.86684179  1.29883158  1.78439367  2.0979898   3.22779942  2.35796618
   1.71966469  2.69754243  2.19176865  1.65324855  1.56529713  1.5222888
   1.04071796  2.14628577  1.41560197  1.06515574  1.71252751  2.31207442
   2.21635056  1.85093701  1.33823633  0.8373161   1.0515517   1.5539124
   0.56290388  2.42565918  1.76843286  1.00592387  1.53936231  2.50802922
   1.35024273  1.01968741  1.09019375  1.9136976   1.3970902   1.25846279
   2.29853606  2.26854181  0.71591139  1.24767208  1.1370455   1.8037895
   2.45743036  2.70795822  0.36771926  2.85138798  1.60028064  1.02987051
   2.89863658  1.82723939  2.05433989  1.06155467  1.13166583  3.21542406
   1.36719084  3.55642653  2.24408507  2.92023826  3.00311852  1.58641791
   0.80005318  2.22441816  2.39317226  0.51454133  1.80039966  1.98983645
   1.90186048  0.82256806  1.98203301  2.12809706  1.32941198  1.90329289
   1.10911083  1.39195275  2.32356238  1.5247848   2.2357223   4.8974762
   1.12117088  1.58434224  1.15981698  3.02175236  3.17868495  0.74338883
   2.07002258  1.88794696
