 1.23787165  0.90448827  1.81745446  1.4637903   1.02221203  1.82338881
   1.08359993  1.74873698  1.06546211  0.66178995  1.90807688  1.45534098
   1.3243835   0.33533993  0.74158144  0.83923835  2.26433897  0.7997182
   1.16781187  1.18499053  1.28441572  0.92001003  1.84227419  3.17094588
   1.54418933  1.03822172  1.25809181  3.08902073  1.17888916  1.49267161
   1.63455617  2.47324419  2.28401732  0.86392725  1.57246244  2.0865624
   2.83193636  2.45334053  1.50197625  1.51463974  1.05898035  0.67483616
   0.96178234  1.02258754  1.05008578  1.15104401  1.30560327  1.01092374
   1.76143491  2.05211902  1.36192834  2.01371408  1.03632212  1.87418091
   1.34162593  0.71428853  1.0196135   2.60884356  1.31746304  0.75554407
   1.11272514  2.62826681  1.10172987  0.99504101  1.23268461  1.78937113
   1.01610887  1.48074138  1.62476099  1.25027645  2.57384992  1.25907695
   1.03083134  0.49172187  0.54606724  0.91119784  0.49753699  2.25782871
   1.33417547  1.08593214  1.75750935  1.21583164  1.37316716  2.37766623
   1.83997822  1.24848783  0.95451796  1.5450443   1.38620949  1.64651716
   1.50991905  1.44061458  1.99963272  0.77971381  2.02411485  1.67584598
   1.24614024  1.038728    1.68148851  1.13142216  2.24532247  1.32095969
   0.79590511  0.78045958  2.3975513   1.43149889  0.92042559  2.20833564
   1.73094261  0.92140639  2.22206187  1.26024866  2.93745518  1.32987046
   1.3934828   1.41379082  1.95390999  1.49309218  1.2185775   1.8504951
   2.25856948  1.88060081  2.63957477  1.08935118  1.28859067  1.35162485
   1.48970497  2.08736897  1.11814725  0.97954285  0.82645488  1.43190801
   1.40690482  1.91686761  2.84653544  1.51490724  1.30256391  0.32435778
   1.4840796   1.37383068  1.35450947  1.56754649  2.87413454  2.03044224
   2.64083338  0.92523706  0.97745448  0.26459688  1.18300581  0.80998766
   1.57431221  1.80976701  2.2492311   1.27366567  0.57047564  1.9580065
   2.6208744   1.38608241  0.67190975  2.90327144  1.63213289  1.11987257
   0.31635353  0.94204676  1.35700405  0.99324739 -0.01738261  1.74069881
   0.74314791  1.11730063  0.96841383  0.83822972  1.23030865  1.09672332
   1.45041382  2.17265606  1.73048937  2.06181717  0.92680776  1.05936098
   1.59722865  1.9492321   2.21550179  1.72523916  1.12514377  1.98798418
   1.73308551  0.94259459  1.09958684  1.27037585  1.56647909  1.76657355
   0.6819613   0.54561311  1.59159029  0.54537183  1.9903127   1.11412263
   0.9014551   1.46815062  1.83318806  1.3099817   1.07940948  2.73030353
   2.16322279  1.21516955  1.30801296  1.54378712  0.73225182  2.08553171
   1.18060708  2.80046868  0.7514196   1.32647574  1.56821704  1.2693553
   2.19248199  0.96857232  0.41701964  2.20226645  1.4823581   1.36596632
   2.66881609  1.24334061  1.95810127  2.01785111  1.08053827  1.13967073
   1.89570785  2.16390657  0.85530025  2.00102186  1.10257459  1.2372086
   2.37350941  1.91653526  1.72425568  1.84843326  1.36957598  1.21759343
   2.33102155  0.97446615  1.06093347  1.94471872  0.65403843  1.35260332
   1.83171809  1.29250383  1.27834058  0.69202447  0.71329176  2.66990638
   2.18987012  1.00923169  0.55980152  1.59274542  1.8184936   1.33513069
   2.96146965  1.69864023  2.24957681  1.6306932   1.71823132  0.48669145
   1.04537416  0.51352251  0.70214993  0.60046709  1.28860748  2.19365335
   1.5204196   2.39009404  1.67855942  1.12111402  1.49021327  1.4025476
   1.09566748  2.72488832  0.94786632  1.74907911  1.74213338  1.3178252
   3.49506998  1.25871027  0.70965058  1.97570217  1.81658161  0.76991552
   0.92909241  0.66958529  1.09562862  1.25967133  2.62258887  0.95506436
   0.88538408  1.82812667  1.76953435  3.50794339  1.0030328   1.80152857
   1.03593075  1.39054036  1.02858424  1.33406031  2.06564355  1.34808981
   0.90722138  0.76160967  2.0681057   2.95047545  1.82905018  3.32970881
   0.88231987  1.46315992  1.41759408  0.6032787   1.54554367  1.56222069
   2.03916717  1.99696898  1.48358095  1.47968161  1.052086    1.39070535
   0.74083614  2.57521272  0.89714873  1.12584484  1.03263795  1.43759489
   0.87543422  1.94736946  0.66736376  1.01603079  1.7228812   0.76432025
   0.91462386  2.88924074  1.0792582   1.3093189   1.08827126  1.33003891
   1.25590265  1.87910116  1.43106091  1.14599991  1.98840344  1.7037853
   1.23482347  1.85114753  1.72330463  1.90590191  2.17723823  1.17804682
   1.48020899  0.38686842  2.62224054  2.06594062  2.83457565  0.9838329
   1.57482719  1.47073102  0.64002734  1.10525405  1.71464336  1.22528517
   1.22099459  1.45067191  1.95652878  2.02789807  3.20505357  1.4131304
   0.71158242  2.94497967  0.69582921  1.58811116  1.74923444  2.62372875
   1.45840752  2.58774376  1.27815855  0.67571807  1.59354281  1.4213208
   1.21575963  1.31502187  1.03827953  0.96396786  1.77810323  1.18667722
   1.84341085  1.71930373  1.24877882  1.87429333  1.9322468   1.00868738
   0.17334384  1.81866479  2.79750466  0.84315741  1.19234312  2.42756557
   1.21945667  0.94567466  3.17966175  1.69245112  1.15253949  3.29262114
   3.12610316  0.97599995  1.43300402  1.73943639  0.9309721   1.1539588
   1.53404653  0.98005217  2.10317397  1.46909833  1.15430319  1.58855236
   1.12545729  0.97324985  1.61217248  0.56485879  1.40104842  1.53974855
   1.39627182  1.16626549  1.05794692  0.2874797   2.06885886  1.35712349
   1.02588487  2.44574261  1.79842949  1.53555942  1.34771538  1.84403157
   0.93119764  2.05423641  1.45582926  0.79773039  1.89262593  2.17104316
   2.64709091  1.65028095  1.63784027  1.63314986  1.18469894  1.16124916
   0.7139895   2.63741136  1.54520166  1.35637665  1.89104283  2.34576201
   1.89561653  1.03827047  2.91366863  0.80443376  1.06641293  1.31674886
   1.92428851  1.76915121  1.05398178  1.34212434  1.34010971  1.13833034
   0.91337967  1.83483088  0.15034674  2.55290914  1.92594647  0.96947354
   1.3932333   1.87084675  0.85514051  1.07893825  0.99876499  2.64416027
   1.42884135  3.46701717  1.64957654  0.78882527  2.09434986  1.35590792
   0.48423782  2.343997    1.0282135   0.56607753  1.56967938  1.21236145
   1.8103441   0.36423981  1.00438976  1.89970267  1.49894118  3.56539512
   1.24152339  1.26884282  3.10936666  1.66301417  1.87369907  3.49656057
   0.83024907  1.13406873  1.36826479  2.00662947  2.98797059  0.6446386
   0.75032842  1.16350973
