 2.10001564  0.13747656  1.55531681  2.00569463  1.31940496  1.5576005
   0.85362595  1.91626477  1.03614581  0.94344026  1.67716491  1.33517003
   1.61150241  0.89912409  1.71606231  0.79286498  1.19726229  0.57981199
   0.75941664  1.22581422  1.34658134  0.86716735  0.98514682  3.50839877
   1.09727561  1.02392912  1.07843316  2.16558909  0.29950881  1.68951011
   1.48111272  2.68536162  1.13308001  1.05459762  0.71716213  2.71433353
   3.20723605  2.6963048   1.31581223  1.01784682  1.84189403  1.32826436
   1.53691816  1.85461378  0.92260349  1.48700202  1.2967999   1.2819277
   1.25909495  2.66073394  1.16934097  2.80877995  1.34802508  1.94562447
   1.19075394  1.36519837  0.98871201  2.6481452   2.25348854  1.60622966
   1.11166584  3.35142684  1.39883471  0.77845085  1.22352493  2.35757565
   1.02092505  2.26452613  1.72720706  2.17827177  2.8322289   1.06451225
   1.16408026  1.26519346  1.2438004   0.40427923  0.60413575  1.77913487
   1.37451196  1.52336812  1.98649383  1.08531535  1.50284374  2.67716551
   2.53054476  1.55411887  0.80753148  0.98666     1.86411166  1.78083205
   0.94120663  1.17698586  2.10555029  1.08603239  2.11482239  0.90222818
   0.99579328  0.64009613  1.15971565  0.91720957  1.86530089  1.2931987
   1.76381958  0.53484124  1.2789228   1.57516277  2.57872677  2.0965004
   0.35759711  3.18977761  2.33818722  1.48036373  3.51468945  1.5222075
   1.24442351  1.10344303  0.55571455  1.07870328  4.17962837  2.35349298
   1.81693447  2.37727308  1.68763471  0.69289196  2.0228703   1.63599634
   2.48816156  2.51112413  1.62228107  1.13004267  0.83806592  1.30559099
   2.33179259  1.85535896  1.64822674  0.47319031  1.23478484  0.72687066
   1.80601096  0.58501023  0.93713623  1.30691779  1.67575777  2.07906079
   1.66955721  1.10494959  1.12453449  0.04277882  2.39643574  0.66601157
   1.56241238  2.44859767  3.01918292  1.7799623   1.48262691  1.26459396
   2.1640811   0.95629877  0.83415043  1.96837687  1.38938165  1.17955029
   1.09494281  0.92551988  1.52982032  1.20987082 -0.01233235  1.27832663
   2.83220625  1.21867955  1.2324034   1.14444339  1.98187339  2.32888508
   1.04985607  2.1802187   1.82019281  1.85102892  1.58958626  0.6343925
   1.46385896  2.32756996  2.45890641  1.63298678  1.79360795  1.33149838
   1.83456302  0.82871407  0.95025456  1.48522508  2.4594996   1.98605371
   1.64928663  0.75513297  1.46901894  0.9479931   2.4883697   1.63483942
   1.31524539  1.27847886  2.06275725  2.57858253  1.02328634  1.21060967
   3.44280982  1.92376316  0.94927835  1.16996825  1.36457241  1.6654017
   1.78216088  2.33899426  1.04240894  1.78987908  1.20060933  2.77939749
   1.85669315  0.89885652  0.9234032   2.8883822   1.27124536  2.00635815
   2.52002764  0.74289864  1.5298084   2.17796993  1.52694821  1.54505503
   1.98306012  2.30757475  1.05218542  2.48256254  1.98308051  2.1950891
   1.50805783  1.43235505  2.46149063  1.5597142   1.03416181  1.29781973
   2.79356766  1.04609978  1.1319983   1.40297568  0.64099646  1.34241641
   0.93796486  0.91978264  1.07670856  1.0066067   1.66628778  2.61249185
   1.97286654  2.07217216  1.08662605  1.2972753   1.3571254   0.97030616
   3.83851004  1.48813808  2.40071988  2.25280833  1.76980639  1.49445045
   1.16986275  1.12004089  1.71623361  1.07488239  1.95197439  3.92297506
   1.25588536  2.32609844  1.39792693  0.91262418  3.03637958  1.36221552
   0.82649487  1.57035708  1.18300879  1.39956427  1.89660978  2.26524162
   2.63176966  1.39552498  1.75255072  1.58239222  2.16589618  1.29305756
   1.5400461   1.58061576  1.42842913  0.94907063  2.06350446  0.97301418
   0.44277656  0.94981933  2.28794312  2.69002533  0.82007581  1.82023621
   0.81459677  1.1547848   0.81581789  1.48632956  1.28875935  1.32734108
   1.49007571  0.82788062  2.43083024  1.84027445  1.65035009  2.99437237
   1.91362023  1.50555289  1.2611953   1.89797699  0.81494308  2.44741893
   2.26627207  0.81402075  1.3549881   1.17906189  1.07954693  3.17316723
   0.65534115  2.68479776  1.03017163  0.91904068  2.7551918   2.28465414
   1.64884329  3.52677298  1.66771197  1.24644506  1.53879726  1.11809218
   1.03530562  2.43821216  1.22693706  2.06307077  1.30567765  1.81098068
   1.5180006   1.62588942  1.15419042  2.84734869  1.33428895  1.951087
   1.65919459  2.30980396  1.07551253  0.89205444  1.40695488  1.65966618
   1.60376298  0.64864981  1.27153659  1.65533841  2.65675402  2.24027705
   1.64628887  1.31594872  1.69770801  1.04163897  1.66790318  1.3238169
   2.09168267  2.01223469  1.84910762  1.37856662  3.59197998  1.43384469
   0.76800084  2.70125055  0.85451752  2.32407165  2.0036068   0.7524296
   1.35595834  2.69194436  2.19345403  0.75906557  2.53501272  1.28436422
   1.38117802  1.10115063  1.91587424  1.2056073   2.51468992  1.40557742
   1.63172174  2.59869385  0.95120317  1.75771773  3.13458681  1.69448054
   0.15546685  1.68663645  2.54976606  1.37045753  1.32787502  1.74216664
   1.20738053  1.01699769  2.61701012  1.95569456  0.97412139  1.4384141
   1.75187552  0.89665616  1.69632113  2.25120878  1.9878639   1.65762019
   2.10503006  1.7287972   1.37693346  1.40720427  2.08344579  2.19674945
   1.2336818   0.88144916  3.03149343  2.32847214  1.46986413  0.99362838
   2.33011532  1.23442245  1.49306297  0.17221443  1.90304947  1.31448448
   2.91622972  2.62104034  2.36525083  0.81738013  2.46517301  2.12142372
   1.69544375  1.92784739  2.20649791  0.60004771  1.07425678  1.92137825
   1.182917    1.1469121   1.62728286  1.42913687  0.85918736  1.17441726
   1.20220351  1.58307827  0.55933529  0.91384172  2.46077514  2.7291913
   1.58066058  1.32161844  1.89461529  1.29669499  2.2919209   0.99620181
   2.3750577   1.80500472  1.50327432  1.0741924   0.8945123   1.6319679
   2.04208684  1.30426371  0.30698895  3.09278226  1.43804157  1.64621854
   2.16933513  1.89554322  1.01543105  0.54751056  0.92882913  3.71736169
   2.01583052  3.32704592  1.47394323  2.35518026  2.15060568  1.30581844
   0.94256788  1.15406048  1.00250983  1.16197836  1.73514915  0.84557229
   1.24298465  0.59712529  1.70066822  1.22756052  2.13831854  1.83401477
   1.99933922  1.43938708  3.25058031  1.85262907  1.85215294  3.84755039
   0.85467231  1.4246273   0.73564768  1.69592786  3.05428123  1.28263068
   0.91703188  1.02176893
