 1.10517395  0.63710517  2.39641213  2.30869865  1.12739551  1.67264283
   1.68957055  2.96659136  1.14134574  1.63640082  1.76988268  1.25631988
   2.35148311  0.86256444  1.1745832   0.45518723  2.0834198   0.55691379
   1.37558222  1.05701733  1.0791223   0.93292236  1.99735379  3.60395193
   1.07932806  1.3203541   2.00255346  2.81426024  1.72232819  3.37070012
   2.55674911  0.49617398  0.97384238  0.7350744   0.87296683  1.97397923
   2.03258395  1.05992711  1.95156419  1.08761001  1.95015538  2.58150077
   2.99877381  1.54404569  0.91422814  1.65421748  1.08233142  1.37496996
   0.8340739   1.87368453  1.62544811  2.18472743  1.45272028  1.90492618
   1.07498729  0.93524694  1.44449162  1.64079547  2.06266189  2.17338014
   1.23625159  3.826087    1.45786238  0.7554267   1.56286395  2.32001162
   1.28267848  2.63381219  0.85755521  2.83187175  3.27804303  1.34311521
   0.97093374  1.46320105  1.79264343  0.9184503   1.56715453  1.52950871
   1.70939648  1.23741925  2.73378134  1.12476587  1.28982842  3.66650939
   2.37114549  1.13694298  0.91218621  1.80981457  1.60582423  1.60430312
   3.55940628  2.3335526   1.5444473   0.72610503  2.14496493  1.54700756
   1.416605    0.94501692  3.16543603  1.07258749  1.73385322  1.11210191
   1.34336054  1.37900698  1.02582812  2.52892733  1.79752839  2.86180353
   1.46927714  3.09616113  2.19404149  0.79499841  2.70353341  1.60978854
   1.50161874  1.60573661  1.71256173  1.33137894  1.36591065  2.20391798
   2.46163368  3.20021701  2.01777887  1.02959156  1.46130681  1.52654672
   2.57621527  2.89137745  1.89401937  0.95064992  0.79340267  1.04859924
   2.59422946  2.61728191  2.50931382  0.44696009  0.71855438  0.74812293
   2.24303627  2.71728969  1.34330678  1.20547807  1.91879916  2.69553518
   3.25255442  0.99779665  2.85877299  0.64084804  1.62370026  1.98101914
   0.55308259  1.76259065  2.79182029  1.97037196  1.72739339  2.14638972
   2.34851646  1.30230546  0.66042179  1.32970107  1.35979497  1.75998235
   0.73967516  1.09567642  1.47603774  1.61272657  0.57324189  2.1941638
   1.15595245  1.16808653  1.17626357  0.39785808  1.21744227  1.6773895
   1.59377503  1.59786642  1.64496112  1.76372564  1.75527489  0.83713442
   2.58329725  3.22171926  3.0906415   2.78389406  2.07289314  3.00775266
   2.95799279  1.29693472  0.76253325  1.63652062  2.05666661  2.41688371
   2.52194023  0.88298702  1.36729038  1.06170368  1.0395323   1.8185029
   1.03535974  1.62191045  1.43808353  2.00978303  0.82878637  2.39813733
   5.56044483  1.80686414  1.49330485  1.22915471  1.84633338  1.05399847
   2.07068205  2.62136292  1.06044054  1.68411791  0.87718499  2.09617257
   3.24229169  0.8283118   1.44496739  3.83009744  1.48803163  1.06685424
   2.54077411  0.9168303   2.49941421  2.627702    1.28714943  1.55870402
   2.25716209  2.11484241  0.61578238  1.90280843  1.70254314  0.65321547
   0.97523737  2.45281267  2.21747041  1.70546532  0.89906603  1.52068913
   3.40625381  1.98195279  1.20495522  1.74603617  2.12557197  2.06276345
   1.23405528  0.82562059  1.18825054  0.97456926  2.02045655  3.20258737
   2.03931284  2.29466295  1.47882354  1.4240365   2.09438396  1.54658735
   2.06171989  1.0978142   1.11542439  2.24354196  1.83736682  0.73271561
   1.59230292  0.4359206   1.08977878  1.91744065  1.42935491  3.18108416
   1.77517891  2.11708522  2.25009775  1.24397266  2.231987    1.51860714
   1.00542688  0.8161149   1.476004    2.92087722  2.18240261  0.69124949
   3.66471672  1.82957029  3.00341678  2.01867199  2.62425423  0.93549466
   1.59941077  1.38346732  1.68201399  1.93471205  2.35832024  0.76160884
   2.79235744  0.75434721  2.76344442  4.42088652  0.84955788  2.38383436
   0.94937164  1.23464692  1.62699139  1.23286772  1.60929072  1.44993651
   2.22583032  0.76829511  2.59888101  1.64842474  2.31644011  3.63598919
   0.75334889  1.90137744  1.07055819  2.28479195  1.01546955  1.77946305
   1.74337924  2.03785181  0.66095483  0.98021019  1.11011028  3.01593447
   1.52322757  2.32460523  1.07448006  0.90508062  2.17751813  2.27989292
   1.73894393  2.8835969   0.93141842  1.28028238  1.22278225  1.23081219
   0.94828153  2.62791419  1.05559611  2.50941825  1.05368888  1.83779955
   2.2815547   2.55293441  1.19134831  2.51136923  1.63451076  1.78859293
   1.47912645  2.92049432  0.54906911  1.30514979  1.73235345  1.44138861
   1.79490221  1.74767387  2.5895648   1.79912114  2.37805605  2.75158119
   3.64161515  1.61120367  0.6574825   1.81052732  2.96550107  1.66789103
   1.12916994  2.99891543  2.01821399  2.10882688  4.25429964  1.35207593
   0.85358065  3.14027739  0.99032962  1.93298614  1.77628052  1.8066107
   1.75707245  1.66500247  2.46843505  1.08336949  2.07292366  1.3002888
   1.28589225  0.76869923  1.0950768   1.18748522  2.75693154  1.47820401
   1.53665102  1.83527362  1.39775407  1.16065252  3.72586703  0.74444789
   0.15835981  2.00907207  2.68371224  1.27529216  1.27310669  1.97584713
   0.87107557  0.9526546   1.41271424  1.59887636  1.56395888  1.81016624
   2.78502083  0.34736907  3.2210393   2.74424934  2.09257078  1.12605417
   3.07256103  1.04632676  1.17295909  1.34453571  2.33339715  1.63951683
   0.8924731   1.71326113  2.12216473  1.45638132  1.42328215  1.31587756
   2.01769209  1.18786633  1.80069327  0.45315599  2.85896659  1.41024303
   3.29900932  3.82495403  1.32693386  0.72622991  1.41013527  1.61733162
   1.39386857  3.00281024  2.23067808  0.51993895  1.23694789  1.68975627
   2.23689508  2.37385631  1.44936419  1.35957825  0.77105337  0.85362601
   0.81194234  1.96946704  0.99456811  1.8826158   2.1964848   2.40272045
   2.89406776  1.25246918  1.7098825   0.80598539  3.47553205  1.12095821
   3.8845396   2.53666377  1.19104445  2.02049351  0.81535804  2.44914842
   1.83859038  1.9197551   0.51418501  3.60286355  1.15335512  2.26478004
   0.71390635  2.37576127  0.92987633  0.83242881  0.95832044  2.35597253
   1.30056822  2.23552704  1.85330009  2.07168579  2.96685672  1.69987261
   0.73027968  0.97610176  1.81920028  1.08189571  2.84351587  0.4204284
   0.75969905  0.74261022  1.92438459  2.88434625  1.96708119  1.96051502
   1.75147569  2.1370039   2.65604806  2.23652196  3.29299617  3.54155588
   1.44527113  1.56711042  1.5757941   1.72059238  3.59437203  0.87768662
   1.01904976  0.9328872 
