 1.87365544  1.59635031  1.5571034   1.87354481  1.5203104   1.17406785
   1.53019929  2.35109735  1.31386662  0.92983997  0.64924556  1.42177641
   1.64497852  0.61756295  0.76612169  1.22654068  1.24377012  0.52064842
   1.69677007  1.33600926  0.93316847  0.93318391  3.22672844  2.90935159
   3.302212    1.59493911  2.35383773  2.91936588  3.71883297  1.89473295
   2.34729385  1.50379217  1.45541835  0.82203168  1.76817441  1.46498084
   3.28137445  1.9782064   1.63975942  1.09957099  0.95309412  1.80839396
   2.92616034  1.70659566  1.0041486   1.53013277  0.86431754  1.6691072
   1.20063937  2.26619005  1.5173974   3.18144989  2.01111364  2.33680725
   0.97478402  2.12985587  0.93284011  2.9638164   1.27990437  1.61112452
   1.4230547   2.36482644  2.43128896  0.90897977  1.79415452  2.56253791
   1.44991755  2.26062751  0.74533343  3.45328188  2.496418    1.76039982
   0.69001031  1.11377728  2.30071831  2.75656629  0.98177952  1.53074419
   2.03267312  1.53932488  1.73228705  0.8898077   1.88459873  3.5197103
   2.43643522  1.17097259  1.07737613  2.32763982  1.41244984  3.53297997
   1.91985798  1.43749261  2.27583957  0.9358682   2.45034409  2.00551724
   1.53256106  1.25477779  1.59341443  1.35742855  3.50093746  1.15842617
   2.02327323  0.82367635  2.20647526  1.21988511  1.89169014  1.29018474
   1.59063911  1.28091848  3.51131415  1.60914886  3.03443098  1.15783513
   1.13258111  0.51202685  1.34753776  2.15509295  1.60311925  3.16789627
   2.00928926  2.24218178  2.80002403  1.47922194  0.98649943  1.84696925
   2.34629798  2.37946582  1.11672521  1.22541034  0.64484233  2.51222062
   1.94653809  3.14554143  2.22634912  0.74574524  1.35703719  0.60786444
   1.88579559  0.68813765  1.24279392  0.91945165  2.06734109  2.30444431
   2.52032995  1.43095469  1.49323666  0.35264328  1.40454531  0.66485667
   1.89282441  1.86151278  2.09365487  1.81882083 -0.0055675   2.02757716
   2.21707177  1.53654063  0.64254367  1.18976855  2.84919286  1.74908042
   0.65624297  0.99224865  1.12496614  0.56408215 -0.02729074  1.04649878
   1.0525136   1.06682229  1.35889232  0.42438111  1.75705194  1.53561389
   2.22676206  2.54428482  1.79733884  2.394135    1.74093378  1.23073828
   1.19848371  1.10829175  1.60150862  1.97677982  1.62775171  1.92993033
   1.06895208  0.99311155  1.02124548  2.0733335   1.70256412  1.45643365
   1.5219754   1.15779221  1.72698593  0.40531564  0.77626204  1.58555567
   1.26610565  2.11306119  1.95840299  1.61385024  1.25501692  2.99868059
   3.84374356  1.26981914  1.63052785  1.58492231  1.61740422  0.88606709
   1.86999536  3.10908937  1.90662348  1.87374759  1.25905657  1.35771382
   2.30815506  0.82017642  1.49937451  2.64737391  2.82571125  1.74521625
   3.15310693  0.82481766  2.12843657  2.23773789  0.73952627  2.16351581
   3.18271399  1.43853307  0.96753693  1.3277061   1.45965409  2.11172605
   1.4800781   1.6314795   2.47539258  1.49927914  1.29788423  1.29662359
   2.57736111  1.9324317   1.09360027  1.71654081  0.98394048  1.33241379
   0.94363374  1.51253903  1.09150708  1.19510221  1.71661603  3.23244476
   2.04678631  1.49718678  0.78082937  1.97884691  2.12872791  1.35053849
   1.53583324  1.86937881  1.70794559  1.84040427  2.09583378  1.34008193
   1.2504009   1.67364192  1.80838871  0.8898778   1.44883013  3.21914482
   1.79288828  1.98976815  1.44924068  0.73423922  0.96823889  1.30558717
   1.27499568  0.61247152  0.69491804  2.95861721  1.42569041  1.69443834
   3.12471461  2.14087701  1.05375004  1.49131477  2.12146068  1.22295284
   1.31552267  1.02123117  1.3105799   1.61591101  1.56238687  1.05310237
   2.85140228  0.76473826  1.8828038   3.5212357   1.49056911  1.81786752
   1.30114424  1.26805508  1.27477872  1.68559837  2.29622078  1.75050211
   1.6202035   0.82274425  1.7657541   1.03206909  1.25725901  2.68079185
   0.90387642  1.88740695  1.79078627  1.50702834  1.51581693  1.18043447
   2.78921008  1.59130263  0.28613871  0.96424383  0.7066493   1.57181764
   1.30582321  1.69699633  1.18875778  1.09829128  1.53168023  3.22609472
   1.44050431  2.74463367  1.61344099  1.48280692  2.04957032  0.93070644
   1.14466131  2.82478523  1.18459177  1.9741056   1.17133749  1.47720611
   2.20979834  2.73661733  1.32720792  1.90926099  0.68120539  2.47005916
   0.71644318  2.36060166  1.55320227  2.10590267  1.20322835  1.03184462
   1.6548804   1.68236756  1.86480832  1.86623085  2.57480097  1.80049288
   1.94923246  1.63494682  1.95734382  1.39076483  1.93277991  0.44926277
   1.4093163   1.50167108  1.99297094  1.00601113  2.84831285  1.22774696
   0.66349512  2.06392026  1.01984978  2.10514832  1.88073707  1.35302067
   2.03640461  2.71824813  1.91357112  1.05206537  1.84456491  1.965294
   1.3821156   0.91805255  1.20977175  1.10459256  3.08088374  1.81045055
   1.210513    2.25944209  1.42298126  1.06226695  2.6862638   1.54649556
   0.48762131  1.24487031  1.85674787  1.25364625  1.96681392  2.0434649
   1.97782075  0.94723308  2.95793056  2.1258471   1.16145575  2.32379174
   1.91810942  1.58768392  1.5876385   1.9053129   1.8605479   1.3914746
   1.60852039  0.7617929   0.78941059  1.51089537  1.94803441  2.46895123
   1.99894655  2.16144109  2.09252357  1.68947363  1.73342645  1.29501665
   1.50561059  1.15177047  1.32109678  0.8783558   1.85142708  2.11168861
   1.09397507  2.55451727  0.9730252   0.4848102   1.33081341  1.70165789
   2.1715281   2.30492806  1.58306658  0.49057069  1.80092335  2.16750479
   1.2742182   2.14825535  1.51580989  1.5464257   1.39033854  0.92460567
   1.13258195  3.23772907  1.88321698  0.81840324  2.13462496  2.33419418
   2.13611293  1.71862471  2.27409792  1.70302439  2.87786365  0.90202802
   1.89137566  2.10059237  1.21610379  1.29877603  1.79748547  3.04635644
   0.72889048  1.79363894  0.2732617   3.06971192  1.45801175  1.96320748
   1.68818676  2.21388483  2.78876901  1.67319441  1.0248729   2.33203816
   0.35123971  2.5027318   2.16107392  1.33859444  2.29552078  1.77830946
   0.77351642  1.55744898  2.09763956  1.02631903  1.5405823   1.48168623
   1.11887741  0.17825864  0.90251011  1.5977478   2.41842389  1.7476505
   2.33522034  1.38034797  2.06187797  1.67152941  1.67859149  2.45137668
   1.21940064  1.2065742   1.02904809  1.85209906  3.60581064  0.71035826
   0.71180034  2.21778655
