 1.35293174  1.59671032  1.77466333  2.3783865   1.93779707  2.51268554
   0.83516622  2.54320621  1.44220281  1.77279532  2.10947204  1.64623189
   1.2245065   0.65277994  0.03551718  1.42172325  1.84424901  0.56570441
   2.14248252  1.02439761  1.02433908  0.84408045  2.28176308  3.33200264
   2.07576609  1.16493452  3.14124346  1.33539712  1.58676088  2.0206356
   2.1134944   1.74841809  0.89715183  1.32613468  1.61753452  0.87816966
   2.36872983  2.42590594  1.3350482   0.97132188  1.14664674  1.3126241
   2.7485683   1.27617836  0.72109538  1.51790583  1.74637806  1.15140164
   1.15304995  2.55476928  1.95162404  1.03256142  0.80936688  1.66020858
   0.54133016  2.66570568  0.89605176  3.28016257  2.36011076  1.35147643
   1.55749846  2.38197637  0.95399004  0.72327703  1.04743731  1.84520364
   1.64090681  1.84945142  1.5208602   1.80223     1.96358609  1.77300012
   1.61554813  0.20141132  1.17126489  2.53082323  0.87523109  1.77225864
   1.25343716  1.62141752  1.32119179  0.88594264  2.10441518  2.88006425
   1.97236824  1.34282756  1.16936505  2.73739386  1.97571087  2.49592996
   2.30505013  1.75131249  1.92793274  1.28638995  1.83714044  2.17174435
   1.08302188  0.76551455  1.8199054   1.32556725  2.57879996  1.47191072
   1.86670351  1.77111709  2.11479855  2.62351108  2.48174381  1.29752481
   1.39256215  1.2343725   2.90519714  1.82557046  2.29358339  1.24358535
   0.83666623  1.11349213  0.71493798  1.61115122  2.18016768  1.61806297
   1.85973704  1.91304696  2.85600066  0.73262483  1.48137689  1.56502771
   2.31033754  1.84358418  1.34962535  0.96624255  0.80316037  1.51599717
   2.44567776  2.1046977   1.69445062  0.3221997   0.89737672  0.4854711
   1.95505822  1.2588861   1.86995292  1.84187138  2.0126121   2.29994392
   2.32183671  1.13424301  1.68161321  0.96900082  1.42193258  0.91527563
   0.91354984  2.08776045  0.8571111   1.59775949  0.28040254  1.8942771
   2.5075953   1.24520862  0.61383104  2.05581665  2.97681952  1.20576143
   0.3625479   1.05606484  0.92001551  0.57637787  0.51182401  0.77433062
   0.91525447  1.37729001  1.17568755  0.50334609  1.60296929  2.22662115
   1.31430423  2.48589826  1.75802398  1.96706402  1.22010696  0.96000093
   1.79367113  2.45712543  1.53024817  2.2847805   1.4269172   1.79286814
   1.20803356  1.42277002  1.12870932  2.06368423  2.56333303  1.99975646
   1.16374135  0.99012202  1.37303758  1.29789054  1.23871195  1.90606105
   1.8490603   1.9747535   1.77095139  2.37451863  0.88201976  3.12649941
   3.7088511   0.6237188   1.95700479  1.14824784  1.66384935  0.96876651
   2.08732986  2.55293608  1.59667194  1.14229763  1.9373709   2.17439461
   2.47523069  0.55276752  2.02443075  2.63545966  2.76433992  1.60349703
   2.04156375  1.44910431  1.98250675  2.30351663  1.45015144  1.94226348
   1.84497583  1.73760736  0.78694677  1.1031214   1.93485475  1.40328026
   2.18176889  0.96148306  2.26137924  1.36722672  1.16748118  0.97575033
   1.8240428   1.37686849  0.84001392  0.84762353  0.76802629  1.72296989
   1.43685603  1.12279129  0.96643573  1.22682416  1.17097712  2.37915874
   2.3435452   1.98845887  0.85224122  1.5869621   1.91301167  1.73131824
   2.41692185  2.20408726  1.51134515  1.96883917  1.86279893  1.1416198
   1.47943151  1.28543067  1.58363092  0.8733201   2.17703128  2.96536303
   1.46642947  3.12567616  1.38462996  1.22956932  1.47404516  1.34559321
   1.65465856  0.52073562  0.81475115  2.17416215  2.39288545  1.3759774
   3.25567722  2.07861614  0.71492308  1.63770795  1.67148125  1.29212391
   0.8462292   1.12872779  1.89015841  1.36455238  2.04032588  0.73892021
   0.62087679  2.30083895  1.86880779  2.28382158  1.13761592  1.96498168
   1.17714405  1.54901552  1.47979403  1.78245056  2.17881298  1.26815009
   1.46359372  0.76022589  1.71468222  1.1618067   1.25464463  2.59374952
   1.1211195   1.38094425  1.55629575  1.40910327  2.47664452  0.8998251
   1.7676326   2.73249149  0.32915676  1.02464986  0.87069362  1.01679969
   1.2165556   1.28701532  1.12981486  0.99891776  1.93192661  2.42775583
   1.2717514   2.90422988  0.74548489  1.27546     1.52331126  1.00190973
   0.41625261  1.76036656  1.07477224  1.79899645  1.41852474  1.23816991
   2.54339027  2.27540278  1.049963    2.3865397   1.51983345  2.58949137
   0.6117503   2.35973883  1.97452521  2.73918104  2.01015162  2.06348324
   2.54252768  1.05399358  1.7194829   1.84396172  1.67392588  0.91744953
   1.75349116  1.85948253  1.26033151  1.4632318   2.20431805  1.52613175
   2.35715985  0.67293191  2.05194163  1.5029999   3.05702448  1.55592167
   0.57163543  1.79376638  0.68952471  1.83045161  1.83422363  1.58723676
   1.20773172  2.17192554  1.57324827  1.03270543  1.74976289  2.6507287
   1.61591208  1.12961066  1.96709192  0.89330757  1.74657178  1.37295032
   1.30604851  2.27839112  1.38448429  1.67459178  2.17576718  0.8465932
   0.47377023  1.5774374   1.98666513  1.73767817  0.49100503  2.12915301
   1.70881248  1.44174707  2.79541969  1.69237268  1.25100422  2.84169006
   2.17349625  1.34720528  1.56805444  2.41717362  2.25075436  0.79176402
   2.42487502  1.46869349  1.28533602  2.14536262  1.90966988  2.80559731
   1.54526305  1.65323067  1.74261975  1.54020321  1.13554716  1.13605535
   2.16630054  1.93312752  1.53526831  0.37566009  1.14885879  2.78406572
   1.54098976  2.63947725  1.01113331  0.94684404  1.85981536  2.10661459
   0.86693782  2.33100963  1.36634672  0.46818173  2.11804414  2.1602788
   1.34023452  2.14120293  3.91965055  0.82760465  1.4134078   1.24121666
   1.02972412  1.45362663  1.60134828  0.99282324  1.0828619   1.9418304
   1.85105932  1.01455855  2.00489902  1.54968286  2.13999295  0.66768539
   1.65343463  1.66237867  0.87981075  1.68457174  1.35459268  2.49256945
   0.6842888   1.47616541  0.87297004  3.1338644   0.97554207  1.46343482
   1.94968104  2.2011025   2.02666712  1.03791356  0.74732041  2.62040949
   0.36279818  2.0526464   2.233181    1.920627    2.70303226  0.57917321
   1.24352634  1.58832324  1.41432428  1.14883316  1.86442482  0.8442719
   1.36891615  0.31162566  1.38904238  1.70998561  2.21648598  1.41351175
   2.75556731  1.08248615  1.54181826  1.42391276  1.75057733  2.5538919
   1.62358141  2.13028145  0.71839923  1.78764343  3.2220335   0.70687431
   0.88563031  1.40149438
