 2.10199952  1.07358909  2.33578014  2.28803158  1.5276432   2.50690055
   1.43944466  2.56562734  1.089468    1.72156787  2.51367164  1.25121593
   1.39462686 -0.05353646  0.69283783  1.33619118  1.66293287  0.32927164
   2.16174459  0.98790127  1.53762317  0.5503996   2.23961854  4.72837973
   2.76742983  1.24998546  1.84336376  1.76439631  1.72315776  2.09215212
   2.24148202  1.4408921   1.41582489  0.6311726   1.79858375  2.7501266
   1.81370854  3.5930388   1.41148448  1.99918199  1.69923306  0.87703305
   2.86165333  0.75935036  0.97146362  1.7665683   1.93794596  0.41384271
   2.33154893  1.78112185  2.19975185  3.0166266   1.23022234  2.26624894
   0.84659857  1.67626488  1.39222097  3.65336394  1.78968859  1.51126015
   0.91285008  2.94833636  1.28493059  0.79205304  1.54940367  2.05208564
   1.58066201  1.81034994  1.44221556  2.07942319  1.91956162  1.40234077
   0.58827806  0.69773883  1.0355649   0.73025149  1.77175653  1.75018287
   1.37009108  1.3117528   1.83014572  0.88990468  1.38415134  3.37343431
   2.70238447  2.1547935   0.64491659  1.68314433  1.55596578  2.65789509
   3.50213003  1.9755429   3.51703358  0.45774046  2.06813097  2.22156501
   1.40058434  1.30862749  1.5896548   2.28850293  2.15254593  1.18839502
   0.70371079  1.91714799  1.35994363  2.07296109  1.29419076  1.39605784
   1.46135914  3.13511729  3.0326643   3.04846883  3.39536428  0.8440845
   0.75769132  1.60944104  1.66069388  2.91497183  1.39480555  1.54416621
   1.71564949  2.67361712  2.17320299  0.67331088  3.34041166  0.98022997
   2.01677704  2.79828477  1.47919917  0.90283477  0.65054935  1.34892559
   3.0854938   1.4864049   2.028368    0.92493993  1.10451329  2.02000999
   2.32884479  2.06682134  0.8706013   2.32670379  2.61493659  2.3828032
   2.75168657  1.06834674  2.83985496  0.87438595  1.76736605  1.20766973
   0.59479988  2.27205229  2.51827192  2.2441833   1.22301424  1.29732478
   1.8881669   1.91811919  0.64441925  2.43141127  3.49615955  1.93831503
   0.62268174  1.37167573  1.5916847   1.31147778  0.61435837  1.73173058
   0.95057923  1.18174326  0.62723261  1.44758141  1.88218141  1.94550943
   2.97444248  1.62234592  1.6481061   2.60090566  1.66086018  0.69732469
   2.64987397  2.02148533  2.48984313  1.67862034  1.63269293  2.23573875
   1.06976295  2.2341516   0.696787    2.18386436  2.59599495  1.47132492
   2.12891078  0.50657403  1.39850366  0.76733619  0.14496116  2.08680248
   1.05781937  1.41313064  2.33115029  2.45674539  0.6066168   2.43008542
   5.29750681  1.5715332   1.21172237  1.19387937  1.55591607  1.55994296
   2.47220087  3.20399165  1.38790643  2.58225012  1.51935971  1.46137369
   2.00153923  0.43932787  0.66462231  2.74289536  1.59242702  1.81771445
   3.38119769  0.37274948  2.35669971  2.35137868  1.40590537  2.26080751
   1.9882468   1.89110327  0.69972205  1.52522922  1.59135628  1.80907428
   2.00064158  2.66661358  1.93962812  1.72235286  0.88148838  2.29776144
   2.45731759  1.1137929   1.19993567  2.14991617  1.57715464  2.41057825
   3.42910671  0.82277954  2.11802745  0.61575097  2.06786227  2.36142516
   2.53694344  1.67731488  1.34048128  1.41344762  1.02670908  1.31260276
   2.22989869  2.22448182  1.78060818  2.18438673  1.43000269  1.6447264
   1.94868159  1.58577967  1.19059813  1.47844851  2.03966546  3.45427012
   2.12369394  3.84591031  2.16438961  0.80892545  1.8712616   1.32456207
   2.03825593  2.64092135  0.69896919  1.74440944  2.89949512  1.50316858
   2.24344826  1.52031851  2.47872233  1.77306688  1.72802806  1.80771542
   1.83357334  1.56357682  0.3506591   2.0600915   2.43329573  0.92901069
   0.9433158   3.59600496  2.55618072  4.03915548  0.75081909  2.35030437
   1.80911732  1.31766176  1.1440599   1.59144187  2.10945129  0.89555109
   0.8951751   0.52982289  2.17333317  2.63979983  1.9521023   2.63014483
   0.2791242   2.09670401  1.71931469  2.06184411  1.57286894  1.65293968
   2.24838471  2.6424737   1.69900167  1.00797975  0.97718334  2.75351357
   1.33301997  1.70070469  0.98909074  0.94890136  2.08887362  2.10172129
   0.97176468  2.47918296  0.50989634  1.82346165  2.08381748  1.37655783
   1.26513553  1.87087727  0.67932111  1.97923696  1.11772442  1.86780715
   1.97337604  1.8548404   1.57960176  2.595608    1.55639815  2.42770004
   1.19611049  2.36347008  1.42235208  1.45270431  2.78564477  2.75923514
   0.83923638  0.61744171  2.89167976  2.07209134  1.89259899  2.09532785
   1.92160165  1.58834147  1.72575819  2.39119577  2.33540726  1.53654575
   2.27154446  2.60141802  2.19462872  1.79026449  2.79843402  1.89447713
   0.56070799  2.06706858  0.97662121  1.90893674  1.61892712  1.84762907
   1.98695171  1.82009649  2.00988793  1.18613315  2.6711843   1.88318861
   1.02312589  1.03097486  1.60923731  1.31013715  2.04681039  2.26222992
   1.89285362  2.3461771   1.90729856  1.55939841  2.13935876  1.94596028
   1.29094863  1.37200701  2.18040299  2.01527166  1.97302914  1.54461813
   1.59735799  1.38096511  3.75433207  1.9005996   1.17449605  3.01765513
   2.04573822  0.79718268  2.49579668  2.99273014  1.87265158  0.91562885
   1.31271732  1.748402    1.85194612  1.46403158  1.86455894  3.39554381
   1.22482181  1.1808722   1.37895381  1.91270149  1.40160143  0.76629961
   1.97598445  1.0456531   1.53986907  1.06884289  0.9157027   1.65436673
   2.89374161  2.73369551  1.15080059  1.14473414  2.20266986  3.74928355
   1.55858123  2.217314    2.04404402  1.52019012  1.921435    2.33380365
   1.57379782  2.61484098  2.16465807  1.49628258  1.81234765  1.31954241
   2.26395082  1.04910803  1.52123153  1.09735632  2.24625778  2.99223208
   2.11230445  1.32473075  2.22419643  0.97447085  1.88101268  0.57651407
   2.45278931  1.85650671  0.70303124  1.12022018  1.8542558   1.49230468
   1.38097215  1.37284839  1.273669    3.0009408   1.26599205  1.84315562
   2.0020411   1.89688873  1.0733701   0.47820872  0.99944782  2.26134396
   1.07598424  2.97460985  1.93633699  2.37990713  2.63874602  0.91231817
   1.75856555  1.58755147  1.61258662  1.46059263  1.49890602  1.45570207
   1.61310196  0.72569591  1.15661001  1.54967892  3.40971279  2.05457544
   2.77292275  1.85234916  2.31446147  1.69761467  3.04604983  2.55844069
   0.69985712  2.36492944  0.97845531  2.72277784  2.85988975  0.53537941
   0.47113732  1.2152431 
