 2.61267209  1.49939322  2.12896848  1.8947289   1.6103431   1.5660193
   2.60555816  1.72437739  1.50194228  3.13016295  2.10313964  1.88253403
   1.63365543  0.88132906  1.50911915  0.5298897   1.46176791  0.53160453
   1.60540104  0.90268916  0.93805557  0.74674499  1.38942158  3.53019094
   1.24852479  0.913405    1.96680176  2.53477287  1.14455187  1.57251263
   1.78477073  2.80398059  1.28288317  0.8660025   0.33410236  2.02644539
   3.89318538  1.2029475   1.46746457  1.2814368   2.35497236  0.90710205
   1.44825518  0.59363359  0.71694809  1.46084392  2.25514722  0.98909146
   1.4916718   2.22542214  1.69366837  3.38664269  1.35877419  2.73892045
   1.46277022  1.00665009  1.86723423  1.00502682  2.98423719  1.83707476
   2.57669115  4.47948551  1.22143292  1.03760409  2.67489457  1.211573
   1.3452996   1.3456856   0.9183045   2.3096869   2.57521868  2.97664189
   0.73545855  0.99691254  1.5020808   1.04828656  1.26739299  1.3845216
   1.59395635  1.67234087  2.70348144  0.89344049  1.52334285  2.75269794
   2.24880052  2.92725182  1.36926174  3.50092363  1.52222884  2.58392954
   2.69101501  1.22642815  1.29239476  0.4796921   2.62009072  1.1338706
   1.39437914  0.9902097   2.43878961  0.62046564  2.31447291  1.41159344
   2.01761222  2.16390204  1.63957143  1.53005075  1.24624348  1.3387866
   1.22716057  2.69753742  2.28015566  1.35939288  2.91885328  1.50743282
   1.3395046   0.74556166  1.90291452  1.65222931  2.20774674  1.40405178
   1.19876087  1.16418481  1.04049253  1.16998661  1.45797074  2.03955317
   2.22482538  2.65886426  0.74831825  0.86455989  0.53349739  2.08979034
   2.55424643  1.33205271  2.332412    1.65469956  0.33312157  1.13465059
   2.13449478  1.2427423   1.35564208  1.66724384  3.15273643  2.94785404
   2.43317175  1.1130569   1.87135172  1.37275481  2.89761662  1.29342854
   2.80521274  2.08628035  1.87801623  1.35879147  1.03154457  1.91987932
   1.33891094  1.37636077  1.20441365  2.4618187   2.41827989  1.6817733
   0.24081115  1.31506467  1.78938842  0.58739513  1.47926366  2.12584162
   2.7401135   0.96643698  0.67166865  1.55760705  2.02793646  2.04646111
   1.4086889   1.86865079  1.13813186  1.57511973  1.6340996   1.34026861
   2.9144671   1.36894381  2.85402393  1.27814054  1.89918494  1.62551188
   2.5203197   1.06621969  1.45401049  1.6070174   2.50134969  1.56832087
   1.9666487   0.72296107  2.05614066  1.13371098  2.7893877   2.1247766
   0.92273611  1.23225284  1.75752962  2.30364871  0.79099649  2.06802869
   6.14795732  1.97861588  0.88862348  1.26007569  1.29425049  2.26524401
   1.05691278  2.01563907  1.67055273  2.11344481  1.40561008  1.6224767
   1.37316597  0.72548479  2.47840333  2.80004859  1.54262543  2.04497647
   2.742661    1.15933084  3.89287829  1.88133478  0.85290861  1.94607544
   2.72938228  1.59638095  1.12166154  3.54212165  1.77632201  1.07462096
   1.13485217  2.32862043  2.92226005  1.4188689   0.64661413  1.69569862
   2.21629572  1.57426512  0.98545301  1.35310411  1.02410293  2.06673479
   1.19320369  0.84767246  0.9738096   0.74729723  1.1001265   2.68452525
   2.18432999  1.88335562  2.79771757  2.1437552   1.97522914  2.21155405
   2.85883594  1.93613422  3.05335999  2.4250052   1.34380448  0.9843089
   2.36235166  1.34685421  1.1646862   1.81559384  0.77522933  1.86071944
   2.05448723  1.44704652  1.43911994  0.91231465  3.12140918  0.91293013
   1.21479023  0.99205315  0.85513622  2.2763443   1.36880791  1.68824589
   3.36825228  1.25788927  2.47008634  0.9376685   2.006001    0.70447016
   3.28856921  0.73990351  0.27857175  1.11965024  1.18505681  1.67735636
   2.118783    2.16834807  2.16161442  2.56870937  1.13817954  1.68528438
   0.6248737   1.83970034  1.4063133   1.86099207  3.02928042  1.05051267
   1.0393244   0.71847326  2.0494895   3.01135445  2.14938617  2.03677487
   1.62716317  1.50382447  2.02852726  3.28627825  1.709705    1.98222959
   1.89701402  0.67540115  2.16592526  0.9064526   1.26116514  1.5773232
   1.12057734  2.95917177  0.67651922  0.70793915  1.73528886  1.92483342
   3.09253621  1.7372725   0.30769271  1.73888826  1.33262932  1.54093671
   1.49540854  2.65739655  0.5027321   1.13060141  1.12047553  2.48036218
   1.7651664   1.24881732  1.61257386  1.4527632   1.50266242  0.97998154
   2.96411347  1.80562913  0.62833637  1.58277452  1.76680648  2.18663859
   2.06450438  0.53211808  1.00906658  2.04217649  1.59490991  1.47067153
   2.07693195  1.48538947  1.77183449  1.43730581  1.93888879  0.67775172
   2.19047093  2.33014655  2.42722368  0.9129613   2.56760645  1.30538225
   0.48427367  5.43532801  0.82852602  2.37968135  2.97197747  1.18969357
   1.68998671  5.5413847   2.04571748  1.17794085  1.7812742   2.28772211
   1.4556334   0.80965286  1.21133697  1.11052382  3.17211819  1.99403977
   1.47821212  1.6458776   2.01448441  1.68442428  2.60009027  2.15447783
  -0.05845154  0.99826944  2.42560172  1.78325176  2.33740783  1.45247161
   1.82654893  0.61758387  2.92412663  2.06253195  2.29335141  1.76152265
   2.45976543  2.00807142  1.38843727  2.37128973  2.15272665  2.42309976
   1.63370931  1.8301158   1.33083975  1.59672558  2.06877637  1.68422282
   1.18096435  1.67578542  3.758564    1.17236769  1.59879398  1.00132012
   2.28250933  1.28642929  1.50646436  1.19373655  2.82294559  1.78098512
   2.32929635  2.59200859  1.55210495  1.05228841  2.42203259  4.24713278
   2.83913445  2.89638591  2.08686614  1.0824095   2.83706951  2.59221625
   1.22922659  1.52855206  1.14200866  1.68887997  1.49597573  0.67167914
   0.91597277  1.47446024  1.79712903  1.02594268  2.66707778  2.47274971
   2.01961112  1.19597208  2.74923968  0.3023147   0.95034343  0.52903259
   2.21617246  1.59259009  2.75186634  1.07073259  1.06183028  0.79523808
   1.60491502  1.1452682   0.67128855  2.13623762  1.16568172  2.55919361
   1.42410314  1.69455624  1.14990914  1.15843558  0.77611148  3.18198228
   1.85438788  3.16397834  1.951491    1.56453502  1.66093075  1.85186338
   1.57509184  2.09838247  1.7391839   0.56039304  1.28409529  1.10791123
   1.45254314  1.4414618   1.13860786  1.65598047  2.58982539  2.13003802
   1.70588613  1.06353748  1.68522155  1.35726845  1.91140521  3.59609556
   1.65078771  1.48111677  1.39673233  0.99675673  1.73995662  0.53230453
   0.62822568  0.93944514
