  1.37612164e+00   9.83333468e-01   1.54273939e+00   1.50924039e+00
    2.34441805e+00   1.57304037e+00   1.00043702e+00   1.02536297e+00
    1.31002951e+00   8.30459058e-01   1.52494121e+00   1.90021026e+00
    8.46148252e-01   9.07875180e-01   1.26324081e+00   1.20150065e+00
    1.65877175e+00   4.15619850e-01   2.57204890e+00   7.95254052e-01
    8.07451844e-01   8.41119647e-01   1.22449291e+00   1.83723247e+00
    1.14968765e+00   1.08762097e+00   2.21560431e+00   1.41894174e+00
    1.48781729e+00   7.38715708e-01   1.42565620e+00   1.63039851e+00
    8.37799668e-01   1.56932425e+00   1.07463038e+00   1.88312340e+00
    2.23072076e+00   1.68443429e+00   1.42227101e+00   2.17337155e+00
    9.30986702e-01   4.63185638e-01   1.50605309e+00   1.30483413e+00
    1.14736831e+00   1.09101188e+00   1.73853493e+00   9.22162235e-01
    1.34089148e+00   2.23733163e+00   1.41168523e+00   1.10890710e+00
    1.21225011e+00   2.54171777e+00   1.01649129e+00   8.82023990e-01
    6.92366123e-01   1.63652301e+00   1.08928120e+00   1.79058266e+00
    1.79570246e+00   2.61577630e+00   8.66683125e-01   8.89349639e-01
    1.53504384e+00   9.50655639e-01   1.11086965e+00   1.37120581e+00
    1.41088617e+00   5.92722416e-01   2.15726495e+00   1.68988299e+00
    9.21931982e-01   1.23301268e+00   7.90288270e-01   1.64613104e+00
    4.33433145e-01   1.17224252e+00   2.11634293e-01   7.07986355e-01
    1.28309369e+00   1.28848791e+00   8.69270980e-01   1.99575615e+00
    9.95862186e-01   2.56497860e+00   8.20522070e-01   1.80902696e+00
    1.18386841e+00   2.01086903e+00   2.02370548e+00   1.51701474e+00
    1.56568873e+00   6.28250718e-01   1.17556489e+00   1.79765368e+00
    1.09734297e+00   7.17149675e-01   9.04450595e-01   2.53195548e+00
    2.51366758e+00   9.70122635e-01   6.85907304e-01   1.90056920e+00
    2.38094926e+00   1.97911215e+00   1.40664411e+00   1.94678867e+00
    5.20221591e-01   2.36419129e+00   2.12242484e+00   1.42096257e+00
    1.80840230e+00   1.25034857e+00   1.98165908e-01   1.11928487e+00
    1.87554383e+00   1.85032773e+00   1.88411438e+00   1.38814771e+00
    6.98303282e-01   1.03143108e+00   1.48812222e+00   1.41742980e+00
    4.78156328e-01   1.03709710e+00   1.91244686e+00   1.81371403e+00
    9.48926449e-01   9.95793819e-01   7.05334306e-01   2.32773256e+00
    1.18064022e+00   2.37892699e+00   1.81136417e+00   2.10002720e-01
    4.98470902e-01   6.58321023e-01   1.24939871e+00   9.70755517e-01
    1.68127334e+00   1.56685865e+00   2.67942429e+00   9.31940079e-01
    1.37024057e+00   6.48071289e-01   7.89632320e-01   4.34769601e-01
    3.63496733e+00   1.00554454e+00   6.25189662e-01   1.36260533e+00
    1.18125558e+00   1.11919892e+00   1.22780311e+00   1.02875161e+00
    1.49689901e+00   1.16848969e+00   6.47687972e-01   2.09942722e+00
    2.11342835e+00   1.54705679e+00   6.55100524e-01   9.13978457e-01
    1.39826536e+00   1.12946510e+00   9.96429563e-01   8.88535917e-01
    1.53811717e+00   9.16605055e-01   5.73279142e-01   1.33418989e+00
    1.38417888e+00   1.60435486e+00   2.63020754e+00   2.53512573e+00
    1.02928197e+00   1.53882802e+00   2.69203305e+00   7.95236647e-01
    1.58001387e+00   2.20903301e+00   1.01620650e+00   1.90066111e+00
    1.04811025e+00   1.21550930e+00   1.17077839e+00   1.50664163e+00
    4.96783942e-01   1.05321419e+00   2.05871940e-01   1.84162748e+00
    1.50359213e+00   5.70311606e-01   1.76944578e+00   1.21168375e+00
    1.32247794e+00   2.58852553e+00   1.01374805e+00   9.44757402e-01
    3.13593197e+00   1.73797381e+00   6.73135221e-01   2.04035234e+00
    3.72424603e+00   1.14637864e+00   1.19191825e+00   2.16973543e+00
    1.57194412e+00   5.96271515e-01   1.28626871e+00   1.73422146e+00
    1.28225005e+00   8.19884837e-01   1.74194551e+00   2.10596251e+00
    1.44447029e+00   6.35740697e-01   3.13872516e-01   2.23596835e+00
    2.47070646e+00   1.33748150e+00   2.56978798e+00   1.40678668e+00
    2.33731508e+00   1.79443836e+00   2.38558173e+00   8.65269661e-01
    1.50506330e+00   2.22624421e+00  -8.95851117e-04   8.98678601e-01
    1.66026640e+00   1.66883266e+00   3.41058612e+00   1.57410228e+00
    1.47273242e+00   8.78001094e-01   1.22865403e+00   1.07031333e+00
    2.74251962e+00   1.16729927e+00   1.39261222e+00   1.30762279e+00
    9.15486455e-01   1.83925116e+00   1.21017325e+00   1.06696880e+00
    7.39137769e-01   6.07875943e-01   7.80181646e-01   2.16083074e+00
    1.95519066e+00   1.51522601e+00   2.18388751e-01   1.13488793e+00
    3.19845200e+00   8.63475561e-01   1.47224462e+00   1.07689404e+00
    1.46387732e+00   9.24251676e-01   1.92087090e+00   2.00847006e+00
    1.21498728e+00   1.47774720e+00   1.43537807e+00   7.48833001e-01
    1.58165503e+00   3.00384855e+00   1.14685237e+00   2.23749185e+00
    1.24256897e+00   1.18671334e+00   2.00112152e+00   1.06083858e+00
    1.97882557e+00   8.05476844e-01   9.13970470e-01   1.84092414e+00
    2.35631728e+00   1.48796952e+00   3.75581002e+00   8.43880892e-01
    1.57423544e+00   8.89523625e-01   1.73782301e+00   3.13580900e-01
    1.48765135e+00   6.03822768e-01   5.11798918e-01   1.00964320e+00
    1.77554393e+00   3.42422664e-01   5.51650286e-01   2.46060944e+00
    1.26165664e+00   3.16068029e+00   7.95728743e-01   1.24320531e+00
    9.70935225e-01   1.69666469e+00   1.34961390e+00   1.58446634e+00
    1.99473143e+00   1.07906258e+00   1.02034438e+00   6.03415132e-01
    2.16703534e+00   3.04869843e+00   1.58829141e+00   1.40046680e+00
    8.07109892e-01   1.32571363e+00   2.22782183e+00   2.53275943e+00
    1.51424015e+00   2.94051349e-01   1.56479335e+00   1.65838444e+00
    1.51634204e+00   1.47781014e+00   1.15661561e+00   1.53896081e+00
    1.11695027e+00   2.89662623e+00   8.52751970e-01   9.55902755e-01
    1.89225268e+00   1.34086239e+00   1.29534066e+00   3.23994970e+00
    4.44315076e-01   1.73735666e+00   1.07442319e+00   7.08997428e-01
    1.23971081e+00   9.00792420e-01   1.35768139e+00   1.19555581e+00
    1.50254369e+00   1.09273732e+00   9.39350843e-01   9.90487397e-01
    1.82343411e+00   6.35320008e-01   2.02858305e+00   2.37372661e+00
    1.54816628e+00   1.30211532e+00   1.70651615e+00   4.36236763e+00
    1.62460804e+00   2.18463135e+00   2.65229487e+00   5.32272279e-01
    2.23476434e+00   1.08322275e+00   1.15818620e+00   2.05896497e+00
    1.10146034e+00   1.32352579e+00   9.43372369e-01   9.69358027e-01
    1.46908629e+00   7.72362947e-01   1.92894804e+00   9.73859787e-01
    2.04135513e+00   9.72460270e-01   1.50748122e+00   1.16746366e+00
    2.88071424e-01   2.98610520e+00   4.10668343e-01   2.47935343e+00
    1.64118946e+00   1.54307413e+00   2.94252729e+00   2.80454803e+00
    6.50939047e-01   7.95769870e-01   1.33496368e+00   2.54858589e+00
    7.39117920e-01   7.97097087e-01   1.28995371e+00   1.06062293e+00
    1.08997774e+00   1.26372480e+00   1.42048538e+00   1.57259953e+00
    6.89829528e-01   1.82902026e+00   1.03074455e+00   1.96856356e+00
   -4.79528634e-03   8.00268292e-01   1.63301659e+00   6.50089324e-01
    1.48292077e+00   3.13336062e+00   1.82690167e+00   1.10213196e+00
    1.19441688e+00   2.75512934e+00   1.45833576e+00   2.37669301e+00
    1.59830987e+00   1.23218942e+00   8.77310932e-01   2.35801768e+00
    1.52435696e+00   1.34929848e+00   1.31274438e+00   1.23954129e+00
    1.88544154e+00   1.07609713e+00   1.59224343e+00   1.44604528e+00
    1.59804249e+00   1.49139476e+00   9.98763740e-01   1.03448725e+00
    1.14905596e+00   8.80218327e-01   1.62549472e+00   1.01927423e+00
    1.42472613e+00   6.63759589e-01   1.63188899e+00   2.55566001e+00
    1.00629556e+00   1.29072273e+00   2.05871558e+00   1.24236977e+00
    1.01265824e+00   3.45439339e+00   1.66209280e+00   2.09954739e+00
    1.67657697e+00   1.07348251e+00   3.96334195e+00   1.52718127e+00
    1.44457018e+00   1.22040522e+00   2.78653979e+00   1.62335384e+00
    1.95295095e+00   1.48342371e+00   9.54030395e-01   2.03800344e+00
    1.73591959e+00   1.37147820e+00   7.13691771e-01   1.99163604e+00
    6.77325904e-01   8.95368695e-01   3.44920611e+00   1.40146434e+00
    1.54526365e+00   7.65841722e-01   2.32008934e+00   1.40993202e+00
    7.58945644e-01   1.34162283e+00   2.06702328e+00   1.30663490e+00
    6.22040689e-01   1.00753903e+00   7.84522951e-01   1.97183812e+00
    1.36196077e+00   1.12954962e+00   1.55753946e+00   1.73834431e+00
    1.59807289e+00   1.10344720e+00   1.62502670e+00   3.77927184e+00
    4.97686535e-01   2.24121046e+00   1.47578609e+00   1.49373829e+00
    2.24448586e+00   2.32191992e+00   1.42678368e+00   2.53297210e+00
    1.75189793e+00   9.97573674e-01   1.70708096e+00   1.53074574e+00
    1.91296208e+00  -2.18309704e-02   1.44493675e+00   8.86409223e-01
    1.92400587e+00   1.65914321e+00   1.05023038e+00   1.52203774e+00
    2.41491652e+00   5.45711100e-01   1.25838673e+00   2.86288214e+00
    1.47027183e+00   1.83157933e+00   2.02998209e+00   1.97927761e+00
    1.94204628e+00   8.77307236e-01   7.74793446e-01   1.36509275e+00
