  1.72718799e+00   1.35309136e+00   1.98872399e+00   2.59397531e+00
    2.92725420e+00   2.51359057e+00   9.11468327e-01   1.81917953e+00
    1.58963251e+00   7.47533321e-01   1.51021385e+00   8.70970428e-01
    1.26317704e+00  -7.32204062e-04   3.56558990e+00   1.19550908e+00
    2.13126230e+00   1.05513453e+00   1.04588342e+00   8.74572277e-01
    1.43964481e+00   9.08702195e-01   1.65122616e+00   1.73114169e+00
    1.59791327e+00   1.10092556e+00   6.56523645e-01   2.51398206e+00
    7.44840682e-01   4.29337859e-01   1.18599057e+00   1.62998092e+00
    1.44924414e+00   1.44882345e+00   1.31700051e+00   1.39392352e+00
    2.67338753e+00   1.79662549e+00   7.47831941e-01   8.90319645e-01
    1.50753319e+00   1.07394300e-01   2.74684000e+00   1.22820520e+00
    9.39124942e-01   1.02278936e+00   1.71658313e+00   1.09286714e+00
    1.27985895e+00   1.52509177e+00   1.59227419e+00   2.37065935e+00
    4.23467368e-01   1.48592877e+00   9.93501425e-01   1.91637206e+00
    9.57664430e-01   3.18517542e+00   2.49659252e+00   1.12423670e+00
    1.13292813e+00   3.52260423e+00   1.22495329e+00   1.16097486e+00
    1.11102355e+00   1.87810135e+00   1.10988569e+00   2.14306855e+00
    2.20190382e+00   1.65351260e+00   1.56933272e+00   2.18633509e+00
    4.98581976e-01   1.31247997e+00   1.35056305e+00   8.76299918e-01
    1.74507010e+00   2.16727996e+00   1.66769385e+00   1.24298239e+00
    1.68857408e+00   1.64610529e+00   1.10210347e+00   2.13191247e+00
    2.02077651e+00   1.00274599e+00   1.01958275e+00   2.07383919e+00
    1.40492344e+00   7.63890326e-01   1.59528232e+00   1.82629335e+00
    2.46851850e+00   9.27435875e-01   1.21910715e+00   2.52773643e+00
    1.10590768e+00   6.02965653e-01   1.10839236e+00   7.72587299e-01
    2.87217021e+00   1.00058615e+00   3.06708604e-01   1.69165039e+00
    1.24275410e+00   2.59776187e+00   1.02439761e+00   1.39233589e+00
    1.61927414e+00   8.78432274e-01   2.51509261e+00   1.82630098e+00
    2.59194422e+00   1.05030620e+00   5.51573694e-01   8.08400333e-01
    9.83006060e-01   2.26070452e+00   1.57683063e+00   3.43455076e+00
    1.68390930e+00   2.46008873e+00   1.62773919e+00   1.23520601e+00
    1.67230785e+00   1.59425962e+00   2.70429754e+00   1.72265518e+00
    1.20860970e+00   1.02729368e+00   1.09106851e+00   1.10873044e+00
    1.15273035e+00   9.84671474e-01   1.75819755e+00   7.71570921e-01
    1.23532879e+00   3.95400882e-01   1.35074723e+00   1.26132178e+00
    1.47685802e+00   1.98352575e+00   3.09075522e+00   1.18250418e+00
    2.81842160e+00   6.90454781e-01   7.45124161e-01   9.66905236e-01
    2.17286825e+00   7.93269515e-01   1.36162329e+00   2.22956419e+00
    2.86826301e+00   1.41911554e+00   1.39873505e+00   1.73427439e+00
    2.24340653e+00   1.60896659e+00   6.77441478e-01   1.16500735e+00
    2.73173189e+00   1.29420900e+00   1.11746585e+00   1.49676466e+00
    2.29767275e+00   5.03583848e-01   3.31335872e-01   1.08448172e+00
    1.43121123e+00   1.03175902e+00   1.08156586e+00   1.51354098e+00
    9.03233051e-01   1.35977554e+00   9.62573409e-01   2.64284873e+00
    1.83578718e+00   1.84393322e+00   1.64119768e+00   1.51607895e+00
    1.70580339e+00   2.88009787e+00   2.10916853e+00   1.89391029e+00
    1.48477876e+00   2.68546081e+00   1.28122973e+00   1.14551520e+00
    7.31548905e-01   1.01350367e+00   1.64520550e+00   2.16584516e+00
    3.13688755e-01   8.62631559e-01   1.92516100e+00   7.11746037e-01
    2.80427241e+00   1.46553826e+00   8.84358406e-01   1.52180648e+00
    1.27688992e+00   3.47521162e+00   1.02683210e+00   4.45045263e-01
    4.46948242e+00   3.33530712e+00   1.33041835e+00   2.26904869e+00
    2.06566691e+00   4.25249958e+00   2.29034925e+00   1.76585364e+00
    1.98061168e+00   2.30211997e+00   1.30095994e+00   1.71659076e+00
    1.62409091e+00   6.81708574e-01   1.54026437e+00   1.91900527e+00
    1.32394254e+00   1.09075308e+00   3.46712112e+00   1.70458746e+00
    2.58857608e+00   2.43414092e+00   1.78058493e+00   1.31426704e+00
    2.00018573e+00   1.85361993e+00   1.17545211e+00   4.18039846e+00
    1.48509371e+00   1.51660824e+00   1.48240364e+00   1.39869618e+00
    2.00681496e+00   1.20712245e+00   1.10992503e+00   1.58810067e+00
    1.43342435e+00   1.67438054e+00   1.21770751e+00   1.49441481e+00
    6.52859688e-01   1.59641290e+00   2.89998651e+00   1.33565342e+00
    1.00048316e+00   7.80323803e-01   1.14114869e+00   1.55942547e+00
    2.82651258e+00   7.51940012e-01   4.80296552e-01   2.50724268e+00
    1.80551600e+00   1.14139521e+00   2.87284780e+00   3.79582316e-01
    2.51582527e+00   1.49909306e+00   1.89567304e+00   1.76351058e+00
    2.20079851e+00   9.22497630e-01   2.45383072e+00   1.59798527e+00
    8.35535645e-01   3.20987797e+00   1.59927642e+00   1.37752593e+00
    2.28937459e+00   9.05103922e-01   1.67431235e+00   1.36970913e+00
    2.03001237e+00   2.55061722e+00   1.22498703e+00   1.57647181e+00
    1.01692808e+00   1.53430355e+00   2.00404191e+00   1.42394793e+00
    1.23945510e+00   1.42060792e+00   1.80398417e+00   6.27758205e-01
    1.78232777e+00   6.08008027e-01   3.71402919e-01   1.32589805e+00
    2.57775998e+00   1.60878444e+00   1.69991052e+00   4.26296854e+00
    1.84566784e+00   2.43168092e+00   6.71503365e-01   1.00515819e+00
    4.92355824e-01   1.07506740e+00   2.13045406e+00   1.78369939e+00
    1.53047204e+00   1.19019127e+00   1.23411620e+00   9.23453033e-01
    1.52989662e+00   2.14823008e+00   2.94972706e+00   1.18168724e+00
    1.09649308e-01   1.38601565e+00   1.30274439e+00   2.24657059e+00
    1.39638066e+00   4.79425907e-01   2.25677323e+00   1.21397650e+00
    1.28069770e+00   1.34062195e+00   9.05536950e-01   1.95135462e+00
    7.22373962e-01   2.01358342e+00   1.11811066e+00   8.96246195e-01
    1.83443928e+00   2.00878596e+00   9.15475547e-01   2.99817252e+00
    4.84183252e-01   1.59375632e+00   1.28442681e+00   9.06631827e-01
    1.57712877e+00   1.71451557e+00   1.72969913e+00   1.29737401e+00
    1.11327279e+00   1.05198061e+00   1.52695274e+00   1.05404377e+00
    1.17084265e+00   1.36710072e+00   5.26285708e-01   1.38426423e+00
    1.49777687e+00   1.57223821e+00   5.77773273e-01   1.31587970e+00
    1.41548264e+00   1.37973833e+00   2.13170457e+00   8.18113804e-01
    1.55192173e+00   1.97910166e+00   2.35095787e+00   2.71419406e+00
    2.28241277e+00   1.19467199e+00   7.26965189e-01   1.05292904e+00
    1.22534478e+00   1.24949992e+00   1.66484857e+00   2.76782489e+00
    1.53889418e+00   2.70514894e+00   2.51625848e+00   1.43156457e+00
    5.67533553e-01   3.60303903e+00   9.46293831e-01   1.50994921e+00
    1.26068401e+00   1.56975281e+00   1.74340320e+00   2.35871172e+00
    9.64535892e-01   1.21491003e+00   1.64575624e+00   2.04996753e+00
    8.88812065e-01   1.47691143e+00   1.20499384e+00   1.09613073e+00
    3.40140772e+00   1.07592082e+00   1.66690612e+00   1.55462742e+00
    1.51375353e+00   1.34839880e+00   1.02880561e+00   8.77517104e-01
    6.41916513e-01   9.92186666e-01   7.63893902e-01   2.07450867e+00
    1.64470947e+00   1.31657290e+00   1.01206386e+00   1.34536493e+00
    2.54416585e+00   2.02630424e+00   2.17147827e+00   1.97815084e+00
    1.37140846e+00   7.30329812e-01   1.85169888e+00   2.14782333e+00
    2.41378999e+00   1.95068073e+00   1.38696659e+00   1.66741896e+00
    1.31245792e+00   1.20357609e+00   1.92436671e+00   1.91625249e+00
    1.90408361e+00   1.05755496e+00   2.41327620e+00   1.24707913e+00
    1.29782414e+00   1.43270493e+00   2.03712296e+00   1.35529447e+00
    8.50908756e-01   6.87539279e-01   1.49872601e+00   2.30221844e+00
    7.43146181e-01   1.89465642e+00   1.34971237e+00   1.44845843e+00
    2.50909448e+00   2.91050529e+00   4.86380243e+00   1.91360641e+00
    2.28203678e+00   7.43121326e-01   2.14886975e+00   1.61232567e+00
    1.21439135e+00   2.14822221e+00   1.42411780e+00   1.60312164e+00
    9.43788409e-01   1.15978050e+00   1.52372956e+00   9.12491679e-01
    6.10560238e-01   6.99760675e-01   2.36552405e+00   1.91190565e+00
    9.87938762e-01   1.12609053e+00   2.05807686e+00   1.64572763e+00
    1.19716930e+00   1.07083547e+00   1.70685267e+00   1.82153046e+00
    3.03928685e+00   1.62250948e+00   7.52516270e-01   1.23066139e+00
    1.07151306e+00   3.72898841e+00   1.53637663e-01   2.06413984e+00
    1.18819964e+00   2.75875354e+00   1.70027614e+00   2.08787346e+00
    9.70504403e-01   1.83346128e+00   1.16373730e+00   1.99166942e+00
    1.47808337e+00   3.44885254e+00   7.53281534e-01   1.60594976e+00
    1.04772949e+00   1.72653222e+00   1.40494800e+00   2.37059164e+00
    1.27481043e+00   1.04184425e+00   2.14493728e+00   8.99337649e-01
    1.06366479e+00   4.42721725e-01   1.20900714e+00   9.47062731e-01
    2.02081466e+00   1.36709583e+00   1.41985643e+00   2.93542862e+00
    1.40963686e+00   1.07444704e+00   1.38909626e+00   3.54202151e+00
    1.04678333e+00   2.26841545e+00   1.49531889e+00   1.54782724e+00
    1.52721941e+00   9.67325628e-01   1.30124152e+00   8.89891028e-01
