 1.0943172   1.17424583  1.54063678  2.75320315  0.84541065  1.72055209
   0.0985975   1.18578231  1.1336081   0.49836874  1.04928982  1.52794278
   0.85558718  0.53094482  0.30637887  1.13160646  1.25842583  0.63158631
   3.25970769  1.04333878  1.13224244  0.83392048  2.46052122  0.67092425
   1.88004851  0.89786249  1.29960752  4.90590334  0.69032085  0.21947572
   1.12879992  1.39820158  1.45292902  1.61901736  1.23820114  2.12909341
   0.96256495  1.29132831  1.83127499  1.74575031  0.5565713   0.68577611
   1.89316392  1.40471566  1.02421641  1.55979145  1.42097569  0.95009685
   1.01157045  3.63210249  1.53487766  1.42372561  0.07583511  1.91304576
   0.83348876  0.38324687  0.97682852  1.93570125  1.17817712  1.19059193
   1.22075427  2.09435439  1.1651895   1.94622648  1.87402642  1.94771898
   0.83734262  1.76759017  1.22374725  0.45010418  2.23067713  2.67872834
   0.76858991  2.19428658  1.36310351  1.36283457  1.26871264  1.11371398
   0.82227099  0.88024467  0.40550727  1.06531775  1.25399721  1.72334313
   1.21187198  3.1532588   0.98767549  1.8066057   1.28307188  1.43331432
   1.11572576  0.63801718  2.18238401  1.07684648  0.95019245  0.85641128
   0.99243706  1.24017262  0.63284969  1.6159873   1.74863756  1.24637103
   0.78006244  0.85520411  1.98560572  2.06953144  1.9677186   2.09826398
   1.28160572  0.88406837  2.57647729  0.98153389  2.09378052  1.18774045
   0.1394569   0.95326442  2.34782314  2.7521739   1.8921541   1.81357181
   1.90474093  1.07713747  2.05595088  2.20269942  0.83582991  1.22854269
   2.07345319  2.30306649  1.20708919  0.91893566  0.97943854  2.36976719
   0.56047058  0.67820972  1.46494138  0.32232046  0.76847237 -0.03175155
   1.18145871  1.14009345  1.36827636  0.95778584  2.34768844  1.02166498
   1.68504608  0.91750777  0.21318334  0.76629239  3.29778528 -0.03958394
   1.7530421   2.66373181  1.54811525  2.18350005  1.2485373   2.29384828
   1.44655526  1.23851848  0.6893363   0.83331078  2.03089356  3.30948162
   0.62329233  0.92643678  1.55966699  1.63144839  0.42782253  0.88312596
   0.87991345  1.13620639  0.55670685  1.44346869  0.93695205  1.03674471
   1.79261148  2.59832168  1.75961351  0.79052889  2.3567431   1.5011065
   1.64878571  1.08978975  0.96571594  1.39421189  1.28396761  0.81199622
   2.12939119  1.37832701  0.86237037  0.90378851  1.12846696  2.8723824
  -0.00927662  0.19400692  2.39914107  0.32014292  2.04978156  2.19825792
   0.83871639  1.25830197  1.65244842  2.38976884  1.07218778  1.5591203
   3.56434917  0.67329031  0.9319182   1.63558364  1.81832588  2.50741577
   1.3837254   1.03020179  1.5616684   0.7306267   1.26788783  1.74531448
   0.85818362  0.75921625  0.63332832  1.06019473  3.48891878  0.75305957
   2.95026135  0.62293369  1.74469221  1.97054172  1.34527886  2.09481812
   2.04975772  1.88566899  0.89532381  1.19976366  0.88685691  1.11845326
   1.89500666  1.69697833  1.70590091  1.13804328  1.56566596  1.10881889
   1.93929172  1.2742151   1.17334139  1.71228385  0.36888435  0.86734092
   1.71822882  2.15184355  0.16750944  0.50495529  0.64043367  2.15272021
   1.24602067  1.57948315  0.89925128  1.2115407   2.18570828  1.43046188
   0.82588822  0.17487288  2.11336517  1.09037638  1.84392774  1.66963828
   0.9168663   1.30473602  1.23731303  0.71616852  1.78371429  3.36945057
   1.95288718  0.74954575  1.33274376  1.16550386  1.44536912  1.15018439
   2.33637357  1.1280793   0.76371992  1.05495834  0.93123597  1.72410548
   2.41318822  1.52063692  0.12625006  0.62547815  1.83375239  0.10856236
   0.52737147  0.3098349   0.50109202  1.41779685  1.77420628  1.3679384
   0.88914251  2.49995852  1.63073003  2.1284337   1.00151777  1.23102582
   0.73716515  1.81669331  0.78654927  2.01483107  1.79768586  1.86734486
   1.85186613  0.78734386  1.49827433  0.55809653  1.72024918  1.61807358
   0.42995676  2.06236362  1.88786745  1.30267429  2.21397305  0.60662913
   1.47018993  1.00369775  0.09810494  1.15739644  0.79407412  1.62964463
   1.37402785  1.91702867  1.26026201  0.67534119  1.99291456  1.86771882
   0.91443723  1.54892218  0.48249707  2.24465895  0.87799793  0.24683727
   1.67699146  0.62175864  1.63143551  0.80400866  1.44217265  0.89643019
   0.90600449  1.31661975  1.10640442  1.42374003  0.40797383  1.60190499
   0.93612909  0.93521553  0.76355231  3.16258121  1.26877701  1.12569332
   1.8703568   0.7953794   1.17807245  0.90549177  2.19067669  1.51205814
   0.85659647  1.80316639  1.28179014  0.73494577  1.16966403  0.57797909
   1.9950155   1.68895829  1.24812961  1.07823229  2.24897552  2.12726235
   0.54274118  2.66589594  0.63865328  2.07652807  1.48030853  1.26393092
   1.60239446  4.61692572  0.58572334  1.366014    0.99839544  1.84026957
   1.20430875  0.98338687  1.0681771   1.14111209  1.55018032  1.28865707
   1.43035913  1.4129324   1.13355851  1.58843637  1.45568824  1.51959443
   0.28882334  0.24773087  0.86883652  1.10843825  0.61286712  1.76841331
   1.13350475  1.02638948  2.53049135  3.8969698   1.9901818   2.79237342
   0.88235474  0.34175539  1.37364078  2.4378252   1.58358109  0.97804618
   1.8234272   1.70161843  1.26485813  1.17361403  1.9415102   1.17374194
   1.63349271  0.51947343  1.20426726  1.44464302  1.64347267  1.10263419
   1.97755957  1.11498415  1.47279263 -0.02052508  1.75479543  3.84294009
   1.71668172  0.49498096  1.43338668  1.54378605  1.50577235  2.19923687
   0.82587665  2.3084054   1.67871237  0.71137351  3.35923338  1.37078583
   1.67523539  1.2502836   4.23643208  2.04222393  1.17292881  0.9327051
   1.54086423  2.13829398  1.20595741  0.70947194  1.06386626  1.90288424
   0.72903925  1.29624975  1.56085801  1.43146133  1.91504312  0.97388369
   1.59783649  0.7957409   0.84319872  1.20009589  1.55010855  2.1463604
   0.52037895  2.36831951  0.40846321  1.04361534  1.5330528   0.38760048
   1.6359266   1.39872885  2.07839775  1.6524713   1.38272393  2.96206689
   1.08767569  1.70576787  1.02355158  1.45125663  1.53548813  1.55917096
   1.06852782  0.41376156  2.1511271   1.73314142  1.36943293  0.873236
   1.3245852   0.23313965  1.45510101  0.80336457  1.07590592  1.08392513
   1.00207281  1.6476897   1.79669392  0.94085002  0.79548806  2.43750525
   0.89037371  1.21157753  1.27484477  1.30452704  0.71436977  0.65898371
   0.9094162   2.20072699
