 1.13950109  0.93446225  1.28465188  1.39699352  2.42649055  1.6190238
   0.3630529   0.97928321  0.82529348  0.57892281  1.16936898  2.01752019
   0.98497093  1.10062206  0.26290345  0.50212878  2.45873976  0.41030854
   0.79684216  1.39987385  1.61852074  0.98468721  1.7223357   2.56213784
   0.52605563  0.73772001  1.01613235  3.87115479  1.1208781   0.96318465
   0.85051107  2.54445648  0.89065701  0.71294814  1.41212296  1.84893644
   1.58306575  0.90945631  0.85728842  1.90927196  0.92715871  0.54873818
   4.24715137  0.63393027  1.0257231   0.91367543  1.57492125  1.1925863
   1.99023616  2.59129238  1.5395565   3.78660941  0.81036079  3.77707052
   1.17272043  1.14559257  0.82695121  2.11599755  1.28684187  0.83216369
   1.27189994  1.8573674   1.28587568  0.65654486  1.31872606  2.76120663
   1.1184907   1.15038276  1.17589533  1.97346914  1.35248685  0.96983588
   0.69633126  0.7825917   0.85572374  0.76998663  0.42137021  1.21127546
   1.9910866   1.82163167  1.16364324  1.07477868  1.08036029  1.43710399
   0.72151273  1.71467972  1.0090276   3.36239052  1.06147492  2.24263835
   2.70126963  0.92979211  2.26368332  0.87041092  2.21371794  1.28065979
   1.87588835  1.16280568  1.68248153  0.81048185  2.57934403  1.36873555
   1.55896258  0.30090696  0.95940602  1.98425293  2.45783806  1.75567472
   0.91491348  2.42025733  2.59349442  2.62763548  3.16440463  1.29565406
  -0.05510056  1.0837158   0.92831105  1.58244884  1.77906179  1.12764466
   1.19440031  0.80781829  1.51529264  1.01026535  1.19326198  1.20595336
   1.80087078  1.13788843  0.18094897  0.92763472  0.59538692  1.88295186
   0.45558116  1.53560185  1.35163105  0.87512541  0.92899173  1.34397769
   1.44987977  1.32114863  0.74249697  1.55066264  2.19989944  0.51778495
   0.74125761  1.19741833  0.12882112  0.24322926  2.09054899  1.18044662
   1.60700023  2.43994617  0.91091508  1.85432708  1.31066024  1.130934
   1.93018758  1.17386925  0.58491296  2.60129213  2.46329355  1.9216305
   1.20020378  0.97332966  1.35436642  0.03629627  0.15361948  0.7160905
   1.61035752  1.16326797  0.75238192  1.80354095  2.19882965  0.92661548
   1.41778672  2.43682694  1.63044393  1.99423838  2.35387802  0.96656126
   0.81470239  3.44604588  0.42674851  1.13351774  0.51771611  0.98231703
   0.93003201  0.90797246  0.79441434  0.72357428  1.93311441  1.98294818
   1.12167573  0.71043271  0.73657602  0.53374106  0.71323556  2.89916444
   0.74934441  2.50208807  1.85137689  3.12702632  0.93521696  0.4198325
   4.07459784  2.24808335  2.36095762  1.029724    0.78213924  1.75225878
   1.38699067  1.28196478  0.85387117  1.18406308  1.73093843  1.55659747
   0.79540974  0.5763908   0.92188764  1.6244365   1.65201306  1.47972512
   3.0201447   1.02355552  2.04179764  1.1867013   1.40057635  2.06825662
   1.50917602  1.5523994   0.39116129  1.11978507  0.30692694  2.67883182
   1.71481609  1.12395036  1.4046427   1.32576203  1.74849737  1.04443896
   2.28869963  1.29717278  0.97855586  2.40329695  1.22915936  0.86911523
   0.96031857  0.60071456 -0.02762837  0.45117465  2.2856319   1.22634399
   1.72874451  1.88469172  0.67795241  1.13217378  1.08435202  0.69077539
   2.3644309   1.55500722  2.71213555  1.0486443   1.86605954  1.02230978
   0.41261888  1.28388786  1.12781382  0.6841628   1.63967812  4.06994247
   1.99438095  1.32175362  1.63485837  1.08427405  2.08184147  1.14347756
   1.86347151  1.39427686  0.77146226  1.45032465  0.81039494  1.64701259
   2.46255898  2.08101988  0.53714019  0.32427895  0.91533655  1.82464099
   0.70339131  0.40316844  0.75978369  1.24892306  2.56958723  0.68441492
   0.66785395  2.54188108  1.09166956  2.67277312  1.37657332  1.97097838
   1.90758049  1.18061674  2.32928872  1.93214655  1.14498782  1.18633914
   1.07072997  1.00795972  1.40412843  1.73293757  2.57887483  1.33048916
   1.72485673  2.34444356  1.55313551  1.32991993  1.611534    0.40797955
   1.47707009  0.69375604  1.20726049  1.13371718  0.71883446  1.84604776
   1.04589474  2.97689867  1.12706792  0.72512209  2.64627671  1.39171958
   0.67063826  3.46952868  0.49385324  1.61866009  1.73674762  1.12197042
   1.13389981  1.5113554   1.4525491   1.30280495  1.23759592  0.8410908
   0.93964225  0.57209927  1.62858593  1.59606969  0.58639336  2.16533279
   0.57239711  1.00295365  0.46503526  1.07255578  2.56278419  0.84099454
   0.7324037   0.60653776  1.11093032  1.83544004  2.26248407  1.63127506
   0.7443189   0.80739498  1.59693384  0.65871775  0.76701212  0.66708684
   2.42044592  1.43716288  1.67703938  2.21885777  2.00751352  1.33225882
   0.53831625  4.78488159  0.80062091  2.00133705  2.606076    1.23235023
   1.52817869  2.84232879  0.42119557  1.08607113  2.23944306  1.46011865
   1.21007776  0.66048199  0.97790509  0.88784516  1.87798095  2.20787239
   1.48678374  1.59954548  0.90736514  1.54219496  1.23228002  0.63563406
   1.00362492  0.49252626  0.92800683  1.15627253  1.26477182  1.42930484
   1.28561842  0.95540601  1.82088745  2.07506919  1.28023946  2.00578094
   1.09469545  1.03039169  0.89129454  3.02621388  1.63931453  0.7169075
   1.1969403   1.44130433  1.02457786  1.11986125  1.69243646  1.90069115
   1.6319592   2.64862204  1.62088168  1.42980802  2.01349139  1.09268057
   2.74595141  2.09952116  1.50051165  0.10161109  1.12253201  1.26514411
   0.17482381  1.22156167  1.06247675  1.62573743  1.40372384  1.98086846
   2.34296894  1.90447032  1.66429412  1.51294494  1.39622426  2.01967406
   1.18857956  1.26121712  1.70300555  1.88656163  1.03251302  0.81053203
   1.27308154  1.43058264  1.05969238  0.85160142  2.5148375   3.85048223
   0.66293514  1.77050018  2.0665834   1.50601757  1.99309194  0.65757519
   1.41122675  1.45053005  1.2762816   0.20318925  1.77909815  0.9018532
   0.83272684  1.83832908  0.64543831  0.79379272  1.31280768  1.65536594
   1.74458146  1.08593476  1.31630969  0.76301718  1.7354306   2.76085138
   2.21279263  1.97779298  0.77917504  4.15565348  2.67575169  0.8600561
   1.09300995  0.8023392   1.08258522  1.91681814  1.19094372  0.76696229
   0.6521256   0.73233485  0.55652636  0.4808501   2.22911954  1.49877167
   1.59763229  0.78943914  1.58039486  0.25144631  1.06894529  2.6181581
   1.83370638  0.9238025   1.18432426  0.98679155  0.95690757  0.49398011
   1.00675964  0.60917753
