  2.30335212e+00   1.54883742e+00   1.91884840e+00   2.16458702e+00
    9.75346208e-01   2.18543696e+00   1.28274965e+00   1.30051291e+00
    8.45491230e-01   7.02792883e-01   1.68801761e+00   1.71101475e+00
    5.81451237e-01   4.15670842e-01   1.90744138e+00   6.90563440e-01
    1.28444266e+00   5.37244976e-01   7.88884997e-01   1.08877432e+00
    1.10027277e+00   8.74454081e-01   8.97222877e-01   2.06144261e+00
    1.68329203e+00   8.90139580e-01   1.75642669e+00   1.01801705e+00
    1.05153644e+00   1.55630929e-03   9.03266132e-01   2.11151195e+00
    1.65177453e+00   5.25886178e-01   4.83851433e-01   1.25691760e+00
    2.52837276e+00   1.83329844e+00   1.33748507e+00   1.05092871e+00
    1.73297393e+00   1.36986172e+00   1.76803231e+00   1.22300196e+00
    9.13168788e-01   7.30378747e-01   1.56424022e+00   1.34394336e+00
    2.06431913e+00   1.22011650e+00   1.61119437e+00   2.79117680e+00
    5.17638028e-01   3.00508475e+00   9.64086592e-01   1.11009073e+00
    1.41052222e+00   1.15502119e+00   2.60605121e+00   2.00141907e+00
    2.77978873e+00   3.62786984e+00   1.25766873e+00   8.22392404e-01
    1.79276633e+00   1.85695183e+00   1.38861656e+00   1.31307447e+00
    9.87216353e-01   1.38130593e+00   1.31649232e+00   7.70015597e-01
    7.99355865e-01   1.45052940e-01   7.68337250e-01   1.44902980e+00
    1.38084543e+00   1.01849806e+00   1.56190419e+00   1.28988421e+00
    1.25738525e+00   9.36071396e-01   9.53020394e-01   2.33504772e+00
    1.30371642e+00   1.09934628e+00   1.24977553e+00   2.50178623e+00
    1.59090304e+00   2.97087073e+00   1.72722065e+00   1.14092803e+00
    2.51548481e+00   7.81161427e-01   2.07333112e+00   1.37962866e+00
    1.40606856e+00   9.04747725e-01   7.74114132e-01   1.22681618e+00
    1.70270038e+00   1.39542854e+00   1.31281590e+00   6.60917997e-01
    1.13125634e+00   1.73191679e+00   1.90161753e+00   3.19923258e+00
    7.31395245e-01   1.52241838e+00   2.28575945e+00   9.64145303e-01
    2.22618890e+00   1.18808198e+00   5.43094575e-01   4.86053228e-01
    6.58495963e-01   1.79603362e+00   1.71228254e+00   1.50459361e+00
    1.83718526e+00   9.26993787e-01   1.02238810e+00   7.54384577e-01
    1.16564488e+00   1.60847032e+00   8.48887742e-01   9.67905819e-01
    1.02096796e+00   8.77013028e-01   9.66031075e-01   1.17961454e+00
    1.83091462e+00   1.48751462e+00   1.60227275e+00   9.20435667e-01
    7.89622724e-01   1.80162951e-01   1.27518320e+00   1.48155475e+00
    1.45553219e+00   1.08916306e+00   3.83564901e+00   1.59753048e+00
    1.72825432e+00   8.69428754e-01   1.44650578e+00   1.86521485e-01
    2.33972812e+00   8.39425862e-01   9.35235202e-01   2.11357474e+00
    2.43777895e+00   2.02281713e+00   1.87502399e-01   7.44948685e-01
    1.70270097e+00   1.31692970e+00   1.15208125e+00   1.09323621e+00
    2.38140583e+00   5.22417843e-01   7.37389028e-01   1.12743890e+00
    1.33715665e+00   5.85784018e-01   9.86321807e-01   1.63812232e+00
    1.02663708e+00   1.01379335e+00   1.07647455e+00   8.28377903e-01
    9.36718404e-01   2.33122420e+00   2.87068152e+00   2.21796727e+00
    1.92535031e+00   1.36804533e+00   1.86895716e+00   1.02167606e+00
    1.61497331e+00   7.84832418e-01   2.10217834e+00   2.12410903e+00
    1.21008599e+00   1.41785133e+00   1.66866493e+00   1.44413853e+00
    1.00232577e+00   1.25718045e+00   1.47940135e+00   1.60437024e+00
    2.25587440e+00   6.61645412e-01   6.62674427e-01   8.18574548e-01
    2.22014451e+00   1.41519701e+00   1.07378173e+00   8.21127713e-01
    1.66346884e+00   2.06852078e+00   1.27374971e+00   8.03637028e-01
    4.93057060e+00   1.95531213e+00   2.02809429e+00   1.18467414e+00
    1.14695776e+00   3.21188641e+00   1.24377918e+00   1.42279148e+00
    1.65047348e+00   1.45265532e+00   9.36628640e-01   1.40355396e+00
    1.82374156e+00   1.01680624e+00   9.66175020e-01   2.31543350e+00
    1.58352077e+00   1.49519670e+00   1.62509155e+00   9.69919443e-01
    2.25176120e+00   1.23657477e+00   1.02447248e+00   1.51335728e+00
    1.76116180e+00   2.09311318e+00   8.05200398e-01   2.45915055e+00
    1.59309113e+00   1.61125636e+00   1.70862257e+00   1.61245584e+00
    1.78536081e+00   1.29986131e+00   1.42111373e+00   1.17801785e+00
    2.59453177e+00   9.99976635e-01   1.05538309e+00   1.07032502e+00
    8.41464579e-01   9.32889342e-01   1.00425649e+00   1.37086022e+00
    1.43784806e-01   1.53605270e+00   1.27623034e+00   1.51929247e+00
    1.38713849e+00   1.86907089e+00   7.03140199e-01   1.96776068e+00
    9.30764377e-01   1.24602783e+00   2.81203890e+00   7.36057222e-01
    3.43596125e+00   1.36292040e+00   1.89621127e+00   6.87679827e-01
    1.52261817e+00   1.24617982e+00   1.05483067e+00   1.26047540e+00
    1.10224700e+00   2.55714583e+00   1.23231912e+00   1.05442262e+00
    2.27097273e+00   1.06472874e+00   1.45165718e+00   1.32468593e+00
    9.74407017e-01   7.09372461e-01   1.14635408e+00   1.04548299e+00
    1.29775989e+00   1.22765362e+00   2.43286371e+00   1.19010746e+00
    1.33591402e+00   1.03015590e+00   1.08919740e+00   1.23393679e+00
    5.71055233e-01   5.01636982e-01   7.90612936e-01   1.36650753e+00
    3.01116920e+00   5.76837599e-01   1.74353695e+00   1.01259565e+00
    1.63047802e+00   3.27250504e+00   8.20118606e-01   2.17643905e+00
    6.78021193e-01   1.26263785e+00   1.48255396e+00   2.19088006e+00
    2.18511009e+00   1.04468203e+00   9.66287434e-01   9.80802119e-01
    1.23479736e+00   1.78878653e+00   1.88166404e+00   2.15115428e+00
    5.66387057e-01   1.78697336e+00   1.94373798e+00   2.01051807e+00
    1.18075180e+00   8.46408665e-01   1.24210405e+00   4.30170625e-01
    9.52139616e-01   1.25556993e+00   7.98774779e-01   1.91118598e+00
    7.23105371e-01   2.68416572e+00   8.13137412e-01   9.11321580e-01
    2.47061586e+00   1.53047776e+00   1.34516346e+00   1.72918820e+00
    5.35709023e-01   1.64208043e+00   1.18482292e+00   8.83634210e-01
    9.21368241e-01   1.04042077e+00   1.02416837e+00   1.64889216e+00
    1.24973345e+00   1.24264169e+00   7.61330009e-01   1.38349736e+00
    1.97352386e+00   1.13703609e+00   3.29429120e-01   1.45216918e+00
    6.61099613e-01   1.34846532e+00   8.07161152e-01   1.14557993e+00
    1.62556422e+00   1.53279006e+00   1.63602221e+00   2.36032143e-01
    1.02615368e+00   1.25770569e+00   1.89544213e+00   1.60914719e+00
    9.98541892e-01   1.01031137e+00   1.20861268e+00   1.28303289e+00
    1.04773915e+00   1.19057131e+00   2.29198003e+00   1.41960537e+00
    3.00610924e+00   1.63130510e+00   2.08848691e+00   1.34569120e+00
    7.25098908e-01   5.05642128e+00   9.99451101e-01   1.70267630e+00
    1.25397325e+00   6.66079998e-01   1.80333662e+00   3.39533591e+00
    1.22080052e+00   1.47832048e+00   1.01535320e+00   2.21253014e+00
    1.47402406e+00   7.74877548e-01   9.28553939e-01   9.49707210e-01
    1.90275133e+00   1.70361114e+00   1.25436711e+00   1.29792798e+00
    1.48945737e+00   1.21598828e+00   1.39462078e+00   1.52085745e+00
   -5.41599654e-02   3.29506218e-01   1.63829613e+00   1.26059556e+00
    1.24056470e+00   1.71145475e+00   1.28775060e+00   1.24060488e+00
    3.11999464e+00   2.64654255e+00   9.80167985e-01   1.71783173e+00
    7.64443338e-01   4.90335375e-01   1.15531123e+00   1.75743866e+00
    1.61229360e+00   4.02137965e-01   1.33288801e+00   3.08734250e+00
    1.17561162e+00   1.82010484e+00   1.34793210e+00   1.97139871e+00
    6.90372527e-01   1.95354596e-01   1.46723950e+00   1.33103347e+00
    1.92514956e+00   1.38586795e+00   1.81176913e+00   1.30179870e+00
    1.16002202e+00  -6.02592423e-04   2.33629727e+00   1.79825890e+00
    2.96804833e+00   2.23633885e+00   1.09053648e+00   8.26511204e-01
    1.30965328e+00   1.73417675e+00   3.78865385e+00   1.96664190e+00
    1.64569902e+00   4.80646610e-01   1.89441574e+00   1.98481178e+00
    1.77889359e+00   1.13836884e+00   7.09906399e-01   1.23022461e+00
    1.05192184e+00   9.75944340e-01   9.42524791e-01   3.86331737e-01
    1.57198894e+00   9.23881948e-01   2.14258504e+00   3.31808639e+00
    1.10285902e+00   1.29036236e+00   2.66338325e+00   9.61402535e-01
    1.44584131e+00   9.32644427e-01   1.97068620e+00   1.37880933e+00
    2.02912641e+00   7.46950567e-01   1.76496339e+00   7.32640564e-01
    1.08138120e+00   3.05883789e+00   5.10667324e-01   1.19472933e+00
    7.30073750e-01   1.89304852e+00   1.44804907e+00   1.63847280e+00
    1.67490816e+00   4.81443644e-01   6.95079744e-01   2.89708090e+00
    1.84225309e+00   2.66022897e+00   1.03951406e+00   1.73583019e+00
    1.86510742e+00   1.05974674e+00   7.84750104e-01   1.41877103e+00
    1.61724401e+00   5.91746509e-01   9.23151076e-01   1.67678738e+00
    4.76494193e-01   9.38188612e-01   1.31775951e+00   6.15913451e-01
    2.93748736e+00   1.97583842e+00   1.72528565e+00   1.20523798e+00
    1.61941528e+00   3.77038807e-01   1.24624038e+00   3.77615070e+00
    1.66070986e+00   1.88945651e+00   9.38740611e-01   1.06283748e+00
    1.02614892e+00   4.85061914e-01   8.52337599e-01   1.25223815e+00
