 1.81504118  0.7045095   1.70925534  1.91619503  1.10666859  1.18511975
   1.22974372  1.05284512  1.04364693  0.46773177  1.64649987  1.7803849
   0.60665339  0.66810226  0.70118034  0.63871896  1.89463878  0.62085122
   1.83385706  1.10964799  0.90279561  0.74360532  1.47984612  3.35308671
   1.6088866   1.30799019  0.9175902   2.63235784  0.24039273  0.71816969
   0.85400933  1.55765355  1.0809778   0.88547558  0.60631692  2.41136098
   3.03337884  2.19591022  2.40375781  1.15116203  0.36467403  1.2849189
   1.81668913  1.30876613  0.9504227   1.01520324  1.73716772  1.20890594
   1.92150891  1.84467018  1.8927232   2.11213493  1.9057219   2.75702095
   0.94783723  0.59040946  0.84056836  1.42697477  1.86242843  1.65013874
   2.0970149   3.49051785  1.4483614   1.09859359  1.67325199  1.41328502
   1.35180438  1.91932595  3.42166829  1.28367591  1.91314662  1.14991128
   1.01620317  1.63479769  1.7426275   1.81327379  0.5645085   1.50848961
   0.92095417  1.07517946  0.80436075  1.00494337  1.52467978  1.47483099
   0.7771396   0.88455915  0.96667093  1.23446596  1.41255295  2.33747363
   1.33807719  1.23117542  1.60618484  0.98469132  1.68362296  0.75876653
   1.69204509  0.51448125  0.66176122  2.00690436  1.24399304  1.36405337
   1.53549492  0.38325444  1.41370308  1.57497776  2.75883055  1.2949518
   1.45453405  1.43410087  2.39218712  1.93297124  1.68645728  1.31382298
   0.38073644  1.06311357  1.44251859  2.03119826  2.32434988  1.30491889
   1.28524601  1.34982419  0.88465279  0.54347551  1.40054893  0.91580451
   1.63164365  0.9267177   1.69217563  0.95818388  0.99278522  1.54553711
   2.41026115  3.18829536  1.55204737  0.65129685  0.84248066  0.30052847
   1.64965355  1.81299245  1.43540347  0.9372859   2.95873475  1.1391443
   1.47458887  1.17991018  0.20241264  0.32477829  2.18453288  1.64850211
   0.70951092  2.48128295  1.04494572  2.03234339  0.62738723  1.05412436
   1.26005089  1.52737749  0.76275074  1.83061004  1.68958902  1.44054389
   0.8072679   1.16611075  1.3542819   0.72922856  0.26256809  1.00903642
   1.62637353  0.9762966   0.49888021  1.71283519  1.84707928  1.44889057
   3.23479295  1.3932116   2.52138758  1.51340687  1.36985576  1.37937045
   2.44966412  1.25820351  1.95204258  1.18785405  0.92512143  0.818277
   1.8728658   0.86503595  0.89672601  0.95776349  0.75776553  1.81285667
   1.38430285  1.20056558  0.46090943  0.33135816  1.31402743  1.9351604
   1.0388726   0.66468012  1.81394994  3.34228516  1.24014735  1.15296137
   4.86333036  0.82540023  1.37720013  1.14984918  1.05182922  1.40380955
   2.14717793  1.54980636  0.72768098  0.65281814  1.51148057  1.27795184
   1.77565503  0.67030042  0.41212717  2.27406597  2.70823741  1.40637672
   1.76241076  1.17038321  2.99123883  0.98944134  1.00590658  1.17277801
   1.73911333  2.27200389  0.65255606  0.62816548  0.83349568  1.33681667
   1.19649231  1.66030943  0.72934645  1.0390023   0.76810479  1.43108642
   2.6731689   1.72453427  1.12384868  0.69001269  0.78145635  1.45114648
   1.19740939  1.04762244  0.16230424  0.90681916  1.01397598  1.49954343
   1.82114732  0.84589654 -0.0401334   1.50910771  0.70672727  0.29476899
   1.37220323  0.73976547  1.49356651  1.20961344  1.82223904  1.97702408
   1.3982321   1.15401745  1.38840127  1.19434166  1.56026089  3.83208632
   1.29703677  1.22098601  1.16989625  0.70458627  0.99231303  1.34452784
   1.48149848  0.79586589  0.75985873  1.32426202  1.1039809   2.60202909
   2.53447556  1.44425142  1.25890148  0.78490907  0.73948431  0.68554854
   0.56278849  0.7974394   1.03316867  0.9820227   2.56739163  0.5074783
   0.99585569  1.05237603  1.91425383  2.6953721   0.72463673  1.8311491
   0.7186116   1.00597572  1.16802466  2.12157416  2.27801752  1.17739129
   1.32055998  1.09489214  1.11771107  2.04050565  1.22968304  2.25605273
   1.02401352  1.46938491  2.32423234  1.4788152   1.11630356  1.4756254
   2.63083792  0.94278318  2.1951654   1.11555588  0.85516495  1.13505638
   1.31818926  2.19648886  0.64836258  0.87957048  2.36602712  1.89516747
   1.38377726  3.08761239  0.34485862  1.50934219  0.93668187  1.04162598
   1.25557148  1.05115032  1.34950376  1.13211465  0.90948081  1.18515253
   1.57514715  1.57242572  2.11623049  0.70855957  0.82506216  2.38173532
   1.15136993  0.76330137  1.48489952  1.41700363  0.99994946  1.89800096
   2.10644317  0.00818111  1.22238839  1.24695277  1.71443653  1.12837601
   0.95593727  2.33071852  1.32673109  1.54304135  1.85182166  0.93339777
   1.30985188  1.09772527  2.55456543  1.47179103  1.8976177   1.62342644
   0.62466013  2.74632263  0.89650935  2.2268827   1.16303396  1.12931395
   1.47005272  2.34549069  1.44784951  0.9488914   1.23155975  1.74409103
   1.11414325  0.96840453  1.06961405  1.1007458   1.00141644  1.57787395
   1.28130376  1.46890581  1.3278501   1.14658761  0.85873061  1.51236379
   1.05518448  0.25828385  1.84396434  0.85561138  0.97215563  1.99914908
   1.22242808  0.92693734  2.61899281  2.64868498  1.56157827  1.06108344
   1.15202224  0.93488389  0.51871705  1.76279342  1.04834795  1.26011479
   1.21884704  1.04600132  0.96886498  1.58452594  1.76474833  1.76367378
   0.86596602  0.41288882  1.20929718  2.44855571  1.69047844  0.66193289
   1.833588    1.21116912  1.57329822  0.4941726   1.51854575  1.41718447
   1.94092894  1.4671433   0.85200852  1.80890477  1.94681942  1.33612943
   1.26984882  1.88971806  2.12812901  1.53815722  1.48277414  2.27824879
   1.15601516  1.4205786   2.28846574  2.3785429   1.23759222  1.06796849
   1.11271679  2.78456283  1.16849148  1.02158856  1.42663229  1.8216598
   0.61458182  0.98707402  3.89083576  1.43568349  1.38188505  0.88129503
   1.29195607  1.25946188  0.60488331  1.1635735   1.14090192  1.41287982
   0.85035521  2.17161202  1.2067188   1.6866554   0.58469123  0.91731638
   2.31376505  1.35884356  2.19078898  1.61451983  1.16058087  3.14369845
   1.33561826  2.33661175  1.321612    2.49946737  1.29986489  0.99487257
   1.62630248  1.26674438  1.66960013  0.77319574  0.60676694  1.70194137
   1.19923699  0.0670654   1.11083937  0.50041789  3.18263674  0.96293086
   1.73913622  1.12461221  1.43556094  0.39352161  0.99473161  3.16300201
   1.24923146  1.15875876  1.74775255  1.87632978  2.11564302  1.09247541
   0.85141832  1.19445479
