 1.35145593  1.40347612  0.97857618  2.12263584  1.36818624  1.31162488
   1.78414094  1.14442325  0.89691168  1.44424355  0.82620209  1.64091718
   0.93045378  0.07262287  1.2347461   0.83055413  1.58436751  0.46029866
   1.27877426  0.80688596  1.78824544  0.73453307  2.23447251  2.17502213
   1.58203018  0.85786867  1.10388029  1.3220607   0.19909728  1.37673652
   0.93836468  1.50123751  1.81968796  0.95074177  0.21675947  1.52674425
   1.93675745  2.28184557  1.32216239  0.87089956  0.79494435  1.14220369
   1.92541218  0.72329491  0.87529653  1.59936655  1.40940428  1.11376297
   1.2626704   2.21760201  1.8702209   2.32197857  0.98612815  2.38049865
   1.2426666   0.73871112  1.39813113  1.81953883  2.14341807  1.04267192
   2.95585179  3.12629247  1.42652726  1.24723554  1.78168619  1.74862015
   1.00851989  2.01253366  1.03554237  1.17468333  1.51007521  1.11269176
   0.97399563  1.19219124  1.06963301  0.70557785  0.56649828  1.80917168
   1.69938445  1.39560103  1.17058098  0.88314712  0.94821191  2.07843304
   1.38142955  3.68087173  1.0403806   2.01841903  2.22872853  2.28137922
   2.49972486  0.8160392   1.64502239  1.01930857  2.16958547  1.21489418
   1.21130991  0.74639839  1.26024032  1.29165733  1.23658383  1.38171947
   0.83015269  0.67357814  1.30415261  2.00407171  1.96808946  1.42946184
   1.29220653  1.43920708  1.52470887  1.14716077  2.559937    1.35589731
   0.07427435  0.48225316  1.64854705  1.48401845  1.46723437  1.32652497
   1.30952787  1.64267576  1.22612321  1.05216897  1.66225243  1.21172166
   1.44265044  1.58157277  1.60582602  0.65764636  0.65067834  1.56694758
   1.60343325  2.69188714  1.49978268  0.46053615  0.80025882  0.4390254
   1.46028805  1.42535317  1.37201536  1.79222786  2.99892735  1.87871587
   1.74959886  1.25951147  0.78653097  0.60091376  2.3373692   1.02617276
   1.27700734  2.27412343  1.13585293  1.96892738  0.51155877  0.79747695
   1.47889996  1.9841398   1.0570823   2.01918459  1.45319831  1.06646061
   0.49290583  1.10534453  0.87347919  0.27553853  0.81369442  0.6853348
   1.5529952   1.1728332   0.87616426  1.59539473  1.33768594  2.22390175
   1.76425445  2.00533295  1.54683173  2.16614103  1.23124778  0.75156683
   3.15217018  1.61897492  1.37786949  1.42687106  1.08311415  1.09881592
   1.8376143   0.78528583  1.09770739  0.81967211  1.72862363  2.1250155
   1.17338765  1.21903932  0.81408554  0.69619298  1.03764808  1.42643332
   1.31411564  1.35140193  1.68315279  2.74433017  0.9105624   1.66882992
   3.13698554  1.08607829  2.01398373  1.30015671  0.96744323  0.97720248
   1.63110971  2.17862916  1.64912999  0.48745015  1.22291934  1.33921075
   0.84464943  0.73268199  0.6457687   1.77365541  1.81315589  1.93925416
   2.14376354  1.03722942  2.39538312  1.78055799  0.96366519  2.59421229
   1.43490136  2.14773202  2.10148072  1.4094553   1.10575366  1.18082583
   0.88162452  1.94894445  1.10515428  1.2602334   1.57633877  1.34381509
   2.0652833   1.70819855  0.9009636   0.82305878  0.44133285  1.0108844
   0.91302705  1.08820271  0.61881083  2.35382748  1.33583939  2.17874217
   1.81434453  1.41437054  0.75041056  2.07726932  0.9926064   0.52444237
   1.40414679  0.67895794  2.41861343  1.20373285  1.72264671  0.71220249
   2.56546736  0.95777643  1.29613936  2.0080359   1.31151712  2.3299346
   1.63891208  1.33410811  1.37463784  1.46024513  1.39122057  1.43529058
   2.12025452  0.01923206  0.75983387  1.1955694   2.2363708   0.34359542
   2.55836248  1.24684346  1.34988546  0.98056567  1.16913414  1.15337706
   1.47747087  0.48268345  1.11350489  1.67322791  1.67989433  0.70800662
   1.82524395  1.64131808  1.52918637  2.93019509  1.52390814  1.96805549
   1.18417215  0.91191673  1.78862858  2.76082325  1.9199599   1.286479
   0.95752931  0.6230545   1.80923259  2.58906865  1.46770108  1.83787847
   1.71296608  1.33553958  1.83337212  0.63424695  0.7077862   2.19854379
   1.71757877  0.62373936  2.24993277  0.87937528  1.09561098  1.93972206
   0.96536577  1.36561418  0.48608971  0.77051806  1.68521607  1.90356076
   0.83899546  2.66487145  0.21733591  2.007586    1.38330889  0.8201682
   1.18808365  1.34495997  1.64695215  1.54471409  1.16902244  0.84887725
   1.57991076  1.67510843  2.32723188  0.92001897  1.07754862  1.80258191
   1.89443421  1.54554331  1.79319048  1.25350332  1.61591136  1.8768034
   2.71296287  0.42985231  2.1536901   0.90291023  1.99641299  2.45610023
   1.04501617  1.28213739  1.15298486  1.61420763  1.39776671  0.60889757
   0.97462445  1.5425173   2.86875248  1.39205396  2.15081811  1.75475609
   0.67360705  2.7815969   0.77601248  1.60015476  1.68649316  1.13203406
   1.66741216  2.99778414  1.37338614  0.97238559  1.36281466  1.22832632
   1.35558629  0.61335486  0.64999455  1.33173466  1.24000251  0.89819705
   1.17134559  1.44535661  1.01751816  1.38293052  1.30711043  2.46127129
   0.88607907  1.32652676  2.19905996  0.69773346  2.0366559   2.2814188
   0.98935801  1.25830162  2.49369717  1.42855728  1.9662354   2.70257568
   1.59444225  0.90778506  0.86806965  1.80555642  0.80111784  1.26378083
   1.33728099  1.29691887  1.33829451  1.91627109  1.51494861  2.06671429
   1.5205282   1.68040812  1.80413008  1.36678886  1.54498971  0.91340208
   1.4348402   1.44744635  1.46395838  0.79705375  1.59724033  1.88998187
   0.90790057  1.88691235  1.10646677  1.61320877  1.60796368  1.36029541
   1.28539741  2.56866741  3.08591604  1.32160175  2.09001231  2.5301125
   1.0658139   1.10419858  1.88500953  1.42643094  1.28592503  0.77539146
   1.06681311  1.71808326  1.10996938  1.24032104  1.39187181  2.52029133
   1.59651268  0.87575209  1.97026861  1.01892328  1.85828495  0.67131788
   2.00706625  1.20053864  1.43684459  1.41553295  1.58457494  1.045977
   0.74225575  2.18800259  0.44232634  2.0242703   0.98328066  1.30721104
   1.97072923  1.15956867  1.09939575  0.6393714   0.4977442   2.14611578
   1.07015955  1.61117136  1.18799376  2.0424192   1.41171587  0.72658414
   0.76809675  1.28280985  1.47262728  0.61654902  0.93150932  1.55463612
   0.65171254  0.17514941  1.22798765  0.61026371  1.55649853  1.33061743
   1.97794259  0.78662616  1.27033496  0.91605264  1.76576138  4.63249731
   1.37210238  1.21557212  1.40288401  1.36816227  1.7862457   0.95104253
   0.98820609  1.70773184
