 2.4306047   0.98371732  1.05098879  1.87328506  1.49444079  1.58196938
   1.37239218  1.8357954   1.6547755   1.14372814  1.18116665  1.67448545
   1.45079017  1.36212957  1.38637328  0.63796103  1.55134964  0.54157144
   1.86488307  0.76358569  0.55683112  0.70386857  1.89624882  3.34972692
   3.0403769   0.70955837  0.55546391  2.74838829  1.52091467  2.15200114
   1.30053842  1.37744534  0.45827284  1.48227823  0.59325302  2.27039337
   2.44297743  2.42999721  0.85314083  0.72206092  0.29403901  0.89356899
   2.29453611  0.91783798  0.87116098  0.69791979  0.81000143  1.07403624
   0.92432535  2.25557518  1.61816823  1.56797338  1.29846776  1.93862629
   0.98262924  1.36030042  0.8474887   2.21713591  1.90818024  2.00565314
   0.99882138  1.88779891  1.6180259   0.80991983  0.99099004  1.36873353
   0.93794239  1.69211423  2.09052396  2.30658627  1.34449804  1.51878667
   0.56719208  0.63981479  0.9076755   0.5295943   1.45022452  1.40331614
   0.92454398  1.42815602  1.00149846  1.01846194  1.15820003  2.51099873
   1.98020911  1.22952902  0.96805185  1.52895486  1.69064343  1.64835978
   2.2205925   1.1627444   1.67843485  0.92708969  2.59421587  1.74694633
   1.48565483  0.66668868  1.610726    0.75018603  1.26655281  1.29340267
   1.80097306  0.32826275  1.21287763  2.327492    1.60810542  1.6654985
   1.35727322  2.49253678  2.12055993  2.20526242  1.52120197  1.22215509
   0.49695408  0.84738898  1.04540324  2.13827467  1.6157608   1.32534051
   0.7795983   2.07732368  1.78567588  0.70165408  1.65115392  0.84429413
   1.26511931  1.01603127  1.19283378  1.02634954  0.90193516  1.70159888
   2.5922091   3.3952353   1.39303935  0.52199107  0.6166144   0.72950995
   1.68821788  1.57310224  1.63350546  1.4406507   2.72652173  1.37505519
   1.70803618  0.83649808  1.65914428  0.33284834  2.25180864  1.18892658
   1.43527484  2.42155099  1.68292034  2.09908104  2.0164988   1.82823241
   2.66224337  1.70051539  1.02521873  1.6424247   1.00631785  2.12690949
   1.01505029  0.96695769  0.7033183   0.29225385  0.72496915  1.2916522
   1.03524148  1.25994837  0.55716717  1.58465397  1.50066841  2.15228033
   1.02831292  1.91772616  1.51295972  2.59604645  1.25106132  1.26272023
   1.82248425  2.16332698  1.78500152  1.61446273  1.12659383  1.58733881
   1.87489843  0.70633966  0.94417119  0.88893557  1.56699443  0.96350974
   1.25016022  0.77579844  0.70160413  1.50752211  1.16137981  1.55331337
   1.32395744  0.5598793   1.18293631  3.08592343  0.66212583  1.35054088
   3.84456587  1.52488124  1.45928633  1.28554201  0.98023093  1.3984834
   2.18020296  2.08382893  1.29170704  0.30369005  1.21286428  1.68672073
   1.3576194   0.9253332   0.96021134  1.98166454  1.54874516  1.05821562
   1.88166022  1.05073428  2.65696216  1.93247056  1.91088927  2.28732705
   1.77569604  1.28980136  0.44881916  0.49539772  1.09996402  1.25310373
   2.23643851  1.68198204  1.63215017  1.09027207  1.13943374  1.01394904
   2.39626074  1.03950238  1.0646404   0.92610335  1.97179914  1.19830167
   2.05073786  1.29557681  0.96193039  1.05024636  0.83792055  1.4447211
   2.05060363  1.10132718  0.73845267  0.94510239  0.75286692  0.61916608
   1.75341058  1.73142326  0.95055032  1.37988734  1.71595144  0.75755942
   1.81126857  0.37868634  0.65085745  1.59231317  1.46528435  2.7295053
   1.01569748  1.73421633  1.05855334  0.6859498   1.41310573  1.30072713
   1.70396388  0.65276945  0.93985683  1.42635131  1.22861135  2.21286154
   2.94453955  1.64437842  1.045596    1.11102557  1.15076768  0.93036747
   0.49714118  0.78537768  0.71149814  1.21285284  2.59951878  1.44478512
   1.18626225  0.99171484  1.86392248  2.93011308  0.56955558  1.84829593
   0.93305594  1.19971311  0.79516655  1.96929038  1.37881291  1.11269724
   1.0218575   0.65045029  1.51801467  2.64553523  1.29218483  2.30117321
   0.35811663  1.82275081  1.53074348  0.69155091  1.02648377  1.07295418
   1.74193227  0.94950885  0.79776454  0.97794014  0.94947809  2.12587285
   1.09317338  1.83256459  0.93761718  0.98406982  2.29974103  1.73903251
   1.56080174  2.19851518  0.54700094  1.71191645  1.07096279  1.11023426
   0.98160994  2.14087391  1.03947425  1.9077388   1.40725374  0.91263688
   1.55266249  0.96694726  1.83852637  0.84912908  1.60774183  2.1373992
   0.89561886  1.0774231   1.49478269  1.22857344  1.66536725  1.6165601
   1.29912007  0.49837667  1.93059587  1.07216418  1.6798532   1.09073913
   1.64633119  1.1028347   1.05639994  1.36717319  2.09600568  0.7785517
   2.0533855   0.74387807  1.51330638  2.37683105  1.63685346  1.734164
   0.47275674  2.51114607  1.09792328  1.8668431   1.79770434  1.8896085
   1.19431663  2.66965652  2.08158922  0.85307032  1.94802976  1.39171636
   0.94607091  0.77689773  0.93885422  1.18684208  2.43467927  2.61700797
   1.41796732  2.63226199  0.93713045  1.03025031  0.60543722  1.80539739
   0.83332783  1.78499651  1.689206    0.93222219  1.73904085  1.56906402
   1.12226117  1.07917333  3.08309913  1.86159468  0.69605881  2.19090509
   1.74701679  1.02308655  1.24609292  2.36466956  0.51525903  1.1050272
   1.73432064  1.23235917  1.70732045  1.68903232  1.79626203  2.75769734
   1.183097    1.43467569  2.03397512  1.59822106  1.80244327  0.94095749
   1.33183002  2.10848975  1.32702672  1.95166528  1.12697172  1.17636979
   1.19808757  2.01366878  0.98917896  0.99159837  1.12044513  2.14070058
   0.61318612  2.45061231  1.92980325  1.28309965  1.97512078  2.04165983
   1.13306916  1.23238683  2.28053331  1.43496478  1.00087941  0.78118813
   0.74006242  1.73254323  1.30595398  1.0717963   1.97281158  3.03517365
   2.23451209  1.4044764   1.77741075  1.3608377   1.04855299  0.65599215
   1.29028964  1.38192403  1.06218362  1.7907269   1.10118091  0.89054823
   0.88830078  1.56631482  0.67405897  2.28555655  1.55713332  1.53185272
   1.13083076  1.5151937   1.13021815  0.53965014  0.4091053   1.78296244
   1.62783217  2.49527955  0.93886316  1.73378801  1.9215045   0.19266447
   1.26784861  1.55697548  1.80346644  0.45608473  0.92552167  1.14111245
   1.00264966  0.2072714   0.75889313  1.17832196  1.70521152  1.603984
   1.61739707  0.96600103  1.64585841  0.69505417  1.64156294  3.02122331
   2.04358101  1.17178762  1.29765224  2.20175791  2.28555012  1.66836786
   0.92124408  1.42613256
