  1.28031051e+00   1.38371754e+00   1.70039523e+00   2.14651275e+00
    1.10663080e+00   9.53629971e-01   6.96864307e-01   1.88002253e+00
    1.20793736e+00   8.54856908e-01   1.13499713e+00   1.64270520e+00
    1.11186409e+00   4.28543687e-01   3.72105628e-01   9.67606902e-01
    1.13491201e+00   4.77027029e-01   1.60714376e+00   7.83889234e-01
    7.38512993e-01   8.43961358e-01   9.63734865e-01   1.85956371e+00
    1.11509085e+00   8.88590097e-01   8.97523820e-01   2.11440110e+00
    1.65430760e+00   1.54985905e+00   8.38426054e-01   1.44053948e+00
    9.40258145e-01   6.39572322e-01   1.03888786e+00   1.35680246e+00
    2.23012757e+00   9.64280725e-01   1.64637446e+00   1.43672299e+00
    7.45525837e-01   8.06853414e-01   1.92617249e+00   1.47158062e+00
    9.75644529e-01   1.63683689e+00   9.87205207e-01   1.37594068e+00
    1.16283834e+00   2.79372168e+00   1.47452188e+00   9.33118641e-01
    1.13507652e+00   1.47265255e+00   9.01172876e-01   1.61141050e+00
    1.34666789e+00   3.04600048e+00   1.50411546e+00   9.52757657e-01
    1.17913389e+00   1.91385090e+00   1.61908138e+00   6.75671637e-01
    1.34830022e+00   1.55499864e+00   1.39893186e+00   1.45315886e+00
    1.29174757e+00   2.10687661e+00   1.90106273e+00   1.08988428e+00
    6.26630485e-01   2.16396630e-01   7.96156883e-01   9.32792366e-01
    1.04477429e+00   1.38838768e+00   8.74455094e-01   2.09837484e+00
    1.61235380e+00   1.33986938e+00   9.58476305e-01   1.80259681e+00
    1.18569767e+00   1.33165050e+00   9.55528021e-01   1.60996926e+00
    1.41939521e+00   1.78400159e+00   1.41307735e+00   9.86394584e-01
    1.56390548e+00   8.42703581e-01   1.38276577e+00   1.79987335e+00
    1.66993928e+00   8.68754447e-01   1.46923411e+00   8.97407830e-01
    9.08132017e-01   1.31688857e+00   8.38674188e-01  -3.01071741e-02
    9.72232699e-01   1.69161081e+00   1.98955214e+00   9.16469097e-01
    8.00194204e-01   2.22813272e+00   1.88652194e+00   1.13672888e+00
    1.72240734e+00   1.29109776e+00   8.26939166e-01   1.18495691e+00
    1.07523215e+00   2.00046849e+00   1.33371377e+00   1.04107916e+00
    6.90666318e-01   1.83600521e+00   1.29949820e+00   1.22607577e+00
    1.85280824e+00   1.08594882e+00   1.41505384e+00   1.27333641e+00
    1.29282784e+00   9.27158415e-01   1.39541638e+00   1.56929278e+00
    1.23017263e+00   1.87363601e+00   1.56399119e+00   7.12523580e-01
    9.43495452e-01   9.38488394e-02   1.03012609e+00   1.09856951e+00
    7.13530302e-01   8.71828854e-01   1.97388542e+00   2.02598333e+00
    9.65608418e-01   1.37450576e+00   1.03360605e+00   3.76442432e-01
    1.79868591e+00   6.43024027e-01   1.74241769e+00   1.39469790e+00
    1.39940548e+00   1.73231232e+00   6.13309853e-02   1.88601291e+00
    2.38242698e+00   1.76772201e+00   1.14596260e+00   1.89682865e+00
    7.57037520e-01   1.23797905e+00   7.97360837e-01   1.00311184e+00
    1.29681361e+00   5.31202495e-01  -6.52732402e-02   1.57469451e+00
    1.07942951e+00   1.11049855e+00   8.93309116e-01   6.47573888e-01
    1.03013694e+00   1.87085605e+00   1.70755076e+00   2.73006701e+00
    1.60144675e+00   1.20028293e+00   1.82265377e+00   7.41537571e-01
    1.20258605e+00   2.44339037e+00   1.57513309e+00   1.20394778e+00
    9.04075801e-01   1.53186369e+00   1.15094972e+00   1.19067979e+00
    9.33885694e-01   1.38211238e+00   1.22028685e+00   2.21496248e+00
    9.56982151e-02   7.01999128e-01   5.88496923e-01   8.71800780e-01
    4.52145875e-01   1.46366823e+00   9.33336675e-01   1.35466659e+00
    1.04230404e+00   2.11771846e+00   8.77593279e-01   5.69913864e-01
    3.34263062e+00   9.93137598e-01   1.38337255e+00   1.26599216e+00
    8.94119918e-01   1.29149365e+00   1.13891017e+00   1.44835079e+00
    8.93056452e-01   1.30149031e+00   7.34954298e-01   2.34985518e+00
    1.81937289e+00   9.89687264e-01   5.16413033e-01   1.70754337e+00
    1.75179160e+00   1.08073163e+00   2.12376499e+00   1.11026645e+00
    2.26077056e+00   1.58668995e+00   1.23251832e+00   1.69867408e+00
    2.22274327e+00   8.88023496e-01   4.56355751e-01   6.24186039e-01
    1.70487738e+00   7.16450334e-01   6.79569662e-01   1.64247787e+00
    1.85587931e+00   8.46891403e-01   9.25088942e-01   1.64730394e+00
    2.01377773e+00   1.21573448e+00   1.08229208e+00   4.15620238e-01
    6.15700364e-01   1.34919119e+00   1.50482082e+00   1.16200995e+00
    2.61538159e-02   8.78532112e-01   5.96616626e-01   1.55791104e+00
    1.85792112e+00   5.44395864e-01   1.95166528e-01   1.32126915e+00
    1.42855299e+00   5.87734580e-01   1.57386863e+00   6.93944812e-01
    1.21198523e+00   9.93724167e-01   1.62766445e+00   8.82527769e-01
    1.26069677e+00   9.84606504e-01   7.25703716e-01   1.02247679e+00
    1.07090950e+00   1.98404050e+00   1.18896520e+00   1.54850268e+00
    7.08809733e-01   5.72343767e-01   1.24860775e+00   1.17245471e+00
    1.55381441e+00   1.04788840e+00   1.33121276e+00   1.46377957e+00
    1.53851771e+00   1.26218164e+00   2.14675903e+00   2.10934210e+00
   -1.09736284e-03   8.51015925e-01   1.45745397e+00   1.21743631e+00
    4.36351329e-01   3.37887287e-01   7.01029778e-01   1.28938782e+00
    2.60661221e+00   1.51189590e+00   1.37850332e+00   1.02342474e+00
    1.41420519e+00   2.28645945e+00   8.00895631e-01   1.55196273e+00
    4.78485107e-01   1.09943080e+00   1.08570540e+00   1.91502452e+00
    1.28536582e+00   1.10909891e+00   7.28016973e-01   6.53298616e-01
    1.86862481e+00   1.43812513e+00   1.04497671e+00   1.69320738e+00
   -3.15496549e-02   1.27929723e+00   1.77044833e+00   6.69936419e-01
    5.26356936e-01   7.08083510e-01   2.14512038e+00   4.55493331e-01
    5.04145026e-01   1.10547566e+00   1.07767761e+00   1.23687756e+00
    9.04274523e-01   7.23518014e-01   1.27385139e+00   1.06625307e+00
    1.99083948e+00   1.00615942e+00   9.96699154e-01   2.63373494e+00
    8.29633892e-01   1.27491891e+00   1.50576270e+00   8.31441104e-01
    1.12514961e+00   1.45709991e+00   1.30967033e+00   1.57056129e+00
    1.22106838e+00   6.81323051e-01   8.32683623e-01   1.25331163e+00
    1.01974654e+00   1.37612426e+00   3.17721814e-01   2.14411712e+00
    8.76867294e-01   1.37998521e+00   1.09056222e+00   7.89852560e-01
    1.55582404e+00   1.35513031e+00   1.29366732e+00   1.40214823e-02
    1.73824191e+00   3.39296013e-01   1.64268696e+00   1.88132107e+00
    1.18619525e+00   1.33658791e+00   1.47479916e+00   7.49132633e-01
    1.07626736e+00   1.44469750e+00   1.43614995e+00   7.87389576e-01
    2.05232406e+00   7.93064237e-01   1.79866791e+00   1.69647992e+00
    7.19041586e-01   3.09195733e+00   1.00319660e+00   1.57460058e+00
    1.95390666e+00   9.36956167e-01   1.42283821e+00   2.36012983e+00
    1.00977218e+00   9.30574358e-01   1.29705942e+00   1.64759707e+00
    1.02317226e+00   8.45880091e-01   1.46690941e+00   1.61946857e+00
    2.20997548e+00   1.36414647e+00   1.53442550e+00   2.52592778e+00
    1.35794985e+00   1.23179829e+00   1.01717234e+00   2.42827034e+00
    4.36599106e-01   7.71686435e-01   1.20384383e+00   1.31034100e+00
    9.48762357e-01   6.30427122e-01   1.20045519e+00   8.30448866e-01
    1.68679917e+00   1.25748777e+00   2.40519643e-01   1.84213424e+00
    1.60029042e+00   7.76197135e-01   8.17395568e-01   2.24601936e+00
    1.77980220e+00   4.81345505e-01   1.54825568e+00   1.03694296e+00
    1.58671856e+00   1.41770601e+00   1.14387643e+00   1.72926223e+00
    6.69390500e-01   7.50752807e-01   1.36736965e+00   8.79311323e-01
    1.62776983e+00   1.12415755e+00   1.31029606e+00   1.02862477e+00
    1.50789082e+00   2.34212652e-01   1.60370672e+00   2.02388930e+00
    1.59152341e+00   1.64492106e+00   1.01031184e+00   9.17854309e-01
    1.80641246e+00   1.16523468e+00   6.13636851e-01   2.44112587e+00
    2.37916112e+00   9.32656944e-01   3.14223194e+00   1.81015098e+00
    1.14161909e+00   8.65774810e-01   1.79042339e+00   1.32666707e+00
    6.05718017e-01   8.96850586e-01   1.33134055e+00   1.03365242e+00
    7.99884677e-01   1.34680772e+00   1.54946542e+00   8.32319379e-01
    1.81541443e+00   8.69185984e-01   1.95224845e+00   8.80711019e-01
    8.37031126e-01   1.06099880e+00   1.76341558e+00   1.59462070e+00
    1.19673789e+00   1.50633347e+00   1.15369904e+00   1.68505943e+00
    7.83765376e-01   1.33330309e+00   2.76248366e-01   1.64038050e+00
    1.36094189e+00   9.07802463e-01   3.75450760e-01   1.05110776e+00
    9.40666497e-01   3.83755565e-01   1.13090920e+00   2.09469438e+00
    2.14323306e+00   1.93305719e+00   7.78702736e-01   1.36801887e+00
    1.10987246e+00   2.34026775e-01   1.17821181e+00   1.00396335e+00
    1.04933870e+00   7.62101054e-01   6.38382971e-01   1.04381347e+00
    6.66844070e-01  -2.15649568e-02   1.11319780e+00   7.77360499e-01
    1.61134875e+00   1.64578056e+00   1.76208270e+00   1.10002899e+00
    1.20598435e+00   3.78123671e-01   1.39008319e+00   2.55878568e+00
    8.55421424e-01   1.16003776e+00   1.56263971e+00   1.30563152e+00
    1.68703282e+00   1.69948161e+00   1.01771629e+00   1.15295708e+00
