  1.37756932e+00   1.25608850e+00   1.64569628e+00   2.10857153e+00
    7.00461149e-01   1.32172751e+00   6.60522938e-01   2.37899947e+00
    7.17995584e-01   9.03667331e-01   1.42547476e+00   1.56626272e+00
    1.19543839e+00  -3.23113590e-03   1.25259411e+00   9.17594910e-01
    9.51656103e-01   9.31500673e-01   8.62421393e-01   9.23778355e-01
    1.10106242e+00   1.31246567e+00   1.54873371e+00   1.97282946e+00
    1.90924919e+00   7.12878287e-01   1.65099025e+00   8.69123101e-01
    7.91274786e-01   1.28242064e+00   1.64610863e+00   1.21168876e+00
    1.13653040e+00   9.24151540e-01   1.30620635e+00   1.31898832e+00
    3.13762975e+00   2.41542554e+00   2.21925640e+00   1.53568077e+00
    8.96118283e-01   5.74981987e-01   1.79034066e+00   1.71798170e+00
    1.18333256e+00   1.21418476e+00   1.14060581e+00   1.16088152e+00
    8.86057913e-01   1.73630118e+00   1.70455456e+00   1.59295011e+00
    4.31651354e-01   1.22633886e+00   8.23911786e-01   1.75740850e+00
    1.09257662e+00   2.26242042e+00   1.62262642e+00   1.37711418e+00
    1.52808738e+00   2.46123624e+00   1.16469729e+00   9.80481744e-01
    1.17742562e+00   1.92085719e+00   9.03039455e-01   1.89571691e+00
    1.14455938e+00   9.60243285e-01   2.45945692e+00   9.42662060e-01
    5.65061450e-01   5.64491451e-01   1.38538599e+00   1.04547894e+00
    1.32379198e+00   1.76617539e+00   9.28762972e-01   1.75644362e+00
    1.79150724e+00   1.20732379e+00   1.66320980e+00   3.40076065e+00
    1.79012084e+00   1.45049179e+00   1.09651160e+00   1.51575434e+00
    1.63842320e+00   1.72284043e+00   1.64899123e+00   1.33810043e+00
    1.20461679e+00   9.18899357e-01   2.16006184e+00   1.83347487e+00
    1.82483852e+00   6.14274204e-01   1.21168935e+00   1.35734391e+00
    1.81668341e+00   1.27623272e+00   1.35582769e+00   2.63140917e-01
    1.90103972e+00   1.83540940e+00   2.63659954e+00   1.02418029e+00
    9.41200793e-01   1.94813633e+00   2.27982640e+00   6.99207485e-01
    1.76336873e+00   1.32397175e+00   5.86306632e-01   8.70471597e-01
    9.98231173e-01   1.32392526e+00   2.05960131e+00   1.49316370e+00
    1.37327349e+00   1.46658540e+00   2.45696044e+00   6.94836974e-01
    1.61202514e+00   1.73378396e+00   1.64629972e+00   1.51115990e+00
    1.83664584e+00   9.51284289e-01   7.38482177e-01   9.75981057e-01
    2.21603703e+00   2.88831282e+00   2.03864050e+00   2.42015153e-01
    1.02086008e+00   3.55813622e-01   1.29108536e+00   8.87761831e-01
    1.31329799e+00   1.02561712e+00   2.08361816e+00   2.06702614e+00
    2.08008599e+00   1.17494130e+00   7.05461740e-01   3.12111646e-01
    3.03415227e+00   6.35828614e-01   1.01477849e+00   2.08603215e+00
    2.05805087e+00   2.03826189e+00   8.38012472e-02   1.05746925e+00
    1.99326968e+00   1.55796683e+00   1.02859890e+00   1.50293493e+00
    1.74898958e+00   8.18223715e-01   3.72038126e-01   1.45719063e+00
    1.00439513e+00   8.96003306e-01  -5.92753552e-02   1.00008738e+00
    1.40045166e+00   1.22054267e+00   5.71599424e-01   7.58687139e-01
    1.35876834e+00   1.26659191e+00   1.68041921e+00   2.47427297e+00
    1.65284157e+00   2.44305038e+00   1.82509148e+00   1.02727509e+00
    1.24643481e+00   2.68455768e+00   1.67793965e+00   2.53880453e+00
    1.54020429e+00   2.16509819e+00   1.64861619e+00   7.90648103e-01
    7.77552068e-01   1.06587541e+00   1.22770917e+00   1.69725335e+00
    2.27145106e-01   5.83557546e-01   1.01902270e+00   1.56961429e+00
    9.10094559e-01   1.37236035e+00   8.76055241e-01   8.00960839e-01
    1.93447495e+00   1.00006068e+00   7.26394594e-01   2.07375431e+00
    4.09259796e+00   1.08440852e+00   1.15751660e+00   1.08904266e+00
    1.11788905e+00   1.21827757e+00   1.09613180e+00   2.21442938e+00
    2.16924191e+00   1.52340913e+00   9.61286485e-01   2.55743098e+00
    2.64218259e+00   7.59017289e-01   6.52876794e-01   2.90463042e+00
    1.95328927e+00   1.39382100e+00   1.75462079e+00   1.37036061e+00
    1.40548718e+00   1.80948889e+00   1.28668904e+00   9.48141277e-01
    2.34410191e+00   1.27990890e+00   8.20003152e-01   8.12025547e-01
    1.25467074e+00   2.42857122e+00   1.27494335e+00   9.30830956e-01
    1.67418230e+00   8.86372149e-01   1.29768419e+00   1.63193810e+00
    1.60180247e+00   1.36120605e+00   9.88417864e-01   3.83213997e-01
    3.00772637e-01   1.46809411e+00   1.42030382e+00   1.44953561e+00
    1.19787842e-01   1.54666841e+00   1.31186295e+00   2.43660879e+00
    1.85240936e+00   8.97241652e-01   3.78289551e-01   1.64534450e+00
    9.64139342e-01   6.20239854e-01   2.34212971e+00   6.77132368e-01
    1.42208397e+00   2.04396820e+00   1.71320879e+00   8.78373802e-01
    9.40034270e-01   7.23358274e-01   5.50675213e-01   1.47430623e+00
    1.58720911e+00   1.34704435e+00   1.60829294e+00   1.58552742e+00
    1.65166092e+00   8.56902540e-01   3.04972816e+00   1.31929684e+00
    1.02679694e+00   6.76475286e-01   1.31933463e+00   2.20248628e+00
    2.41959453e+00   1.33722115e+00   2.82529163e+00   1.88071907e+00
    4.66026396e-01   2.13079882e+00   1.61347830e+00   1.13689494e+00
    1.06657207e+00   7.27019846e-01   7.15666354e-01   7.74755061e-01
    2.72855687e+00   5.04553199e-01   1.15307462e+00   1.45679092e+00
    1.43993235e+00   3.38625884e+00   4.65475053e-01   1.95285165e+00
    1.38525093e+00   9.47099566e-01   8.98448646e-01   1.78328216e+00
    1.46237576e+00   1.10814047e+00   1.16699362e+00   6.33872271e-01
    2.49829197e+00   7.38125861e-01   1.48832822e+00   2.56544375e+00
    2.22948700e-01   1.41997159e+00   1.52979779e+00   1.54704642e+00
    7.61857688e-01   1.71030128e+00   1.61450040e+00   1.50285780e+00
    1.87780634e-01   1.37998593e+00   7.70558000e-01   1.74531233e+00
    5.86074829e-01   1.02164698e+00   8.94178510e-01   1.17163765e+00
    2.15368295e+00   1.49330771e+00   8.11987877e-01   3.26152396e+00
    1.16694701e+00   1.46100235e+00   1.39738810e+00   1.09220719e+00
    1.45504844e+00   1.65672839e+00   1.23221517e+00   1.77436459e+00
    1.30842400e+00   5.39794266e-01   1.78910089e+00   1.87075663e+00
    1.18458104e+00   1.53435278e+00   4.18274194e-01   1.59707844e+00
    1.23228121e+00   1.72377884e+00   1.57370591e+00   1.28219032e+00
    6.75235450e-01   1.82931554e+00   1.31356430e+00   7.69860804e-01
    2.35547090e+00   1.50144935e+00   1.91876125e+00   2.51919794e+00
    1.20145905e+00   1.00710857e+00   8.38956356e-01   1.04440725e+00
    2.24285007e+00   1.08936644e+00   1.73189545e+00   1.31301975e+00
    1.54541385e+00   7.77643740e-01   2.44093609e+00   1.60970879e+00
    6.29047811e-01   3.16594052e+00   1.12089503e+00   1.59110057e+00
    1.32325506e+00   2.33705258e+00   9.35757101e-01   1.98844123e+00
    1.07937765e+00   9.40942883e-01   1.69274008e+00   1.97501361e+00
    1.25598490e+00   1.08016920e+00   1.27290606e+00   1.19405282e+00
    2.61084747e+00   7.85776734e-01   1.56453538e+00   1.77406347e+00
    1.15710032e+00   1.50329125e+00   1.27869630e+00   1.26987064e+00
    1.22573167e-01   1.35405517e+00   1.53326368e+00   1.26572454e+00
    7.60536849e-01   2.04139519e+00   1.40115833e+00   9.02511954e-01
    2.68595457e+00   1.44062591e+00   4.15327340e-01   2.80009985e+00
    2.07301354e+00   6.91770673e-01   1.68782532e+00   1.46541071e+00
    1.67075503e+00   1.25551748e+00   1.83730388e+00   1.39106417e+00
    1.47256839e+00   1.62426817e+00   1.92120254e+00   1.63382089e+00
    1.27630842e+00   1.42302322e+00   1.44881308e+00   2.45709920e+00
    1.66507602e+00   1.44317484e+00   2.42504334e+00   1.20149589e+00
    1.44079626e+00   8.46617877e-01   3.02656031e+00   1.14810586e+00
    2.07446289e+00   2.17996192e+00   2.16323853e+00   1.12635589e+00
    1.54564869e+00   1.71799362e+00   5.99189699e-01   2.04772210e+00
    1.79905951e+00   1.56720981e-01   1.56472886e+00   1.74118447e+00
    1.61299253e+00   1.15969694e+00   1.83827031e+00   9.52335119e-01
    1.42694890e+00   1.19057608e+00   8.98566782e-01   1.68416071e+00
    9.85967159e-01   1.62923491e+00   1.99309945e+00   1.23728406e+00
    1.02860999e+00   1.00442946e+00   2.12337255e+00   7.20239222e-01
    1.95265734e+00   8.34973037e-01   2.33962965e+00   2.06313896e+00
    1.25454783e+00   1.37291884e+00   1.11172426e+00   1.07981122e+00
    1.29813564e+00   1.47693717e+00  -2.24964302e-02   2.45448685e+00
    1.23782218e+00   1.39618051e+00   6.65353239e-01   1.47049987e+00
    1.11736608e+00   4.85987723e-01   7.53355443e-01   2.18085885e+00
    7.83770263e-01   2.71858811e+00   1.18103349e+00   2.13213301e+00
    2.25274396e+00   1.67095411e+00   6.89791083e-01   2.07516932e+00
    1.31989324e+00   6.40100360e-01   1.24433756e+00   9.91811454e-01
    7.09858418e-01   5.81141077e-02   1.20108151e+00   7.84612596e-01
    2.48545480e+00   2.02667832e+00   2.30767441e+00   1.20051956e+00
    2.44420910e+00   1.52084243e+00   1.42448771e+00   3.02083278e+00
    1.17399204e+00   1.28366029e+00   9.17262375e-01   1.34802079e+00
    3.00256515e+00   1.16272068e+00   8.99577677e-01   1.75389051e+00
