 1.40762103  2.62545323  1.49413931  2.53455687  1.08771908  1.53364146
   1.59600008  2.59667683  1.27877331  0.55119836  1.8835721   1.29307663
   1.67295265  0.48366904  1.33180833  1.73217177  1.91571748  0.76376808
   0.84627515  1.08657968  1.14333057  0.78918326  4.12877798  1.86475658
   1.32056177  0.70760721  3.32350302  1.94690979  0.54010791  1.50186718
   1.50191092  1.2651242   1.92482102  2.11671448  1.33645999  0.78572118
   1.6808182   1.82757902  1.58566761  1.24117255  1.24816728  0.57203811
   2.29112196  1.27317715  1.0397861   1.21605992  0.97559088  1.07600379
   1.12147021  1.69050348  1.47409976  0.80389106  1.24096119  1.51574492
   1.24427915  1.35372365  0.95990187  2.88763285  1.19707     2.48461914
   0.83382332  3.50031233  0.86262953  1.06616235  1.17525017  2.20162272
   0.97792083  1.78699088  1.50160003  0.77725667  2.1022315   1.16402972
   0.57546413  1.83944309  2.2979095   1.62876618  2.10762095  0.74746221
   1.38073409  1.60499489  2.84537816  1.31129861  0.87423408  2.97639179
   2.2311461   1.12736773  0.88027644  1.65193486  1.57875311  2.45814228
   1.58756578  1.20676756  1.03699875  1.0141418   1.46742809  2.73971891
   1.70587265  0.9046393   2.13145471  0.89222813  2.68157983  1.06752098
   3.20046377  2.20919824  2.50691581  1.73210597  2.08720636  1.5467248
   0.84668881  0.96011144  3.28601193  1.27502191  2.1326251   1.31806457
   1.01741254  0.83756787  1.3104713   1.32796454  1.61186254  1.6203171
   2.14252186  1.96286964  2.51451826  1.2461971   0.70224118  2.45671773
   2.04987359  2.94446421  2.01097059  0.93284446  1.04650187  1.71864736
   1.77969837  2.20732999  2.11226106  0.49260387  1.39216924  0.65824741
   1.90703213  1.24797773  2.4376688   2.36368275  3.55290055  2.64308619
   2.06720138  1.74910295  1.45437992  0.47579196  1.67587793  2.62855029
   0.96868646  2.59044981  2.7917428   2.36751437  1.38159537  1.27750778
   2.35879588  1.45400894  1.02264607  1.32218039  1.9637301   2.31412792
   0.41479239  1.24025702  1.09764588  0.76064885  1.18028295  1.45808041
   1.72619152  1.20341647  0.91738236  1.12389445  2.00778317  2.24287963
   1.79802573  3.20776391  1.91974103  2.49139714  1.184214    0.75962764
   3.04434705  3.14487624  2.1819253   2.76290607  2.56275415  2.1540134
   2.08849931  0.67256266  1.08387673  1.16913092  1.42305136  1.07963169
   0.88538849  1.32306302  1.13811934  2.03958225  0.58007616  1.30964148
   1.48286545  2.07103276  1.40466809  1.71203983  1.13638067  2.97471929
   2.04688382  1.00088799  2.14955473  1.33291304  1.6849978   0.73499578
   1.78028738  3.07044482  0.94806588  1.03915346  2.14037704  3.28729486
   3.09307885  0.82357609  0.85343075  2.90060163  2.2729497   1.57793713
   1.76329589  0.65187126  2.82920289  2.5352478   1.1032145   2.13489795
   3.04214358  1.2806468   0.82172406  1.04935336  2.49938512  2.77410078
   2.38801932  2.62366962  2.50226593  1.49001801  1.04072285  1.51111782
   2.12610555  0.9083485   1.11311388  1.13690102  0.75272208  1.56568658
   1.32511938  1.98757088  2.52082133  0.83931774  0.81243819  3.07473636
   1.32903183  0.88026953  1.18940628  1.07916057  1.43573034  1.04116297
   1.28986776  0.69520092  2.48632956  2.19340777  1.51236999  0.60645813
   1.8841368   2.33153343  1.64439404  0.96386045  1.50425851  2.00505161
   1.12681317  2.84059     1.12372637  0.8165583   3.18417406  1.46663523
   2.49185705  1.20772052  0.73272574  3.50549412  1.70740557  2.31842065
   3.96195817  1.24097395  2.26438022  2.01310229  1.92621529  1.57558179
   1.8559854   2.52551579  2.50377011  2.01365566  1.61217117  0.77352941
   0.63186669  0.91621584  2.29564762  3.70381355  0.94724828  1.51726902
   1.46440196  1.45097673  0.65430963  2.19721842  2.01837444  1.19342303
   1.89738178  0.70500809  2.75410604  2.00844455  1.4584074   2.85976815
   0.36920086  1.38981855  1.45950091  3.23673892  0.90487039  3.13266492
   2.47180533  1.64293671  1.51353467  1.16141462  0.90808052  0.76337576
   1.03454661  2.81793284  1.28396535  1.12640607  1.57501352  2.07727861
   1.77441216  3.19227242  1.52176762  2.0113554   1.39772236  2.58203125
   0.78214514  2.41489744  1.77199972  2.56424618  1.31014848  2.19940233
   2.79753304  2.46769047  1.01499593  1.40703833  1.61027741  3.90747857
   1.42343581  2.49884725  0.73572809  1.93865716  1.28290224  1.32163882
   1.36232936  1.58728945  2.15867901  2.04679656  2.1728394   0.98865426
   2.06472039  1.61890256  1.88109648  1.54750288  1.66533339  0.89936477
   1.48344862  1.18306196  3.29020739  1.97560835  2.64351535  1.62025225
   0.48843589  3.00775766  1.20228589  2.00580597  1.73476684  2.69315672
   1.64276278  2.86259484  1.51779187  0.87811685  1.94472075  2.91394353
   1.54856765  0.78133857  1.08904934  1.1906029   1.98076189  1.35370755
   1.19061697  2.41648602  2.27615595  1.11398971  1.44194722  1.76979661
   0.61460167  1.83607757  2.93930697  1.37247956  1.0110482   1.4792701
   1.35150969  0.82355422  2.39389372  1.87541044  1.11986816  3.92837787
   2.8823483   1.19410169  2.33760595  1.47365534  1.52782214  2.0552094
   1.56570756  1.93452644  1.44398654  1.6256212   1.87348509  2.36633182
   2.02886367  2.96535659  1.90370166  2.81750393  1.96157753  0.94114655
   1.68638861  1.35807943  1.55736506  1.9427985   1.96734107  2.61836934
   1.92555547  2.66867065  2.21317768  1.39414024  2.00658321  1.85136819
   0.93711764  1.79769874  1.70848107  1.04898167  0.95538116  1.82121181
   0.94901115  2.46193981  2.45494914  1.42810214  1.10993159  1.11858654
   0.91766405  1.53870428  2.45123029  0.84611136  2.65091801  2.48114753
   1.19397116  1.00382245  2.17984152  1.54144192  1.40497398  0.83104098
   2.89676905  3.30879593  1.85325754  1.89825165  0.87564844  2.86655164
   1.85230386  2.52332139  0.65907538  2.9641068   1.61123466  1.86196172
   3.19695497  2.57214689  1.37436223  2.22845626  1.0840342   3.24059105
   0.48472378  3.19355965  1.74480188  2.63557673  3.60986185  2.71259928
   1.02180099  2.5609622   1.56387162  0.58922279  2.01284695  1.22953391
   1.74941349  1.26201224  0.93826151  2.61347437  2.25043797  2.14561796
   1.94305623  1.04760969  2.81130981  1.81327987  1.86226392  3.68985319
   1.37552094  1.30729759  0.98598218  2.04949284  3.83437085  0.68622142
   0.75408822  2.36486745
