 1.07562447  0.86959159  3.17709565  1.65507758  0.96506184  1.14967155
   0.85570097  2.6313889   1.01347673  1.80171132  1.59878051  1.69506466
   2.1250608   0.63569802  0.7908985   1.3909514   2.44931817  0.54251391
   0.64627451  1.02755201  1.18248117  1.044173    1.31564438  3.34189057
   1.59926379  0.7117247   1.58451688  2.83835077  1.57580936  1.46628702
   1.44044518  1.35406327  1.564996    1.37729383  1.78246713  1.90626061
   2.63866639  1.57415617  2.42776561  1.39497638  1.18913591  0.7896356
   2.12551045  1.01409912  1.02017844  1.13062847  1.35698724  1.40794253
   1.21075797  1.83992171  2.07513404  1.47414851  1.00230038  1.45213485
   1.57147932  0.71084768  1.24973738  1.53731465  1.03343081  1.5536164
   1.09029496  3.08266902  1.61978483  1.11370826  0.99482918  2.12646198
   0.9736504   1.03365886  1.82932913  1.1867795   2.66459179  1.06086552
   0.85220802  1.20328152  1.57924807  1.40340567  1.20791399  1.79604745
   1.11418509  1.91299534  2.52111316  1.08528614  1.31589389  3.32625508
   2.01832271  0.67020541  0.91883743  1.080863    1.46662331  2.04505444
   2.0356915   1.6773001   0.84059101  0.82246786  2.12579846  1.5171783
   1.50571907  0.77543807  1.79582167  0.84656459  2.88019586  1.12849784
   1.16656899  1.19271243  2.07656264  1.62366712  1.65442359  1.59574914
   2.19536805  1.27846956  2.2051065   1.51887846  3.5047977   1.60980046
   0.64793283  1.42795479  0.62201357  1.87560833  3.97437048  1.07792318
   1.52689254  1.61135101  1.54798734  0.71202147  1.51293635  1.41000545
   1.75894201  1.98126245  0.53488064  0.91364056  0.84288222  1.57887411
   3.20442486  2.4907608   2.25615144  0.54889971  0.99845827  0.45299923
   1.71137857  1.16153395  1.02933824  1.34437895  1.33686185  2.46852779
   2.10899806  0.96515971  1.12301147  0.48833075  2.5336442   1.46365893
   2.07942963  2.36539316  2.88093758  1.1935786   0.37315696  1.70562112
   2.77682972  1.39678586  0.87061256  1.23131907  2.12907004  0.60669625
   0.64258027  0.93933696  2.124681    0.99694455  0.86307168  2.32765555
   1.69961095  1.1940558   0.7049101   0.97704083  2.15472412  2.10262084
   1.19266176  2.54816103  1.86805546  2.09233475  1.29840302  0.93684423
   1.55529428  3.24457741  2.35111022  2.4077189   1.66920531  2.28241849
   2.64913726  1.1363771   0.92746443  1.36353946  1.90810382  1.77033675
   1.06068516  0.71194339  1.19271624  2.08255577  1.31748855  1.40086234
   0.68702829  1.79761243  1.89882767  1.36069441  0.54935491  1.10691261
   3.00134945  1.51422632  1.17949986  1.28233802  1.01786196  1.52421665
   0.90837371  3.03319693  0.89411777  1.76043594  1.27140701  2.49830508
   2.91668868  0.99550718  1.20915461  2.57745171  2.18563294  1.58279872
   1.55316925  1.15922976  1.46470785  2.45695066  0.98945677  1.34511077
   1.90293229  1.73682785  0.92822099  1.72257471  1.567904    2.59054399
   1.18410802  1.29720056  2.43523884  1.2383678   0.76019198  1.11957812
   1.52680743  2.16914296  1.26649201  1.49610138  0.64093995  2.19948626
   1.18144965  0.914846    1.0674088   0.52024978  1.6730336   2.24488735
   2.31488729  1.12874722  0.73565757  1.87985218  1.40655351  1.15423954
   1.76180935  2.17083645  1.73874652  2.08415699  1.60429919  1.2837801
   1.76123536  0.89510947  1.13066173  0.90224028  1.34042597  1.92481411
   1.62924659  3.1264205   1.34860551  1.13756645  3.32102895  1.38245678
   1.0465306   1.53566492  0.84698498  2.4159503   2.50036764  1.25792897
   2.42076516  1.66945732  1.07250798  1.95686996  2.30537868  0.89409983
   1.84660888  0.99953669  2.08368087  1.26809096  2.81513453  1.16708469
   0.94938111  0.87691355  2.62423444  2.83921337  1.04402912  2.35482574
   0.60735059  1.37029791  1.05316901  1.65382504  1.17884517  1.80050325
   1.79477036  0.71517849  2.38315606  2.02777886  2.33946395  2.48246956
   0.31369835  1.40022457  2.30592346  1.23277152  1.74628675  1.90573835
   2.06627631  2.10721684  0.55961579  1.1348021   1.1309278   1.57679403
   0.74316847  1.81080997  1.40816796  1.07668555  2.0208714   1.20112944
   1.15696287  2.93302536  1.76458406  2.66290092  1.59258938  1.51246929
   0.85399872  3.12902546  0.98050052  2.9575851   1.16301262  1.02436006
   2.22528577  1.28387856  0.85349417  0.93211997  1.24141264  2.80312419
   1.27824569  2.3045094   1.01588821  1.14244771  1.15223539  1.79687858
   1.79235029  1.82305193  1.95604575  1.67615962  1.96710825  1.12765646
   2.48181319  1.22558904  1.10285795  1.12334836  1.96401596  1.48881817
   1.29886806  0.88750219  2.65825152  1.60725904  2.46180582  1.4636749
   0.52181631  1.70408583  0.81077582  2.35923958  2.52990603  1.5207274
   2.24211431  2.81899238  2.23815536  1.00620854  2.81303     1.85095096
   1.12565303  0.86998028  1.75233305  1.20363557  1.6482029   0.71154422
   1.15524137  2.18766141  1.80694258  2.14965868  1.9981252   2.0949192
   0.68935692  2.29019094  2.34559727  1.57051933  1.70581162  1.20276427
   1.50680244  1.19598758  1.9860146   1.38624787  0.59480435  3.17361164
   1.78468502  0.75458497  1.74643791  1.77720058  3.21076274  0.82045668
   1.67178154  1.27856648  1.39931786  1.34149241  2.48815966  2.03507519
   1.29959011  3.24161005  1.57869565  1.93204677  1.87413907  1.17821717
   3.02072287  1.36911678  1.76621449  1.56966305  1.75443876  1.48569548
   2.4455061   2.96810603  2.34927583  1.43223655  2.37215066  1.20374727
   1.39724469  1.97867084  1.72592664  1.77355289  2.25802779  1.79302406
   1.99038672  1.20716691  1.10847569  1.34022522  0.92046386  1.12935936
   0.95965546  1.22335649  0.46797568  0.9387812   1.88479269  1.70033252
   1.82373464  1.01974428  1.45533454  1.4339242   2.36099076  0.95063013
   2.71254158  1.90071702  0.23482037  0.72403717  1.05804324  1.69092417
   1.29292476  2.57907915  1.37212121  2.84085631  0.9899621   1.26998627
   0.81583858  2.14940166  1.15975118  0.96094441  0.56340134  4.37966776
   1.42717946  2.40763426  1.49924624  1.69465601  1.73975515  1.30204105
   1.14281023  2.08480859  1.50944602  0.7709201   1.93292809  0.71254033
   1.29968894  0.43993992  0.96207017  0.96076697  1.32874584  2.03754449
   1.46277058  1.30157101  2.58930779  2.16869783  2.77072597  2.2539494
   1.86142063  1.39249218  1.44009876  2.20474315  3.24909759  1.87909055
   1.04891276  1.05664885
