 1.71679986  1.73503387  1.06550384  2.68128347  0.96532065  1.60006785
   2.21943855  2.47777009  1.49038196  2.40608692  1.55937243  1.47153699
   1.61459899  0.10898782  1.45667267  1.26413584  1.76269817  0.57917881
   1.04502189  0.89135039  1.2404114   0.81726545  1.67733264  3.29523468
   1.12632954  1.09113121  1.04846728  2.60894608  1.12703824  1.45566452
   2.0818696   1.78778017  1.44213045  1.32289767  1.55346072  1.73236525
   2.4040277   2.39889479  1.18156278  1.1933434   1.86055768  0.86844444
   2.55215359  0.8986569   0.96424252  1.29408562  1.20879328  1.47396696
   0.91116577  1.423648    1.59070432  1.34352624  1.01271749  2.12450027
   1.49644792  1.77617013  1.03584218  2.63459206  2.38859224  1.2241652
   2.15709972  2.96590447  1.08000755  1.32639337  1.45330083  2.4503448
   0.95578134  2.04839182  1.28564548  1.45955873  3.18079281  1.48549962
   0.83624077  1.17358518  1.78861856  0.78463602  1.63919616  2.0216074
   1.46858001  1.77625322  2.42055845  1.12390065  1.00556946  2.31125259
   2.91716003  0.88823575  0.88081884  1.98177135  1.49300933  1.24825478
   1.88255978  1.93944407  1.3398335   0.8495273   3.10328174  2.02548981
   1.15416193  1.35335064  1.77743196  1.0663389   3.07398367  1.1898073
   0.83931464  1.42354286  2.49782205  1.70969272  1.53846776  1.60941637
   1.77247977  0.61128068  2.911237    1.77822423  3.75302267  1.37776148
   1.12386274  0.97256446  0.84718448  1.58218038  2.86333656  1.81719625
   2.62432265  2.78743744  4.22578001  1.20284235  1.38249242  2.08042073
   2.01883602  2.77629638  0.88878036  0.9707492   0.8839668   2.20455909
   3.13873672  2.13467097  2.54811668  0.76814657  1.14394569  1.19289398
   2.38926744  1.18944526  1.23042536  1.74093926  3.95505261  3.00653791
   2.27957249  0.86157256  1.73963916  0.63119793  2.60348058  1.51482511
   1.22925246  2.49124885  2.98616004  1.90058982  0.94820201  1.15141201
   2.26005864  0.94906896  0.74975419  0.8524093   2.32218027  0.79917687
   0.90535003  1.18596089  2.28883338  0.66619611  0.6836161   1.9936707
   2.20276809  1.20730937  0.6940192   1.45702624  1.15579426  1.31566346
   1.44967461  2.14127159  1.72335529  2.71563196  1.33195984  0.95195538
   2.25027823  2.4971962   2.79098845  1.76390147  2.63100886  2.59964705
   2.95165777  0.97920513  0.8420921   1.01935124  1.46078265  2.23305631
   1.0809586   0.4493793   1.22653317  1.36218441  1.01555192  2.43785572
   0.87128955  1.34839284  1.72675002  1.05805552  0.65811044  2.92915797
   3.18610477  2.22637916  0.62274128  1.10194314  1.72443914  1.67316222
   1.34354079  2.91732669  2.27095842  1.94680214  1.84333134  2.30019403
   3.10593653  0.78306448  1.22180033  3.80176544  2.67638874  1.90554738
   1.4353565   1.6460346   1.96678722  2.59906864  1.53408587  2.43980718
   2.37016034  1.72101772  0.97987717  1.71305549  0.73338956  1.42282438
   1.83612192  2.22958565  3.43743944  1.44728625  0.96704441  1.14888263
   1.77235043  2.10089731  1.21747816  1.68062365  1.29180014  1.18639719
   1.64144218  1.75798917  1.12934804  0.57793844  1.15386808  3.25390172
   1.70294511  1.41991246  1.45303226  1.55385756  1.26626587  1.69632244
   2.18865561  1.6509701   1.94596958  2.43907976  1.6283977   0.75303143
   0.90656489  0.60352588  1.34988976  1.19290233  1.10558617  2.1437273
   1.33908677  2.38791966  1.71675086  1.0231961   2.33597136  1.39700675
   0.66480953  2.98215675  1.14661551  2.65160608  1.71528625  0.72961771
   2.70976877  1.70414984  1.12259471  2.03731585  2.96669388  0.86440623
   2.11816454  1.15953362  1.68239629  1.79682398  3.42825747  1.34181166
   0.84724462  1.11107254  1.67485297  3.04459953  0.19127609  2.5070281
   0.77402508  1.52871287  1.88731658  1.48869038  1.18830705  1.38836193
   1.68481612  1.05641735  2.63716698  1.08446252  1.52427506  3.4158814
   0.37565216  1.21182048  1.5869987   2.48862457  1.7293309   2.0592339
   2.45948482  1.36203551  1.12396002  1.06493711  1.01745284  1.67803931
   0.69844604  2.31997132  0.77691072  1.09309936  1.33136261  1.77014744
   1.0062927   2.86051869  1.12815177  1.51571321  1.2714361   1.14027989
   0.79968089  2.30477047  1.6483072   2.02937603  1.39329875  2.43857169
   2.44739199  1.95923769  1.26966131  2.02434468  1.21218157  1.60177124
   1.34696364  3.23411083  1.29540122  0.33281374  1.66850543  1.19113564
   1.953058    1.13376534  2.10328984  2.15967131  2.14764786  1.32487214
   1.88206732  1.65351915  0.71477383  1.76424932  2.93998003  1.87859738
   1.83889222  1.42485929  1.68715429  2.20254469  3.68285322  1.46870172
   0.75245941  2.45478654  0.74603772  2.18446374  2.213552    3.00845647
   1.90621257  5.04866505  1.30934381  1.18534172  2.15727949  1.79248357
   1.0187819   1.04003     1.77691031  1.27603471  2.84627557  0.88026315
   0.78695148  1.98834062  1.2560041   1.33856571  2.47702575  1.75725961
   0.66008705  1.68809545  3.1656661   2.01947331  2.45646119  1.44056165
   1.75893557  1.01254296  2.77251005  1.53447378  0.76921517  4.88068342
   1.64646471  0.4563413   2.3189466   2.08115101  2.11010766  0.88257974
   2.27033067  2.040447    1.14711261  1.47486246  2.35913563  2.26943016
   0.57945848  3.05489612  3.09834027  2.74333477  1.89449418  0.83777392
   2.08382487  1.11340094  1.28831244  1.27736735  3.19794703  2.10187459
   3.3552897   3.23880196  0.98206621  1.32312429  1.50216138  1.88144469
   1.13960886  2.05886555  2.40821648  0.49310863  1.40059507  1.44517946
   1.92956626  1.63652813  1.46958578  0.94470197  1.8533206   1.01908672
   1.34814823  1.78429031  3.31093979  1.30709732  2.28992915  2.1954298
   2.16534209  0.86320293  1.75798488  0.90371948  2.56802464  0.96904135
   2.92611575  2.08160734  1.30848253  2.37161255  1.00067234  1.85837543
   1.53238046  1.918764    0.88337314  3.05334306  1.15183377  1.73317146
   1.34457719  2.10276222  1.06135881  1.33720064  0.61159283  3.59979534
   1.52272034  2.18968821  1.85867584  1.24124658  2.60643029  2.23422313
   0.56104016  1.46858907  0.95687157  0.94007385  1.64001429  0.59308165
   1.41207993  0.91700804  1.17735517  1.69470739  1.17791617  2.43082476
   1.57803535  0.96382958  2.25257826  1.8688792   2.17091584  2.86801982
   0.77810389  1.5372169   0.92897832  1.79770136  3.26668811  0.66226149
   1.05806839  0.84644562
