 1.32043338  1.98490572  1.51981819  2.1150744   0.64608103  1.28265297
   1.7503674   2.77940607  1.04864025  1.29603207  2.12035608  1.31836581
   1.65960538  0.59362966  0.96630931  0.6169517   1.81286764  0.52291656
   1.37666368  0.94820476  1.12061071  0.80423546  1.87742257  3.99641061
   3.33198905  1.26318145  1.40630066  2.52470708  1.29416955  1.25268316
   3.01388073  0.91244012  1.49420106  1.2613678   1.8619343   2.21126151
   3.58567381  2.63861752  1.58100939  1.51512158  1.34014523  1.07092273
   1.14839399  0.80218726  1.02031457  1.90101433  1.78194976  1.39305568
   0.87710714  1.33713233  1.48728955  1.80293214  0.75235939  2.08073688
   1.70888913  0.9203921   1.02553809  1.98097217  1.6908555   1.343045
   1.56820953  2.18349957  1.30694902  0.94623518  1.59438074  1.87125897
   1.03600264  1.47205174  0.93029094  1.00792956  3.00145078  0.87608105
   0.82877076  1.51597977  1.3420217   2.04096937  1.70325875  2.0759995
   1.01817942  1.47153509  2.22806287  1.13719046  0.94107652  2.21268749
   2.67015934  2.38692069  1.12100816  2.03965855  1.25067544  2.09006572
   2.03802824  1.86433411  1.0023303   0.87499988  2.77254057  1.57456577
   1.1648525   1.12315714  2.90676451  0.91368157  3.11632466  1.51669669
   1.22848022  1.84737074  1.85445142  2.1088922   1.89322698  2.16426206
   2.24651361  1.72991264  2.6598146   0.32019478  2.38084865  1.42006087
   1.30999064  0.75035143  1.21621907  1.23535776  1.82163274  1.36831331
   2.63941693  1.82914269  2.77016425  1.08485484  1.10603344  2.02615595
   2.58103514  3.02917004  0.82835579  0.94040102  0.60545015  1.79319942
   2.50669265  2.10114717  2.51492906  1.32511568  0.80281597  0.96516019
   2.19983506  0.5785172   1.82416189  1.40900207  3.06605458  3.19339013
   2.41450167  1.36306751  0.8198511   0.50851452  2.53575182  1.57774222
   1.96495342  2.15357614  1.92571723  1.38608575  0.44209993  1.44250739
   2.70278215  1.52743804  0.74858952  2.01857376  3.19480968  0.6017288
   0.61957014  1.15277565  1.89125705  0.51968974  0.20538209  1.68935978
   1.4527657   1.26218593  0.89352393  0.56092507  1.75056601  1.8787607
   1.08369219  1.93450546  1.97879934  1.36955488  1.88304353  0.99207401
   1.92550886  2.04105997  3.27941203  1.92055571  2.81905317  2.08885741
   2.82202578  0.75808942  0.96440202  1.02874541  1.78952026  0.9638108
   0.25027984  0.61444587  1.20443475  2.1201098   0.94429487  1.04347205
   0.78986484  2.07844496  2.80709124  1.44689703  0.49634784  2.30023956
   2.47696304  2.21908092  1.0107832   1.43706834  2.00046301  1.14809811
   2.10079288  2.742769    1.6497016   1.43709636  1.22726929  2.08188677
   1.60424519  0.83359355  0.98263931  3.62259007  2.08415866  1.39017749
   1.5778774   1.53419125  2.51682568  2.8642683   1.11608922  1.29608059
   1.93618262  1.47975957  0.56733096  1.93457305  1.39388752  1.30141151
   2.65224886  2.58207321  3.26389718  1.24758601  0.96247554  1.20247197
   2.23495221  1.60941303  1.11270082  2.00274134  1.31185043  0.84205657
   1.18620384  1.52075672  1.02169907  0.81275529  1.38200569  2.55162454
   1.69876063  1.04495144  0.90926355  1.16016853  1.56948674  2.64037538
   1.65275085  1.35087097  1.04836237  2.89729404  1.51696599  0.70889217
   1.65840793  0.67041194  1.41377878  2.43432474  1.30142415  1.66291451
   1.74592209  2.39160657  1.08346832  0.87598461  2.11760592  1.53878009
   0.42537677  1.43855536  0.71103078  2.28791475  1.84910774  1.70981705
   4.16337538  1.00438106  1.22945952  2.20083046  2.90843296  1.24240279
   2.24041295  0.73911095  2.09052229  1.11472762  1.45845747  0.49356267
   0.90354234  0.84115005  1.51671469  3.06251073  0.3122552   1.74186611
   1.68563998  1.03639698  1.08558226  1.63185465  1.45708585  1.56948626
   0.94235551  0.62601495  2.74057317  1.50243354  0.58353621  3.70261312
   0.65837854  1.24733675  1.33994174  2.68639159  1.80303013  2.44106555
   2.45944214  0.91745919  0.22459209  1.2930876   0.85789275  2.05092525
   0.65691286  1.9150852   0.54336226  1.14105618  1.65957844  2.38516068
   0.82677341  2.50189543  1.2016232   2.05881572  1.23783469  0.84297878
   1.13308859  1.43469083  1.16383445  1.639364    1.36511874  2.22208118
   2.87689781  2.09886289  1.76899648  1.39196825  1.50738728  0.94295806
   1.44090819  2.9433167   2.51601362  1.77857351  0.69473773  1.36825359
   2.96050239  1.05313599  1.27917993  2.57688785  2.53780198  0.97003824
   2.09772348  1.97670102  1.04278541  1.37416661  3.21326423  0.96339458
   1.14740801  1.4629544   1.57673943  1.98177254  3.66773105  2.07624888
   0.67830575  1.49963844  0.80671477  2.00086999  1.89093792  2.77936506
   1.400455    4.01132107  1.88454998  1.08144677  2.76879358  1.69068599
   1.14530873  0.58851331  1.68170643  1.08759546  1.93370581  0.82068449
   1.31087899  1.98335457  1.25293171  1.44609904  2.61986375  2.69887948
  -0.05549615  1.84659052  3.34348035  1.10234571  2.27174973  2.47125697
   1.75671744  1.40908062  2.19429398  1.33760548  1.75739586  4.01030827
   2.41879821  0.76117671  2.34524298  1.56472659  2.24152589  0.99478233
   2.67700124  0.80449843  1.67386818  1.48606384  1.99503446  2.00449085
   1.35949647  1.50091326  2.88968968  2.03635287  1.46425128  0.78653699
   2.02991915  0.88021195  1.55450881  1.39885974  2.60979295  1.82546842
   2.4034884   2.63461471  1.44358313  2.42534447  1.15820706  1.33019674
   0.79355091  1.7924583   2.33539104  0.80306882  1.42271328  1.69714904
   3.34895134  2.27197576  1.70072758  0.99741757  1.12976289  0.93249601
   1.07139373  3.86558127  2.06088972  1.40758181  1.93657434  1.61796594
   2.82490087  0.90774769  1.96952212  1.06558287  2.64868188  1.07067657
   3.4108243   2.37655878  0.74244684  2.4528594   0.9013471   2.5388515
   0.87991029  1.78309035  1.3405863   2.7816534   0.63199121  1.72614205
   0.63735729  1.63199902  1.83282232  1.46730566  0.9224062   3.67657208
   2.3303616   2.5237987   2.08482313  1.63733613  1.5925566   2.1377058
   0.64931196  2.28817797  1.3488071   1.009987    3.40592861  0.86836207
   1.88917923  0.48064461  0.86767876  2.21148992  1.84856749  1.74763048
   1.56658769  1.02136052  2.16645265  2.67987633  2.39605975  2.02333426
   0.57059461  1.1523242   0.66523278  1.81381345  2.7095449   0.70822513
   1.06397939  1.21568179
