 1.84193242  1.52432656  1.09907556  2.06766105  1.23581803  1.66420925
   1.70126772  2.28527308  1.09917676  1.41695476  2.06226587  1.19634187
   1.34233379  0.04964904  1.14462447  0.60655779  2.04880524  0.36135149
   1.40719068  1.01028407  0.8713786   0.80926037  1.36934209  2.99633455
   2.00158143  0.73845541  1.12488961  2.03216028  0.46576837  0.57119453
   1.91903627  1.85790277  1.07368946  1.35248983  0.69154531  1.51204848
   3.21701646  1.57075858  2.20362544  1.36871183  0.93682647  0.42925763
   0.70424581  0.78974658  0.90879726  1.37291563  1.27851558  1.08785176
   0.76695335  2.15559101  1.6741668   2.06939745  0.58687818  2.22271347
   1.33438313  0.92652732  0.91518903  2.60773969  1.19111419  1.4384594
   1.64908969  2.7320013   0.9142704   1.05494452  1.46397686  1.69817662
   0.99296069  1.00184929  1.05602098  1.09451842  2.28514218  0.95731831
   0.93096948  1.33584249  1.04505658  0.88960719  1.55288303  2.42839313
   1.06780124  1.97579658  1.69109762  1.12554204  1.61550534  1.91825998
   1.46756363  1.4125396   1.01882458  3.0135088   1.63399279  1.17670977
   3.01009512  1.83584535  1.2798723   0.8907671   1.74583113  1.88835216
   0.60867274  1.24139094  1.83429217  1.48838115  2.32388282  1.53247917
   1.5608288   0.95564544  1.07303298  1.61584568  1.46131408  1.6945101
   1.56837928  0.91842848  2.36625409  1.18814397  3.2655797   1.1460011
   1.06369615  0.7360394   1.65560699  1.40619731  1.9304533   1.91828048
   2.10726476  2.17744756  2.02898049  0.98044223  2.52068162  1.4108479
   1.3717382   2.03585601  1.033512    0.9279958   0.82530361  1.56623793
   1.41837978  1.33019412  2.50848484  1.01165366  0.46278515  0.8047604
   1.81951118  0.68147433  0.81750721  1.59380376  2.60315347  1.6594907
   2.86760783  1.09361446  0.84289306  0.4670614   2.47884727  0.76242399
   0.95900369  1.83931327  2.61812162  1.90199816  0.4375377   1.7916919
   2.21427083  1.19547141  0.69266605  1.95309186  1.81192458  0.98368841
   1.1297189   0.93720549  2.57838631  0.51264501  0.91172618  2.86321831
   0.89595062  1.41929233  0.86567628  0.41347018  1.38692009  2.54674983
   0.69815439  2.52599025  2.38327861  1.07391     1.3433305   1.13461292
   1.62481928  2.21060514  1.55833352  1.68376374  1.17826438  2.51165152
   2.94557047  0.47612488  0.99057662  1.31788433  1.69136667  1.55234027
   1.82991505  0.8923313   1.29219449  0.91952944  1.45978153  1.1965847
   2.03601599  1.60624123  1.63375664  1.25882614  1.07054627  1.92619729
   2.83040595  1.07350302  1.00366306  1.44077587  1.66507089  2.00249076
   1.33682132  2.5664463   1.73204184  0.79976225  1.27367151  1.37358773
   2.25262856  1.06494236  1.2854507   2.5036459   1.48943722  1.14829588
   1.33764565  1.04744458  1.74920726  2.41502142  1.01672351  1.52623749
   1.31096423  1.60316074  0.9424479   2.09152222  1.08825755  1.85546172
   3.48941445  2.07601142  1.92799711  1.41035306  1.18480551  0.86086124
   2.058887    1.6414566   1.50307977  0.95564181  0.57292283  1.04918611
   1.68127644  1.34450185  1.57484925  0.75223136  0.70285517  2.24030542
   1.94151306  1.66847718  1.77100217  1.52612126  1.35480285  1.43248105
   2.99132204  1.42601061  1.90171182  1.9853996   1.50756598  1.14865732
   1.31367552  1.08010387  2.03430581  1.7238816   1.43292713  2.24932027
   1.73021233  1.70346951  1.64811516  0.75622112  1.64229453  1.37140322
   0.8788327   1.07853973  0.83186418  1.95050621  1.67888927  2.52780199
   3.69177651  1.51305091  1.08538556  1.5231576   1.81162763  1.25592315
   0.99030048  0.85183895  1.62823188  1.22488832  2.59663415  0.85918319
   0.8345533   1.60254824  2.14717436  2.5249691   0.8245815   1.35161829
   1.58619177  1.22243404  2.18825912  1.5706203   1.87465739  1.1315099
   1.59027433  0.63187748  1.92273629  2.27412796  1.85438514  2.74728608
   0.22964442  1.71325982  2.55200076  1.83656847  1.60559857  1.16687667
   3.2535851   1.2630527   0.55020487  1.2435385   0.88570225  1.10996628
   0.30257598  2.29480958  0.63484484  0.91057205  1.87803972  1.45181108
   0.7837652   2.52926874  1.94764042  1.6723206   1.62626421  0.60899484
   0.36900207  1.3026948   1.54245615  1.51054597  1.14916003  1.06979024
   1.64947975  0.97603422  0.82278925  2.33986974  1.35504043  2.24210787
   1.04500246  2.15160179  1.90131402  1.34955096  1.32378602  1.75847912
   2.59912848  0.52707529  1.79114628  1.4796474   1.64574146  1.68223751
   1.56039393  1.45777464  1.40719008  1.29258144  1.98587096  0.75935888
   0.73246545  0.69413906  2.30414796  2.26563406  2.82633591  1.73764396
   0.35074258  1.60421073  0.81749761  2.27930284  1.56081295  1.99021852
   1.62214911  2.46245599  1.44702601  1.07540536  1.44163847  1.89764154
   1.37248349  0.81676567  1.24102318  1.19527459  2.66117525  0.36713412
   1.46823704  1.54067719  1.13624573  1.9521662   2.37805629  1.83999717
   0.13649505  1.93496549  2.32025647  1.27616489  1.57710755  1.74345338
   1.30480945  1.20774245  3.10687304  1.80640781  1.5260359   3.60532951
   1.66155124  0.94361216  1.46173596  1.58784866  2.33742523  0.90291774
   2.19992805  1.22576857  1.9774313   1.38196111  1.71452391  2.13270211
   1.03851676  1.27163005  1.56872976  2.53925252  1.34276748  0.69005764
   1.73876131  1.71638799  1.21277153  0.86557198  2.45947289  2.00880218
   0.71829015  2.00002432  1.63471985  1.04520059  1.78097796  1.9397769
   1.11033893  2.24637389  0.98130804  0.92926133  1.69110453  2.3443594
   1.12643445  1.20126319  1.82234108  1.1112926   0.87293285  1.06080949
   1.28700995  1.88737726  0.93416452  0.88602436  2.24736905  1.3317306
   1.50901854  0.91138411  2.73969913  1.12305915  1.41472626  0.82428551
   1.96193361  2.19308782  1.50151229  1.58444488  1.0685668   1.85683346
   0.97422183  2.25658774  0.49656618  2.06734705  0.70930314  0.93760604
   1.07156825  1.34362066  1.28883255  0.87108845  0.55296487  4.29508591
   1.39305067  4.16174889  1.90830708  1.72471285  2.15640974  1.64464724
   1.10181212  3.01140976  2.67108274  1.23967123  2.5789113   0.74083489
   0.94523495  0.7242977   1.16902483  0.9143039   1.14888144  2.0566268
   1.77709961  1.04743719  2.73247075  1.59533024  1.79605484  2.88266325
   0.68818074  1.47673345  1.53877413  1.41364181  2.75076485  0.8731181
   0.74542463  2.56791544
