 1.72260797  1.20901597  1.7904526   1.78334117  0.98668951  0.70845407
   1.42241049  1.64321363  0.76331478  1.16252518  1.89260781  1.25024402
   2.04091477  0.5598073   0.58310771  0.68143392  1.94853806  0.50550961
   0.73831701  0.96522713  0.89410561  0.78991425  1.01420951  2.27301168
   1.99425852  0.91577321  1.27611923  1.08317935  0.50332516  1.225142
   2.40589881  2.07404494  1.22132087  1.38841641  0.96067542  1.89411819
   2.54966927  2.32904172  0.57203233  2.01065373  1.33800519  0.20668532
   0.99968493  0.92407274  1.06265092  0.90619147  0.74563521  1.34165072
   1.81037772  1.69700336  2.13370562  1.81930339  0.26324567  2.00310993
   1.12562168  0.92014337  0.75929451  3.04621196  1.64825368  1.51608753
   1.10577226  3.4408462   1.0789696   0.90032905  1.60198545  1.01856244
   0.94303691  1.27061236  1.29388189  1.62436366  2.47234344  0.59441113
   1.15568912  1.14383864  1.22220159  1.62475884  0.6819976   1.23469496
   0.94807851  0.8049584   1.98201036  1.12396467  1.04894722  2.34248376
   1.90378714  1.45871246  0.95754617  1.61396503  1.5441047   1.24297178
   2.38011885  0.7569539   1.03640282  0.97083414  1.27687502  1.37537205
   1.78488839  0.54178953  2.65844107  0.84257424  1.60402071  1.03904235
   0.66715395  0.64577293  1.52666974  1.89292502  0.95303744  0.95951992
   1.23466122  1.04318368  1.61836147  1.67762148  2.2776463   1.31423807
   1.20025301  0.69222474  1.75236619  1.71855342  1.94337988  2.1817019
   2.3244133   2.37021041  1.18452168  0.61909693  1.67675066  1.59215069
   1.97762501  2.53602791  0.30576664  0.94995379  0.79591554  1.14749682
   1.22023559  2.22308588  2.01081562  0.63765752  0.44646478  0.52693564
   1.69194961  1.33604217  1.0275296   2.04303241  1.82979989  1.63614917
   2.7727232   1.22362077  1.03631842  0.93243188  2.00071955  0.86884797
   1.1729039   1.6338855   2.39554191  1.44079721 -0.00485846  0.88879943
   1.75083816  1.59576082  0.98879606  1.50023162  1.22951603  0.73419398
   0.85791594  1.28358281  1.47159743  0.99910742 -0.00404284  1.49008262
   1.38512135  0.96526068  0.58739173  0.65425289  1.14510667  2.03385878
   1.29435647  2.08702278  1.63835335  1.60409963  2.24718499  0.62207389
   1.14853835  1.0846293   1.96932328  2.0661149   1.46504104  2.10614944
   2.55695319  0.62381744  0.92289472  0.86770105  1.88787127  1.54094791
   0.43502113  1.04978979  1.61889803  0.57196712  1.21323252  2.35053778
   0.89340454  2.16596365  1.67297542  1.55809247  0.87362021  0.72103018
   0.97691321  1.40938056  1.20073211  1.23616803  1.11329818  1.16984236
   0.96224129  2.39469481  1.14097369  0.58187306  0.78281796  1.4801333
   1.08484721  0.67685682  0.07197378  3.03073907  1.21626508  1.88001418
   1.84218609  1.01954579  1.1091392   2.72480893  0.9538691   1.52193213
   1.18848026  1.18276095  0.73848212  2.63948059  0.80058414  1.57838881
   1.79839182  1.53148925  2.5779345   1.00761557  1.15145123  1.97654974
   2.1596806   1.45582652  1.17926598  0.69888729  1.27569437  1.2429527
   1.29094458  1.46712601  0.29983899  1.11709917  0.60908955  2.31255913
   2.14818406  2.26991677  1.37600875  2.06074166  1.31457293  1.12057543
   3.04152513  1.2623105   1.90135205  1.89523864  1.60903955  1.21323836
   1.13555539  0.65504158  1.97474551  1.49450159  1.35120952  2.2983284
   1.80878782  0.93450224  1.34970987  0.82295364  1.14343381  1.21087599
   1.15451884  1.1200999   0.88135564  1.81329834  2.04778433  1.30166864
   3.23636436  1.07869732  1.67700601  1.17648852  1.85077918  1.00731909
   1.41678023  1.20488834  1.86102772  1.13598561  2.77242637  1.03487206
   0.87280422  0.79318357  1.48772097  2.84037852  0.37416902  2.12461424
   0.82089001  1.0405159   1.01353312  1.73078752  1.55606639  1.36050236
   0.77687263  0.73205227  1.92836523  1.81998646  1.64415216  1.74354422
   0.65520823  1.60000479  1.26449192  0.8916164   1.90206838  1.47074902
   2.12598324  0.57246041  0.87146801  1.16765893  1.22942591  1.78086448
   1.08688414  1.96370375  0.6181553   0.73313344  2.02697253  1.61238933
   0.91710341  1.79265988  1.26494586  2.1216948   1.76157355  1.19261456
   0.60276222  1.73988247  0.95397228  1.77366078  1.20762432  1.22688353
   1.01530957  1.30498409  1.05240595  1.00057948  1.2548908   0.97535187
   2.10011268  1.62520289  0.60572213  0.86977476  0.79262668  2.23046041
   1.56143391  1.00814974  2.10198474  1.58347929  1.83670795  1.88958633
   1.9545306   1.11636961  1.46755207  0.79109895  1.0458703   0.86737609
   1.0670898   1.2375803   1.92340112  2.14374971  2.47063994  1.33105314
   0.44900647  2.78407979  1.29231691  1.93782198  1.83983564  1.34686065
   1.4798882   2.44948578  1.91740394  1.0205363   2.01455069  1.6458528
   1.5619297   1.10819542  1.85325003  1.50511777  2.78523469  0.70950186
   0.84868956  0.99466491  1.04058337  1.33493161  2.29970217  1.06820691
   0.00850529  1.98840797  1.70967305  1.30606759  1.42585325  1.28552926
   1.31182492  1.1475637   2.26327848  1.95185733  0.63774693  1.88441336
   1.58494043  0.69834238  1.85003173  1.58068466  2.41400361  1.27962399
   1.78512716  1.05090904  1.81926823  1.77174294  1.35706794  2.18001103
   1.46657455  0.87775701  1.6229912   1.3230511   1.66625285  1.06778383
   1.87673259  0.83506477  1.50217366  0.21165183  1.34720385  2.13448334
   1.11943173  2.12623358  1.60716784  0.63034356  1.78958452  1.90906465
   1.20460999  2.31778765  2.09621787  0.98938644  2.18717003  2.74038005
   1.29213059  0.98022085  1.32522464  1.63618076  1.07019889  0.99622244
   1.57700741  1.95793939  1.93912041  1.21047759  1.8749702   1.4269799
   1.77470934  1.12286663  2.3618238   0.97492224  1.64901865  0.92026961
   1.90499628  2.17335391  1.56080759  1.73062658  1.31810284  1.50132787
   0.76725292  3.12618947  1.26934457  1.90860224  0.5731228   2.06745577
   1.05444157  1.16792536  0.63124263  0.51797324  0.56636304  2.26919198
   1.30470872  3.89263129  1.61579239  2.46889329  1.23198378  1.8545866
   1.35505915  2.99344897  1.25172961  0.98429501  1.39816511  0.8933723
   0.85522008  0.32971272  1.10772383  1.4230684   1.52680099  1.9251188
   2.86996508  1.20958292  1.50602531  1.77081454  1.47939873  3.72578549
   1.2762605   1.77857292  0.59664828  1.34721553  2.39258909  1.06137323
   1.13900852  0.72757548
