 1.05247664  1.42176819  2.00044346  2.46577096  1.27044463  1.74617434
   0.77121764  2.72390175  1.11140037  0.69312876  0.92523593  1.02934265
   1.18095732  0.18498439  1.25141478  0.67726845  2.99466944  0.73059052
   1.11164033  0.83748907  1.10731649  0.79871207  1.8920337   2.49069715
   1.91383958  0.79804897  2.36466455  1.4294467   0.25692752  1.11169362
   1.97230899  1.38215244  0.77083588  2.11541939  1.80411053  2.4606781
   2.14778805  1.70779538  1.23329532  0.87442672  1.19948101  0.96622312
   0.95220423  1.23299551  1.02739716  1.025424    1.34793699  1.0597465
   1.76633537  2.59983039  1.75155687  1.61631513  0.17460206  1.91905761
   0.79647446  1.14678848  0.51853365  2.22813654  1.34058297  1.91998136
   2.16243291  1.49759352  2.01250315  0.89311427  1.80773604  1.79461217
   0.82888091  1.59481347  1.48551571  1.34550345  2.07602334  1.71111023
   0.49934998  1.88599491  2.31213284  2.02860689  1.61011851  1.15512669
   0.92820394  0.95538801  1.1349014   1.09843075  1.04223442  0.90847462
   1.60153985  1.88522911  0.97001278  2.01764727  1.77921236  1.15380859
   2.91199207  0.67433608  1.10895526  0.83095837  1.7453773   1.66587794
   0.81814021  0.85476279  1.9634335   0.51801699  3.8029635   1.42194545
   1.53848159  0.87075931  1.77008128  1.56592381  2.02256799  1.94922137
   1.92573547  1.67121482  2.39856029  0.92873967  3.92315626  1.09860873
   0.70790774  0.97746897  2.74296737  1.15924191  2.00928807  1.22876394
   2.84596562  2.37842917  1.93249774  0.86669993  1.25901926  1.11295974
   2.57794905  2.48695707  0.898745    0.97218615  0.42605251  1.88741887
   1.00977206  3.17526746  2.02586627  0.3658846   0.75591934  0.42045617
   1.75254405  1.21249938  1.60293603  1.19791913  1.84060812  2.49639392
   2.29529405  0.92241895  0.84524089  0.96908063  2.9080894   0.33199936
   1.02833426  2.58080816  2.33755589  1.2379446   0.68713874  1.22737277
   1.63933516  1.44733822  0.67643338  1.82181776  1.90736246  0.55534029
   0.446484    1.24862218  2.68164897  0.77578521  0.68459338  0.97540045
   1.18061376  1.19570363  0.62088168  0.88650525  1.2091881   2.0626564
   1.32838678  2.28596902  2.56684875  1.66074264  1.39079893  0.68226564
   1.32670391  1.40257704  1.93557739  2.38700652  1.27800703  1.50087762
   2.55721259  1.45958245  0.92237067  1.21496034  0.88232917  1.72787881
   1.61528456  0.76651657  2.93296957  1.01071167  0.85701019  1.98024917
   1.21124673  2.17894316  2.05021381  1.50510478  0.46591556  1.34840071
   1.4338553   1.75507927  1.30734038  1.44247675  1.35901296  1.4264766
   1.9340421   2.30868626  1.01426721  0.56284708  0.89291233  1.32335794
   1.7282244   0.61211526  1.36464119  2.28386736  1.78363013  1.36830366
   1.96676838  0.98797655  1.87156081  2.82596946  0.71206349  2.76995945
   1.83378625  1.49948657  0.87033617  0.86156237  1.21270001  0.91302687
   3.01635051  1.86555851  2.56484079  0.92173541  0.81224775  1.272946
   2.14571929  1.17637169  1.05063486  1.61555636  1.38144445  1.25276649
   1.05447018  0.68599701  0.5003407   0.78508294  0.86630601  3.02664948
   2.71351528  1.18124723  0.57613474  1.53186321  2.27964664  1.52140903
   1.33437479  1.02681851  2.0116818   2.12110305  1.73439825  0.49264792
   1.45092499  0.92389089  1.73117495  0.87003124  1.45592988  1.80042684
   1.26382196  3.04438376  0.72405452  1.57397032  0.80572444  1.1556989
   0.99658036  1.57384157  0.79144567  0.92660588  1.43684304  1.98081481
   4.4684248   1.10423124  0.57820725  2.13668799  2.42027855  0.94065386
   1.47316408  1.64131296  1.43616974  2.43310046  1.45070803  0.50026512
   0.56784099  1.61157632  2.20549059  2.42479444  0.8344388   1.4193728
   0.54989249  1.1143446   1.10626614  1.32285106  1.33195889  1.05411351
   1.35639334  0.64273608  2.17276955  1.64186323  1.59895647  1.57595217
   1.13646615  1.5495404   2.20391488  1.53612602  1.94385028  1.58604383
   2.47210693  0.67061388  1.26774168  1.44789064  0.43043941  2.0053854
   0.66926277  2.89217019  0.52843028  1.11453009  2.23558259  2.87760878
   0.91864574  2.96146894  1.05041122  1.31416905  2.18291664  1.53489316
   1.14112246  1.02033722  1.56374383  1.64900351  0.93075168  1.54019594
   1.23962188  2.43933463  1.48344994  1.46067441  1.03846204  1.02915835
   1.53587532  1.80269074  0.97515166  2.30739045  0.89448243  0.92764354
   1.39041591  0.71619797  1.72532582  1.77575004  2.03523874  1.70587337
   2.24247718  1.32135785  1.09412408  1.20555937  1.98511946  0.87380022
   1.44374192  1.57628775  2.32649946  1.52615213  3.09288263  1.68168151
   0.54174101  1.82190979  0.64194661  1.80723119  2.55873203  1.99969757
   1.22231853  1.78981304  1.23469961  0.94523627  2.41080499  1.51967001
   1.21871376  1.35117853  0.8838588   1.144804    2.49972987  0.94519705
   0.85711938  1.75708544  1.10740697  1.33455861  2.58490467  1.76728415
  -0.05621997  1.10731208  1.32904553  1.34059381  1.27912903  2.16627645
   1.57107317  0.90985775  2.38456273  1.70779717  1.58227086  1.58986366
   2.22187567  1.28934634  2.16253996  1.71812463  1.66583383  2.11128831
   2.42155194  1.6225574   1.38757098  1.42326319  2.01916814  2.31953096
   1.33748293  0.97005039  2.36059928  1.89081538  1.08190751  0.68064839
   1.39958119  1.07260954  1.44149625  0.20922893  1.24753523  3.13781071
   1.10921586  2.4764545   1.46138966  2.21453977  2.43567395  2.17249322
   1.29875946  1.7159512   0.9309957   0.39516339  1.9045012   2.21319818
   1.33729005  1.66167295  1.67963624  1.22081304  2.3947978   1.23289061
   0.77331913  2.8197031   1.07205153  1.07867336  1.80513     1.3825382
   1.12857783  0.68033522  1.89431012  1.15730059  2.57398176  1.41021252
   2.2482295   2.14561987  0.70796454  3.53822279  0.94037187  2.47960615
   1.01273835  2.23876143  0.5022074   2.3227613   1.49888635  1.41280329
   1.41556525  1.62750137  0.51414067  2.33658934  1.11196947  2.90406966
   0.45196432  4.85359383  1.39315033  1.97257054  1.89114428  2.04316139
   0.65872842  1.9275825   1.37657881  1.41769671  1.5072664   0.57382113
   1.30143881  0.96418875  1.26514339  1.6884923   1.8860954   1.43257046
   1.86108661  1.13676012  1.31519496  1.59843194  1.08220887  2.8283875
   0.84518391  1.9773258   0.88475996  2.07902575  2.08087444  1.02172732
   0.83943999  0.9371053 
