 2.01564932  3.15636015  1.28232169  2.30767417  1.15873218  0.52918392
   1.12101793  2.55804038  1.0536263   1.26730883  1.90885341  0.59671623
   1.7276032   0.19056796  0.82710922  0.46118915  3.33183908  0.37286261
   0.77326435  0.94305748  0.63843095  0.98372334  2.72757721  3.79658031
   0.7402637   1.54944277  2.10827494  2.66414547  0.13412201  1.52913129
   2.25464106  2.19863462  0.58089328  1.81688416  2.98564506  1.99286294
   1.73583579  2.22924399  0.9224416   1.07050979  0.9294644   1.0059917
   2.20161963  0.79266828  1.19381273  0.76085114  1.11183071  1.10206771
   0.9877125   1.00065184  1.63290679  1.72426724  1.67827535  3.27261424
   0.96462613  0.59728384  0.72052515  3.07797337  2.08006573  0.84767801
   1.29946566  1.37320673  1.08014262  0.45621511  1.12916577  2.52260518
   1.10489058  0.99841315  1.5930599   0.91017562  2.18885303  0.73295474
   1.2158798   2.0893352   2.82791591  1.24812329  1.83050942  1.98630071
   1.55773687  2.87885523  1.53403461  0.89200199  1.37445378  1.93759859
   2.01403999  1.60905039  1.17108524  1.1511817   1.16702628  1.28452539
   1.19597948  2.19482589  1.50717354  0.53488684  1.32518399  2.07878256
   1.38555837  0.81246823  1.4067893   1.56124341  3.15920353  1.05711281
   2.65781617  1.65848172  2.8813014   2.37819004  2.3707993   2.13363576
   1.34040213  1.34828639  3.50358725  2.13104486  1.99725759  1.24525595
   1.62222469  1.20538676  1.39734793  0.94865364  1.23251867  1.44925499
   2.2165339   3.02939606  4.6822772   0.55482179  1.96121812  1.73967075
   2.96725392  2.46097279  1.27624679  0.79410541  1.18804598  1.03882599
   1.59059811  2.5440259   1.99531317  0.41019878  1.19208407  1.43734741
   1.7882179   0.86601597  0.82773846  1.61383677  1.75780714  1.5598681
   2.35154724  1.33461368  0.79746157  0.15752429  1.84087348  2.16036344
   1.23382401  1.8097446   1.82322538  2.29078221  1.14914048  1.64754307
   2.61876726  1.17546558  1.07860327  1.81272757  1.07933152  3.18993235
   0.67801523  1.25209832  1.4336307   0.80082959  0.1032873   1.48968101
   1.05834746  1.14101684  1.39543569  0.43937889  2.47048831  3.10940504
   1.11717272  1.24546206  3.19658875  1.82187772  1.45328557  1.44492066
   1.58057857  3.49561858  2.22464943  2.3358593   1.695454    2.51043987
   2.164464    0.73444229  0.8197692   1.2358216   1.266572    2.49671555
   1.48821783  0.47239092  0.85018587  0.39553842  2.3990922   1.33422494
   0.93855786  3.30788589  1.74021983  1.71786118  0.51986778  1.9477073
   2.35610223  2.50133896  1.1494385   1.30849373  1.29362965  0.94796139
   2.79485369  2.4424665   1.20677781  1.56067812  1.21881747  1.21149397
   2.51312661  0.78027976  0.67970431  2.56510711  1.35167646  1.923172
   1.16982603  1.43709207  2.94132829  2.13150167  0.79538298  1.45249629
   2.77841568  1.56105602  0.88167948  1.2889415   1.31524634  2.5921526
   2.10099769  1.79642761  1.62298954  1.23793149  1.02535415  1.82584798
   2.52457786  1.77917325  1.0828582   1.71789587  0.82888645  1.43932319
   1.77131593  1.10511112  1.95005059  0.92640847  1.56267381  3.08136988
   2.19095826  1.34454167  0.5024125   1.51753902  0.8278864   1.45445168
   3.52407098  0.55896741  1.83274186  1.75139546  1.82908452  1.10897613
   1.49003935  0.53868729  2.14683223  1.11655653  0.86399364  2.96954322
   1.97233188  1.78997159  1.36175108  0.89804417  1.19584012  1.24664319
   1.04591858  1.66539776  0.77500981  1.37872398  1.71696162  1.49233389
   3.19315386  2.61656976  1.05779529  2.12985682  2.23728943  0.76095748
   2.16800594  1.40559042  0.62848556  2.89747643  2.03104448  0.59541482
   0.68044603  1.41409659  2.00593591  2.42954898  1.82004392  1.92440176
   0.47096229  1.31543398  1.23405933  1.9960295   1.36019719  1.10623944
   1.03148341  0.82693207  1.56706715  1.25554502  2.35645342  2.18105745
   0.86000121  1.54532087  1.65047359  1.67719734  1.68431199  1.59246242
   2.87305546  1.93844044  1.09776807  1.6373148   0.7203728   2.13813806
   0.39889574  2.19398189  0.65073043  0.69467586  2.32110691  0.88822246
   2.0437963   2.97650027  0.36491418  2.34692478  1.42878926  1.52615607
   1.19970512  1.67878747  0.91124016  1.63626778  1.14707386  2.08280754
   1.46156478  1.42091596  0.88890082  1.51343286  1.62613928  2.10841489
   1.9264766   1.79218471  0.56588376  1.7758255   3.28595161  1.9257381
   1.38873923  1.09711969  1.97376084  1.90942144  2.70906186  2.85151339
   1.91646945  2.55523372  1.2568891   0.87572044  1.32254875  0.80841768
   2.47772217  2.6222477   2.88668966  2.57407832  3.62048221  1.40609789
   0.37736669  0.89655191  0.82205832  2.12787271  2.27246261  2.66747499
   1.57020187  2.28715563  1.92715251  1.23690808  2.80831361  1.39109659
   1.4103657   0.83453721  0.66160429  1.11638844  1.79714656  1.39833951
   1.14311588  2.04591298  1.9265008   1.99782765  2.34319901  1.8326695
   0.69543445  1.44197845  3.11818433  2.24525094  1.97444689  1.42356634
   1.27635634  0.93014163  2.50713539  1.83008337  1.24282205  2.75051451
   1.68755519  1.7143805   2.59803081  2.23210979  1.09795821  1.43896449
   2.90420914  1.0184685   1.52769363  1.51190054  2.16671467  1.87663066
   3.05050969  1.19375205  1.23917913  2.47077179  1.51149213  0.8408969
   1.71419847  1.08210087  2.1368382   1.46080458  1.19646204  1.19671965
   0.5625515   2.96456051  1.11156619  2.63229966  1.70341969  1.03354204
   1.51352167  1.97029614  1.6189214   0.94678015  2.35274267  2.23594332
   0.82130885  2.09798479  1.17638421  1.49008465  1.09265733  0.96484786
   2.25738215  2.90157628  0.96675712  1.09521842  1.6845032   2.40817666
   2.41983104  1.42022252  2.98411489  1.16570508  1.95300293  1.0279547
   1.91850138  2.04738045  1.09674072  1.6314404   0.64445162  1.63273263
   0.44156739  4.1946125   1.0227567   2.49724436  0.98204839  2.36906385
   1.38386822  1.59879327  0.774562    2.56202793  0.83705658  2.12760019
   2.53565049  3.28260303  1.20293486  3.29971886  2.42090631  0.98746192
   1.03232765  1.86019433  1.68055916  1.13398027  1.92491138  0.49292529
   0.82386661  0.48109224  1.90891731  0.60055661  2.21455646  1.06196404
   1.8150146   1.10894442  1.70718014  1.58150315  1.1549294   4.10617352
   1.48305595  1.53356695  0.94712508  1.82879376  2.18632984  0.22921182
   0.95167774  1.76471746
