 1.74762785  2.60977173  1.28735673  2.49186087  1.10389626  1.56444216
   1.46410978  2.41072512  1.26168668  1.55226648  2.16085434  1.53935671
   1.27028036  0.27082062  1.38636923  1.29059136  1.58742476  0.57089579
   0.82813013  0.84789419  0.95277184  0.78672487  1.85309863  2.85974526
   1.70433092  0.96520782  1.76208746  1.82616282  0.72009593  0.77882171
   1.5320847   3.15816665  1.38056183  0.68830806  0.7769317   1.5800004
   2.69479513  1.57647336  0.79774946  1.06442297  1.05223143  1.48200917
   1.89983523  1.46317887  0.97375399  1.39576685  1.14619982  1.33941102
   1.20349264  1.30936277  1.53969741  2.20325398  0.56509715  3.45106316
   1.59549212  0.94523233  0.7421217   2.41201901  1.4014225   1.08758593
   1.2524544   1.98307967  1.17502213  1.02093065  2.1535027   2.54510307
   1.00453043  1.06485271  1.22046494  2.04421115  2.40294242  0.61698192
   1.23163271  0.94765007  2.35698676  1.50989723  2.26659226  1.67491066
   0.48375344  1.28745496  1.72635913  1.05634439  0.89461833  1.79036796
   2.12737775  1.11425889  1.07373834  2.34722495  0.95248723  1.629408
   1.78370512  2.6397841   1.06393611  0.7974835   1.42825019  1.90312648
   0.762573    0.60329378  2.62886477  1.0706532   2.08650136  1.14905763
   1.65160894  1.06373537  1.27497101  2.41082835  1.65679288  1.25083864
   0.81367373  0.92866743  2.26528001  1.6587007   2.83919692  1.20881999
   2.21678019  0.70995247  1.8348161   1.58582544  1.1531719   1.25484002
   3.4923861   2.21577621  1.61204803  0.89717513  2.28174448  2.86206126
   1.78426301  2.24538183  1.23836529  0.87999159  0.67747986  1.00221431
   1.79047787  2.90278602  2.47432208  1.64191139  1.10878932  0.49612975
   1.94785333  1.84176147  1.58554339  1.37783086  2.66937542  2.090312
   2.70508194  0.84177196  0.76459736  1.08597028  2.20851946  1.02980804
   0.85264426  1.91099811  1.90488112  1.41960239  0.29724142  1.02663839
   3.18485284  1.19502032  0.78895205  1.65999961  1.27152491  1.58201969
   0.98662806  0.99608129  1.2600944   0.77465779  0.58298582  1.63551903
   1.22539926  1.14798784  0.98738444  1.44435906  1.8138622   3.53508234
   1.34886718  1.53584075  3.30096149  1.31312525  1.78370917  0.95949876
   2.34344959  2.15563083  2.01503801  2.64865494  1.73770368  2.20301843
   2.81125069  1.07183123  0.73201382  0.87899804  1.53445208  2.22113252
   3.0682404   0.37225163  1.72807837  1.47596717  2.15612435  2.14308548
   1.07481694  2.21530652  2.03793764  1.76060486  0.68973434  1.30394387
   0.77063918  1.49502444  1.467381    1.82447553  1.30427349  1.11361885
   1.33980751  2.4669013   0.89216995  1.10235894  1.24763942  1.72968209
   2.65973616  0.91949761  0.46338299  3.19703794  1.12923491  2.20073581
   1.90318763  1.52323866  2.21129966  2.71018505  0.80029404  1.33488262
   1.68578875  1.41156316  0.99823529  2.73725843  2.14256668  1.3730787
   1.35466444  1.93910885  2.5611341   0.90313876  0.96546113  1.51765311
   2.32293487  1.8961066   1.06199181  2.31671906  1.85430515  1.68155253
   1.67869365  1.12315011  1.14499629  1.28388953  0.81197232  2.68912435
   2.71593881  1.32877731  1.4035691   1.34622216  1.25423527  3.0948298
   2.34962344  1.13830352  2.1160934   2.11292505  1.87696004  0.92839819
   2.76365352  1.38797355  1.33893573  1.23870659  0.84328544  3.87958527
   1.81549454  1.69014549  1.0875206   1.30544782  1.85113096  1.28430712
   1.6499083   1.58968544  0.91778767  2.18668008  1.9712292   1.84132767
   2.3001101   0.92901021  1.80562925  1.9282403   2.07472062  1.0041393
   1.68701446  0.84011471  1.02339625  2.02511477  2.76678538  1.73490608
   1.49969172  1.64780879  0.93868065  3.06294489  1.82627189  2.3755281
   0.42990425  1.14864886  1.75381029  1.92549586  2.61869621  1.16137278
   0.78355688  0.94655055  1.93222642  1.57361472  2.54560137  1.87362802
   0.86306089  1.52693295  1.67189801  2.62836289  0.78084826  1.24531388
   2.03611827  1.20633698  0.99885327  1.29098499  0.60816526  2.3745079
   1.05868638  1.25633705  0.55031025  0.53762203  1.7367481   1.9342711
   1.84194636  3.07947254  0.70968825  1.53412187  2.01658487  0.80168962
   0.99946326  2.54727197  1.71662283  1.32088268  1.01340377  1.19281125
   1.65348184  1.86438942  1.48269403  1.46881688  1.40678596  1.74069583
   1.52332628  2.10133052  1.29143131  1.13426232  3.54160786  1.57649779
   2.21382928  0.98389202  2.16139007  2.12154675  2.43376684  1.77365458
   1.73433757  1.49225891  1.25700092  0.68498206  2.07471609  0.97253877
   2.18044686  2.42956376  3.11706662  1.9601022   2.70433354  1.84967768
   0.48342454  2.08481693  0.84571248  1.96346593  1.8918997   2.04232621
   1.29806626  2.15736389  1.97155368  0.95215791  1.83561492  1.34019458
   1.22176898  0.97390896  1.34310734  1.22947848  1.621961    0.7029593
   0.69263572  1.60594285  1.8339349   1.89644313  1.74452364  2.44498801
   0.18456826  1.23464477  2.31971884  2.2891109   2.70393825  2.46743202
   1.23494029  0.83913428  2.29236031  2.52053022  1.51701617  2.44167089
   2.31268692  0.9839015   1.99691737  2.08016896  1.2231847   1.00431621
   2.20375109  1.01636577  1.69180942  1.3925705   1.70663393  2.69587278
   0.75744522  1.09702575  1.9008522   0.99489737  1.37897325  0.74263895
   1.84599817  1.1607722   1.10696268  1.04611111  1.43722248  1.70853281
   0.57508665  2.5527935   1.04264212  1.62427413  1.94573247  2.12421298
   1.39623785  2.31681705  1.15571606  2.01559067  2.04549336  2.23026848
   1.44340122  1.67892504  1.22305107  1.87795186  1.36264801  0.94285423
   0.67696649  1.80118918  1.00977647  0.89480072  2.41060781  2.71613932
   1.98234439  0.90437216  1.45864928  0.85150969  1.28758037  1.14027441
   2.06853676  2.51790857  2.37944555  1.54899478  0.7679832   2.13940263
   0.88656449  3.40527654  0.54451358  1.89622366  1.15937042  2.1140883
   0.39013031  1.79560268  1.022879    1.9636724   0.56002361  1.73569119
   1.44375885  2.44540906  2.46669436  0.66515481  1.97362757  2.06801915
   0.63481241  1.77718604  1.28636098  1.02375543  2.18544436  0.77369207
   1.11467433  0.38990071  0.7981658   1.00004256  1.23085511  2.21997309
   2.04404497  0.92701542  1.70681334  1.63038754  1.90712476  3.07380271
   0.9827981   1.91403735  0.87122935  1.34557688  2.52308607  0.67623377
   1.02107787  1.70959365
