 1.20765173  1.51852083  1.2643168   1.85956085  1.03238142  1.68582082
   2.05710888  2.18618631  1.23167765  1.78386986  1.05763423  1.76629639
   0.78717691  0.23179995  0.5523504   1.4133997   1.80086792  0.64194202
   2.08554935  0.95320642  1.21330738  1.04379368  1.97797787  1.90310514
   2.4321382   0.86011714  3.13004327  1.68852401  0.45085299  0.87363595
   1.72017956  1.41922677  1.87770152  0.76639003  1.06544816  0.93029523
   1.42379475  2.05718231  1.29690635  1.07773745  2.00925493  0.88974649
   0.83647764  0.79231471  0.89703542  1.38053036  1.21950495  1.03227031
   1.58039713  2.36217999  1.4064045   1.52751005  0.60159153  1.5788765
   1.30140758  2.44727397  1.22526336  0.96814442  2.56217837  1.37010503
   2.8642962   1.07140434  1.5611515   0.83761084  1.20028377  2.21622634
   1.004825    1.69523644  1.5922581   0.77315432  2.41677356  1.06393373
   1.04521537  0.14026952  0.56499851  0.9767732   0.79973978  1.12977779
   2.37818885  0.95248067  1.51359391  1.3191874   1.30929732  0.83823276
   2.0409193   1.48272943  0.90743136  2.18948936  1.94498909  2.20883894
   2.56146908  1.20664179  1.46902287  0.97455406  1.95389342  1.93817592
   1.0183624   1.06303895  1.33107376  1.24973118  2.51138306  1.24261785
   0.52774245  1.64117539  2.11937881  1.55707896  1.96444416  1.26820683
   1.42713284  0.82757175  2.63012648  0.36983377  2.32116389  1.23996294
   0.43017071  0.54668099  0.57821101  1.94303393  1.42509663  2.22697902
   2.03856707  1.25875318  2.9147892   1.34060335  0.76914889  1.60555196
   2.38249373  2.30553794  1.50081182  0.92330474  0.64297581  1.50503075
   2.49944186  2.43474603  1.83747864  0.71500605  0.93159568  2.30356383
   1.55916572  0.72544575  1.51534832  1.63548553  3.14131403  1.05826569
   2.07587719  0.9261167   1.03950489  0.83515698  1.87649596  1.02163017
   1.93893361  2.11031365  1.09209108  1.66400504  0.47471574  1.99415255
   1.73785138  1.28937089  0.63486892  1.07068086  1.87903941  1.67439485
   0.34919438  0.93245441  0.96919012  0.50476879  1.15369332  1.74359524
   0.95243496  1.18964171  0.78690791  1.37130141  1.25851703  2.44493294
   1.81619775  2.15270519  2.6018703   1.65475607  1.53803027  1.02077579
   3.58011246  1.64086914  2.56026363  1.69713724  1.63590598  1.5142467
   1.08900654  0.8767646   0.95033443  1.16404521  1.40787816  1.58482122
   2.01330328  0.57186437  2.20622444  0.93685955  0.83853924  1.30207741
   0.81523567  1.46741617  1.51008248  1.15413404  0.95088488  1.40751231
   2.64007568  1.51984906  1.66221833  1.14902043  0.73128235  1.31648445
   1.100999    2.06093717  1.96001327  1.22299647  0.83212793  1.78863764
   1.01289892  0.56525356  0.60470808  2.79753447  1.67609668  2.84115863
   1.40319479  0.54809314  2.65685034  1.34694922  1.05964732  1.37379408
   1.5727551   1.13237429  1.36482167  1.51650703  1.45148766  0.71819073
   2.0305028   2.55868983  1.87500596  1.02470279  0.89273775  1.16351986
   1.63861454  1.77914727  1.2399801   1.38553023  0.87666398  1.00992429
   1.28453159  0.88681704  0.39763701  1.40043139  0.60156602  1.90009212
   1.55824614  1.00684381  2.27138495  1.56780076  1.17943466  1.8333596
   1.03245437  1.06354785  2.1170013   1.5790031   1.67553473  0.7574932
   1.84289193  1.25538397  1.72220099  0.82083333  1.08989608  3.64415026
   1.79458058  0.96958989  1.05726659  1.21640289  1.02781606  1.40514779
   1.53342998  1.31002271  0.85335422  1.06785345  1.3151567   1.54132116
   1.96803164  1.53658175  1.2193836   1.54717088  1.87855315  0.95590293
   0.64364731  0.59052861  1.71190858  0.90285414  1.96330488  0.51956689
   1.21481216  1.99838352  1.13758314  2.22702909  1.34818316  1.1154412
   0.73520941  1.07535958  1.45895731  1.6515727   1.6748364   1.52382874
   1.18521404  0.99354017  1.46263695  1.01267302  0.63616687  1.95891607
   1.10207808  1.57953918  1.62154222  1.61264503  2.38904119  0.94905412
   1.01910663  1.07355392  0.68967247  1.42588508  0.82487905  1.60931396
   0.78410369  1.94361806  0.62709069  1.05430639  1.74263084  1.15579343
   2.39249778  3.1624825   0.47438565  1.86561263  1.40744555  0.9761759
   1.06625128  0.75746506  1.94862318  1.02038491  1.13933372  1.58028185
   1.48673487  1.50641334  1.79189253  1.70910037  1.1217171   0.78705931
   1.74704611  1.80421102  0.69209462  1.6742394   1.3805263   1.20955086
   1.82460499  0.35708755  2.36303496  1.51537716  1.28913772  1.24670029
   0.94274616  1.28979397  1.35400057  1.84123158  0.98218685  1.09762788
   1.61428821  2.05694485  2.40389538  0.49603698  2.41026855  2.60013771
   0.5262633   1.84803855  0.69253719  1.72623062  1.35372031  1.44406271
   1.49597657  3.50333428  1.6207763   1.33344507  0.68057239  1.15762258
   1.50322723  1.02724171  1.23274064  1.10623467  1.72461081  1.36405945
   0.9274497   1.21314251  2.08599257  1.17382467  1.97370744  1.55049431
   1.06620169  0.77481443  2.04082012  1.0000813   1.91015017  2.40513778
   1.9619664   0.84248996  2.78683543  1.75702477  0.96254611  2.93244767
   1.64837062  1.11538279  0.74678504  1.35055375  2.2186265   1.42791319
   2.35890603  2.19172406  1.35842562  1.58151686  1.75028753  1.99241173
   1.99927664  1.93341029  1.32201898  1.54856813  1.30850554  1.34263194
   1.98422372  1.23288941  1.25904119  0.95227349  1.87962055  1.49552655
   1.87194622  2.18825245  1.57776546  1.90687299  1.36564612  1.14785445
   2.24835014  2.13253927  1.14336431  1.21311867  1.1629554   1.30825377
   1.18539381  1.59111273  1.11277831  1.24224007  2.17522573  1.04065573
   0.92057371  1.14211571  1.1873647   1.02609181  0.99022967  1.58619857
   1.76318884  0.94040686  1.77725494  0.81743628  2.11593246  0.78759998
   1.72810733  1.74272156  1.46736312  0.92017984  0.99982476  1.98247147
   1.1459825   1.92505193  1.01297116  1.94956672  1.87271488  2.23876977
   0.67242378  1.70035958  1.52397084  0.93468046  0.68613142  1.91606534
   0.578794    1.44073761  2.02134871  1.65360606  1.90579271  1.15738988
   0.81648046  2.71731687  1.0637089   0.77627093  1.02285528  0.71256363
   0.82921219  1.44450796  1.56307483  0.92480969  1.15682983  1.91729152
   1.33253014  0.9738853   1.91632366  1.71518731  0.9559859   1.77266955
   0.90913749  1.54612648  1.66807103  1.44861031  2.26246428  0.43272546
   0.89672971  1.37402046
