 1.21233058  1.30869973  1.2421031   1.01014209  1.70027006  1.52751791
   1.5922699   1.08421695  1.09364891  0.22650564  1.67248547  1.16900659
   0.78759807  0.25483561  0.25510114  0.43871766  0.79039192  0.61109358
   0.8798092   1.02962065  1.31925964  1.01732528  1.63324416  3.11646342
   0.50177443  1.19414639  1.11428416  1.84852052  0.6545977   1.57230771
   1.59786105  2.08186936  1.07041633  0.99454743  1.36870778  1.66534841
   1.48970866  2.09907055  0.98626554  2.19208622  0.77558261  0.49222732
   0.88121819  0.75072032  1.06473088  0.89344531  0.7698139   0.99805558
   1.12192607  1.29174137  2.12952328  1.38950169  1.14175987  2.27307677
   1.1866343   1.20404458  0.87190884  1.66064668  2.01937699  0.94639522
   1.18637943  1.16174471  1.46412909  0.53709275  1.28598893  2.12171531
   1.09828651  0.87128818  1.06965065  0.53171664  1.6838702   1.02164471
   1.21382153  0.88211787  0.62426215  0.85596794  0.82141489  1.82495964
   1.18899369  1.47708881  1.07457364  1.28675723  1.15418553  1.24935949
   1.03784454  1.18864644  0.93540013  1.47930944  1.2572993   0.98611176
   2.14506149  1.63350713  1.67121565  0.72347981  1.22203636  0.95568669
   0.92476594  1.03855538  1.20024562  2.25515294  1.54103589  1.05982947
   0.46237752  0.78650504  0.48293862  2.89626336  2.06739473  1.30246139
   1.17296457  1.22550416  2.24025607  1.533499    2.32577395  1.3455106
  -0.05447258  1.44474709  0.72350788  1.408494    1.77521348  0.87780219
   1.08997548  0.76470321  2.25594115  0.93402922  1.44114542  1.72769201
   1.14892507  1.31057787  0.6824438   0.94718945  0.90534782  1.62293065
   1.33024538  1.81964493  1.19848025  1.14568472  0.86557662  0.61380917
   0.93241388  1.51275516  0.90476066  2.30250525  1.17345667  1.58795404
   0.57434684  1.37297428  0.62198484  0.71042526  2.15905285  1.5559901
   1.58672309  1.71146035  0.43540183  1.52429283  0.57247317  1.53812551
   2.51687336  2.87447906  1.00773335  2.09686971  2.04686904  1.52890134
   0.88437545  1.54773748  1.1061846   0.50005186  0.71598232  1.21291435
   0.62942278  1.23965108  0.98257995  1.26755655  1.46046543  1.71121788
   1.43221986  1.43625867  1.93151248  1.32106698  1.61593187  1.64388573
   1.97135961  1.46502447  1.27937794  0.7173087   0.83168477  1.2350167
   0.6138382   0.81109142  1.21212137  1.20237243  1.98791635  1.83209074
   1.48466361  0.91426295  0.55175656  0.7748248   0.67420006  0.6821751
   0.78978431  1.79320323  1.88592696  2.38056111  0.68628305  1.42685699
   2.6547842   1.59015489  1.75298679  1.31065381  0.91804218  1.02846193
   1.2339679   1.38219917  1.36154878  1.03107166  1.14472234  1.34982073
   0.83968377  0.73835272  0.37984571  1.70673883  2.21554947  2.20663214
   1.23585749  0.81071997  3.65663052  1.38587654  1.27406526  2.21882534
   1.70625556  1.69229496  1.29234791  0.91750395  0.93331254  2.08076429
   1.60755348  1.64893913  0.898691    0.75310189  1.51183367  1.23671412
   2.49980974  1.43877804  1.11792171  0.40526065  0.7553764   1.04489875
   2.12275314  0.92213196 -0.06308407  0.66630846  1.59538686  1.28226578
   1.79945135  1.08763313  0.60012132  2.28251266  0.7495479   0.04045758
   1.66871893  1.31782603  1.4672972   1.29845798  1.7891475   0.40404409
   2.66246367  1.55874634  0.93155277  0.81430715  1.42852914  2.21961164
   1.24052382  1.3764832   1.02134371  1.08042741  1.42870712  1.2821604
   1.38533378  1.41430473  1.32484007  2.07595563  1.63672709  1.62532115
   1.82266724  1.37249613  0.18649402  0.81770301  0.74252236  1.26576591
   0.14010747  0.36759526  0.92387795  0.64500511  2.69485641  1.08417952
   0.79130816  1.5903945   0.94356704  1.95071208  1.21099949  1.416798
   0.58323503  1.59977973  1.12239718  2.42947245  1.8537426   1.13944304
   0.93517768  0.97057486  1.00769329  2.27583694  1.65666699  1.08749878
   0.272912    1.57805526  1.83782589  0.85481346  1.51177239  0.25178537
   1.39736235  1.12601852 -0.02086421  1.48929858  0.9719488   0.55079609
   0.47105861  0.95819151  1.44205236  0.9375549   1.57484102  1.50822222
   0.71904486  3.62976241  0.80153817  1.58472717  1.71130657  0.95818061
   1.218647    0.80481499  1.79650855  1.71676207  1.30053294  0.83440661
   0.93946016  0.88432699  1.36108148  1.21497869  1.03371727  2.06807613
   0.89192295  1.09379733  1.31527603  1.69564307  0.97256488  2.10569263
   1.22771227 -0.02263299  1.50793481  1.796206    1.31930089  1.29890716
   1.50251448  2.22333384  1.79436386  1.3795588   1.12964892  1.24933767
   0.48625913  1.58662665  2.34250283  1.63618898  1.24562204  1.84596097
   0.56286341  0.84252208  0.94920099  2.36525083  1.64548028  1.23491693
   1.47476101  2.2568872   1.7485441   1.53408051  1.40313649  1.35914648
   1.21386588  0.97091293  1.21619999  1.45056486  1.49138284  1.31244934
   1.43558991  1.70627797  1.40756786  2.33995461  1.06415498  1.37863672
   0.80444556  0.78150809  2.43550992  1.27647936  1.74425173  1.3423872
   1.28494573  1.39029801  1.79150534  1.95560801  1.22068727  2.58143473
   0.57202899  0.81401885  0.54577762  2.85059381  1.24192512  1.16186416
   1.79112685  1.26597309  1.40840364  1.3144356   1.91758394  2.12547588
   0.51643217  1.06392694  0.93481159  0.91159505  1.50412953  1.23914587
   2.32622051  1.46122468  1.62565863  0.32314247  1.24520493  1.47608745
   0.74411672  1.7936759   1.34110188  1.65157259  1.38029718  1.27138698
   1.52786958  1.94073701  0.85875392  0.97838813  1.56925547  2.49241734
   0.97132391  1.07202148  1.45232439  1.85720026  1.01938617  1.26365328
   0.85213     0.91184008  0.56874615  1.08856499  1.37363815  1.32703054
   0.74412674  0.92418557  2.03155422  0.81927156  0.90910071  1.14093888
   1.43508136  1.45491552  0.90648794  1.26196492  1.11814904  0.14515167
   0.83405757  1.925264    0.9746865   1.62324619  1.04531574  1.39365196
   0.62779063  1.33622694  0.82039332  0.5907734   0.74234551  2.76600718
   1.16946876  1.78489554  0.93227625  2.91335034  2.37431717  0.6360634
   1.59095633  1.71549225  1.737396    1.31325114  0.9324587   0.52542955
   1.18996632  0.37119886  0.74881446  0.76064986  1.064551    1.42379344
   2.48345304  1.00695777  1.76080251  0.37613374  0.59579843  1.74738669
   0.80679965  1.32215297  1.66019511  0.93006063  1.68928683  0.95607227
   0.66736168  1.24798894
