 1.52284765  1.41341949  0.9300468   2.00577521  1.44703376  1.4215548
   1.61418378  1.60109508  1.22305441  0.13561346  1.50995064  1.22192907
   0.79235393  0.78274226  1.34581459  1.41395283  0.96031386  0.67017454
   1.07259774  0.90318108  1.13348317  1.17153096  2.22613001  2.89738655
   1.3063637   0.88442951  1.29951131  1.05672634  0.11239865  0.83234012
   2.14295912  1.40869641  1.94118631  1.2649852   0.64203072  0.92888534
   1.84228957  3.63995862  1.0376339   0.94032198  0.98695111  0.8905654
   1.77079213  0.72414315  1.06200218  1.24939668  1.42974615  1.29976726
   0.65272158  0.72613919  1.76455069  1.11845171  0.5038085   1.30171049
   1.47277427  1.63261926  1.08622038  1.31073928  1.73896825  1.37372959
   1.18624842  1.08697391  1.18584514  0.70919228  1.76077688  1.82769895
   1.1092273   0.79296267  1.13163066  1.67677164  1.37649393  0.91185898
   1.28623378  0.4237867   1.37413228  0.74885005  1.15580142  1.8698709
   1.10958099  1.46433163  1.6151073   1.26111197  0.92409521  1.63500571
   2.502666    1.25036907  1.07880509  1.12059999  1.22945392  1.5504998
   1.26747084  1.77328348  1.28957534  0.78791279  2.19530845  1.00674152
   0.86207777  0.89186925  1.13826227  1.32012677  1.34640014  0.98538196
   0.62002331  1.75935352  1.49415851  1.73271465  1.14462817  1.1304009
   0.66027057  0.91181296  2.27435946  1.5660919   2.40714574  1.29235733
   0.49760813  0.67770338  0.53069633  1.65331519  1.42554748  1.10143173
   1.15529072  1.07403791  1.27951527  1.05339038  1.35014355  1.21668375
   1.85239661  1.24605381  0.83728397  0.85410386  0.88995802  1.215639
   1.51077354  1.59859359  1.40806675  0.42312554  1.33220828  0.227458
   1.83769619  0.69938129  1.14536417  2.08924723  2.7400713   1.28887367
   1.81549585  0.99333864  1.62591577  0.56149381  2.05056691  1.3909229
   1.75570238  2.19929886  1.70876265  2.13176656  0.64516896  1.18565106
   2.18856788  1.65917873  1.16590881  2.43036509  2.23357987  0.5678066
   1.30859423  1.39586961  0.81465012  0.4861795   0.45989975  0.91990238
   0.69581503  1.15891957  1.00587261  1.63758516  1.12294996  1.54153359
   1.44623721  1.74292755  1.75015712  2.19726849  1.16543329  0.73808807
   2.0598793   1.43169892  1.85818791  2.23151636  0.77689475  1.77689481
   0.87205237  1.28525198  0.83190042  1.24189448  0.78679943  1.59219146
   0.76922679  0.22400765  1.89353538  1.11892664  0.86393768  1.34849942
   0.82382053  1.15083206  2.20013189  1.48628008  0.95216435  0.79803127
   2.17468715  2.03444767  1.61704278  2.01628804  1.55569303  1.82550716
   1.52054799  1.40505648  0.98163068  0.4811514   0.8975597   1.76200688
   1.95658529  0.72790962  0.12558995  1.84419036  1.59275961  1.73604858
   1.21554065  1.81723082  2.63781285  2.58519936  0.70021147  1.84923792
   1.41617441  1.38152766  1.16227901  1.36058652  1.12705088  2.01654458
   3.59442806  1.90795958  1.1432147   0.92570579  1.28878224  1.43427587
   2.2913444   1.1096375   1.22486663  1.91963959  1.39273     0.92262673
   1.47286391  1.36571014  0.84549534  1.54057336  1.40823126  1.71484935
   1.23683929  1.1134975   2.27080178  3.03993082  0.32993472  0.27246886
   2.03981829  0.44200853  3.0019176   1.66420102  1.80225551  0.85923803
   2.01088619  0.88325804  1.8743844   1.12754416  1.33725035  2.09490538
   1.22626638  1.45254934  1.16505182  1.00494277  1.61950696  1.34754753
   0.58449024  1.00487125  0.96653122  1.08530319  1.18609297  1.32492244
   2.02624369  1.13805175  0.61576158  0.90169358  1.58804119  1.5669992
   0.93413657  0.45945358  1.25681722  1.12205577  1.70506406  0.95672518
   1.31690967  1.55263078  1.96758437  2.60285234  0.39297232  1.69505262
   0.10760528  1.26932204  1.78168976  2.15966535  2.17083192  1.23237896
   1.43622673  0.86508006  1.49171567  1.802953    1.78999782  1.44437587
   0.34545961  1.76007462  1.44486701  1.66978705  1.13435328  1.20055234
   1.14152181  1.25065255  0.9215309   1.23985517  1.18807101  2.55694962
   0.39967752  2.09845161  0.89648128  0.88741755  1.34347117  2.51002216
   0.85308641  2.61186171  0.37533054  1.3507421   2.03574038  0.73358774
   0.95935929  0.14374125  1.65008116  1.78619981  1.19195855  1.28721929
   0.86540842  1.08383095  1.37765431  1.56200814  1.62446463  1.74914169
   0.55021644  1.34061849  0.91961247  1.79726195  1.81535161  1.53353679
   1.66379118  0.47183427  1.76443696  1.27160954  1.57087493  1.71888447
   1.0310427   1.6906184   1.25273442  1.53096783  1.06196678  1.56274712
   0.96507698  1.60470188  2.55697632  1.6752187   1.97007239  1.82391715
   0.5954957   1.73727059  0.99038577  2.07790422  1.45268452  1.15588307
   1.37757266  1.30939984  2.16652107  0.99916708  1.27372921  2.18159103
   1.36343372  0.61745071  1.07253993  1.4049958   1.72776222  0.94583774
   0.47616282  1.35778546  1.66999257  1.33827257  0.90209603  2.20750928
   0.62128222  0.62655008  1.51465011  1.35834742  1.76654053  2.84270525
   1.35073113  1.07688558  2.484267    2.07818103  1.03603458  1.38376629
   1.38332474  1.56894255  1.78981781  1.96090722  1.39571738  0.76718313
   1.95941913  1.64250696  2.41845083  1.41503751  1.75271904  1.91166437
   1.15106916  1.23476076  1.81599402  1.43566203  1.72100937  1.13669169
   1.81439698  1.22488439  1.07156193  1.81026006  1.55181551  2.60958624
   1.33461773  1.97521925  1.37534356  2.05442476  1.93811595  1.02194726
   1.85601223  2.70614767  1.67699611  0.97939026  1.32901311  1.76905859
   1.34912241  1.59559548  0.91547728  1.50868809  0.83984178  0.80362028
   1.31506336  1.92893302  0.57268041  1.03936756  1.44795203  1.38363576
   0.88011009  1.17901349  1.4403739   1.58771765  0.997091    1.35593486
   1.84844875  1.41566193  1.21644735  0.50599056  0.7218098   1.02690327
   1.1949625   2.27639103  0.43405968  2.36310983  0.88616323  1.55183172
   2.30326986  1.25546563  1.50188696  1.00487053  0.86989492  1.52547252
   0.8488068   3.25284457  1.194157    2.25222349  2.28407907  0.98350763
   0.84569657  1.21066403  1.30515587  0.78818899  0.33113697  0.58154726
   1.13123047  0.22344325  2.01045656  0.97178906  1.51615155  1.40218985
   1.81868982  1.37116432  1.09038162  0.97242624  1.08744884  2.3737011
   0.90980089  1.19620049  1.01961648  1.43461359  2.08400726  0.57320452
   0.9350462   2.29322982
