 1.77953482  1.23919284  1.59039414  1.39901185  0.94119006  1.47251678
   2.01884127  1.1555928   1.47733819  1.47515321  1.38442326  1.64530861
   0.96008962  0.81106573  0.20319897  0.97805899  1.97910154  0.70151764
   0.65753937  0.92003334  1.33099329  0.82236344  2.00194716  2.12207007
   1.25851727  1.11076379  2.65122366  2.21917892  0.43362847  1.10124195
   1.55627501  1.70515156  1.59479535  2.11738467  0.54056859  0.91949213
   1.22381413  0.88235259  2.38190341  1.05718076  2.16320086  2.11553073
   2.15121388  0.9170512   1.02007806  1.01056445  1.24309003  1.21256959
   1.20839548  1.81505942  1.49573469  2.74882364  0.45564407  1.65055943
   1.11500895  1.07817638  1.62633324  1.90134335  2.59902835  1.84984219
   2.20137572  0.89199281  1.84746873  1.03584635  1.64644408  2.29009295
   0.93857938  0.95000452  0.94677132  2.55318832  2.28594184  1.59412217
   0.70291668  0.77866989  0.69109595  1.19459367  1.79125929  1.00320745
   1.09096694  1.18930709  2.04284334  1.17382276  0.92309648  1.11076176
   1.26069093  1.35711718  0.89012802  1.88832092  1.19614673  1.33180499
   2.22879457  0.81805575  1.75471771  0.6216858   2.74582005  1.49755275
   1.09009171  0.9366473   1.69411826  1.08688664  1.56157196  1.47468209
   1.7970556   1.99806964  1.43933737  1.42499328  2.09266043  1.32279623
   1.19238305  0.99307275  3.06006098  0.93287891  2.49311066  1.53273153
   0.59150708  1.31586599  0.73905712  1.22545052  1.78771138  2.34804726
   1.90867555  1.75605106  2.16819596  1.32130587  1.94497526  0.72178537
   1.52386761  1.44074857  1.4998287   0.86203891  0.69638592  1.59895408
   1.06107199  1.89308083  1.98681414  0.56079912  0.90660501  1.08795416
   1.1371479   0.83356404  1.60739851  1.14764214  2.6275425   2.408535
   2.12268019  1.00904238  0.72159672  0.94168955  1.36184597  1.47637844
   1.6302036   1.13532746  1.44578505  1.61128306  0.50001669  1.5648793
   1.36141038  1.93591714  0.72005987  1.84995592  2.24012446  1.84463727
   0.67376781  1.03220618  0.97857845  0.43551481  1.16383266  1.4094106
   1.48561645  1.36425531  0.78220767  0.92119187  1.44948065  1.45113587
   1.41290832  1.69758153  1.6828779   0.72088122  1.26162016  0.93567371
   2.08053923  1.97631466  1.90307426  1.93242979  1.19227898  1.42985523
   1.12815785  1.24275136  0.82135999  1.06855845  1.81999588  1.25000298
   1.59678745  0.79416662  1.3999126   1.37648141  0.84238815  1.67149806
   0.99516159  1.48992896  1.57906854  0.55940837  0.59603369  1.04133928
   2.1736896   0.3756485   1.09763134  1.31053042  1.63941765  0.44953537
   1.04249728  1.24346173  1.31163776  0.81618637  1.0859679   1.5749203
   2.4720099   1.12915921  1.74325609  1.80400288  1.64410067  1.53126204
   2.13967705  0.93313122  2.03424239  1.42326581  0.90420789  1.23249316
   1.39453292  1.14948094  0.60739166  0.81990141  1.94610238  1.08818078
   2.69687629  2.07762599  1.9805671   1.01674938  1.0713228   1.04195821
   1.8456223   1.34533322  1.01202941  1.51633251  0.63926268  0.92255718
   1.5419035   1.42960489  0.75532293  1.96580875  1.73491621  2.16051674
   1.85007489  1.23583901  2.4886241   1.96355093  1.47905385  0.59784794
   2.2286613   0.71981066  1.40173912  1.3101908   1.79323387  0.37655175
   1.78149498  1.11123037  1.27297723  1.20819104  1.37756515  1.81786633
   1.81858087  1.50360215  1.16895735  0.71982735  0.84229553  1.4335196
   0.73584557  0.95910829  0.82832432  1.11353528  1.57059693  0.97824556
   2.15346837  2.07082701  0.55278432  1.48753703  1.15088713  1.3392514
   0.84810555  1.18264902  2.97538185  1.5470525   2.59388518  0.56303221
   1.07462847  2.4066236   1.34702408  2.44692683  0.99955601  1.12886775
   0.35461488  1.2802186   1.32920384  1.86947632  1.5904454   1.38413548
   1.2205441   0.85895109  1.8620801   1.03711915  0.97910106  1.69215262
   1.78326488  1.56397319  1.71549857  1.61065793  1.05041599  1.03440225
   1.3263588   1.79366243  1.02839935  1.12648857  0.97561628  1.23500729
   1.33756959  2.04813218  0.78519511  0.81565696  1.49740827  2.57611632
   2.79012847  4.13635731  1.54265082  1.96885169  1.38438392  1.22272182
   0.89117312  0.55343479  1.72068667  1.28597009  1.15927231  1.32811332
   1.30003095  1.47018731  1.40227616  1.32307005  1.06227601  2.01026917
   1.18271911  1.61304009  0.94848865  1.10577011  1.08186436  1.55693603
   2.12084031  0.82388759  1.74276197  0.78422087  1.4289161   0.89041698
   2.68675995  1.47091246  0.85256374  1.98916399  1.34174669  1.55241001
   2.36429071  2.55176687  3.20607519  0.97462803  1.89189982  1.65498686
   0.67434466  2.62326765  0.86022907  1.74999702  1.02860153  0.99655217
   1.47229528  1.9940778   2.11630392  1.50773311  1.72457552  2.12611461
   1.01327622  1.06404412  1.03131223  1.21709991  2.16106129  2.05651426
   1.10208642  1.17413878  1.7905302   1.25129676  0.79845333  1.50940955
   1.27876937  1.35874212  1.10774708  1.23483026  1.51989996  1.98938537
   1.52789068  1.01591837  2.56376195  1.32085669  1.62815428  2.33505392
   1.4942627   1.7020359   1.27594256  1.91262662  1.66147733  0.92082989
   2.27435207  2.78596067  1.3562485   1.71844542  1.2317555   2.13983035
   1.16212475  1.63447475  2.1773169   2.43397379  1.33514929  0.66539156
   2.26366925  1.16037381  1.25222492  1.01569712  1.13542998  2.16818833
   1.79014695  2.35995793  0.97499108  2.60498285  2.02612853  1.26037109
   1.15846312  2.01501393  1.68423784  0.64088976  2.45289421  1.5303092
   2.19220614  1.44153976  1.541327    0.98286557  0.92781782  1.05836236
   1.75875783  0.44762814  1.88074577  1.64397538  1.97653449  1.20221269
   1.73313177  0.98774111  1.37812269  1.25137401  0.86466652  1.11274755
   1.69349277  1.44688833  1.37979174  2.95735431  0.82887781  1.52615082
   1.14028299  2.00065088  0.74464673  1.71245301  0.79935759  1.8021934
   1.23637843  1.89867103  2.37518096  1.88365197  0.56306607  1.98153114
   1.53921413  2.45804501  1.99089754  3.12541223  3.27151322  1.63250363
   1.08803058  3.10376692  1.15782988  0.75708324  1.12700212  1.04060233
   1.38676035  1.58825696  1.89873683  1.96844387  1.31317496  1.87937415
   1.50672853  0.90698677  1.46211934  1.50181377  1.16894031  1.15034807
   1.2441808   1.29924726  0.89946872  1.31807518  0.9799394   0.62334186
   1.12958431  2.09283662
