 1.4549073   2.74346709  2.06877065  1.40130055  1.45097685  1.76804912
   2.23479581  1.26288831  1.3628608   2.15923929  1.39734149  1.8120209
   0.87293279  0.78641498  0.78746188  1.50968015  1.68701923  0.6229322
   1.52003658  0.78554267  1.20625591  0.83913761  2.23696613  2.15868044
   1.6612916   0.89884764  2.89488077  1.23286963  1.29368007  1.11568427
   1.2321583   1.54241657  0.68588245  1.15123367  0.76549828  0.99599904
   1.96550894  1.38412035  1.89344335  1.17052269  1.91317642  1.94853675
   1.7407608   0.65202725  1.05275702  0.94143796  1.42722917  1.33216596
   0.98714727  1.93280649  1.13026226  1.90514481  0.59145123  1.47261667
   0.91737401  1.08323824  0.76534742  1.69527292  1.71633959  2.59563875
   2.87246227  2.09794068  1.95905828  0.86543709  1.01463234  1.48010826
   0.97873014  1.42166603  1.01336229  1.04256451  2.1208477   2.13158298
   1.15153563  0.904176    1.27533674  1.02620435  1.5186305   0.88801777
   1.36710656  1.62463129  2.23949361  1.20335603  1.02041686  2.60418296
   1.5701611   1.88079834  0.97795385  1.97297657  1.5104965   2.39560556
   3.1295166   2.08139348  0.7684648   0.76900947  2.98046827  1.00901806
   1.31399059  0.98465204  2.02975917  0.75041932  1.410532    1.10870612
   1.39292192  1.4591341   1.87628639  1.81878328  1.55637658  1.36381936
   1.59488034  0.8920455   2.38797545  1.05038071  1.69240916  1.57667172
   1.40550637  0.85840392  1.25520945  1.22129536  1.20339024  2.56341743
   2.24577117  0.96177793  1.86700213  0.70374703  1.18127406  1.93448293
   1.71833217  0.93814433  1.53582299  0.95578724  0.60919571  2.62281442
   0.8729133   1.9344635   1.73005736  0.84696114  0.77102762  1.38819098
   1.46479774  2.67567682  1.16916788  1.74337709  1.18242788  2.16379452
   2.43424273  1.84612834  0.90364254  0.81738806  1.85426176  0.82909888
   2.57733703  1.48098207  1.66798282  1.93420672  1.31191182  1.23272765
   2.79741001  1.97554815  0.92823452  1.54721713  1.31124043  1.79278433
   0.71178281  1.11816847  1.6867131   0.66733122  1.41448796  1.44447255
   0.93932343  1.22514069  0.86765808  1.01358175  2.05267143  1.20589268
   2.83436227  1.3707974   1.74710643  1.79531062  2.23310208  0.53544378
   2.07045221  2.28118706  1.80813277  2.22116852  1.41158116  2.36339784
   1.26266444  0.93621242  0.67930299  1.25523889  1.16213059  2.17669559
   0.60939115  1.32133269  0.84881544  2.1591208   0.69022739  1.40557492
   1.03995204  2.24338436  1.98428643  1.96945667  0.82178122  1.92703331
   2.79553676  1.4892211   1.25111878  1.3273176   1.70851159  0.57538766
   0.65453094  1.52641523  1.05801451  1.27389789  0.99895459  1.70665026
   2.51672864  0.70939994  2.27318096  1.98517025  2.01947808  2.03191829
   2.48837996  0.87702125  1.49840426  1.67030025  1.2927047   1.12352538
   1.67010891  1.30738246  0.84168988  0.8222459   2.38835692  2.0276978
   2.38622141  1.85597074  1.75491941  0.93330288  0.8947311   1.65276837
   1.87911379  2.64274216  1.02285087  1.01209271  1.09309816  0.89522046
   0.98137516  0.93398255  1.26020849  2.38317537  1.94099724  1.9001174
   1.54295981  1.44647551  1.69691229  1.66902721  1.33045411  1.16283727
   0.89322597  0.83296299  1.72842574  1.43092191  2.05428624  0.56588554
   1.16019833  1.2318604   1.10817635  1.13855231  1.21808743  3.78333402
   1.20963705  2.06942153  1.22856772  1.02979469  1.1639123   1.26347089
   0.73288846  1.67787266  0.65231717  2.02262759  1.11519551  1.62804115
   2.27024579  0.94173968  1.84878516  2.29038835  1.29576707  1.51892197
   1.84409297  2.08128619  1.77201605  1.95064664  1.41245973  1.0215764
   1.30567694  0.95260453  1.70635903  2.53195357  0.83020985  0.80808127
   0.50021386  1.37087631  1.75056303  1.56443691  1.67255116  1.1394031
   1.0596981   0.79920745  1.67571211  1.34036005  1.22247744  1.66146255
   1.53955221  1.50051415  1.57368457  2.10886025  0.98465341  2.14494634
   1.28003132  2.68145251  0.90490919  1.16812479  1.11132765  1.57310009
   0.4278264   1.50316715  0.58395439  0.72531092  1.27237773  1.38765049
   1.97742879  3.89022756  1.95707917  1.91582263  1.38093626  1.33917212
   1.05402601  1.9520818   1.03503466  1.71873462  1.79742539  0.44144797
   1.53546405  2.00290656  1.45455301  1.48263681  1.41289246  3.26863027
   1.24419796  1.34723413  0.90464258  3.30316591  1.5019592   1.0534445
   3.19419217  0.99682659  1.44844925  1.0646261   1.9183042   2.49470592
   1.84610701  1.65683937  1.15631032  1.95903563  1.15051329  1.44831431
   2.57375216  1.86077082  2.63818407  1.30650043  1.68439257  1.63826168
   0.54590219  0.87586457  0.8472628   1.79206598  2.02309227  2.31135583
   1.27236092  2.61234045  1.50867856  1.06452978  1.42779112  2.27139211
   1.11640537  0.59925044  1.05354667  1.137061    2.84829402  1.31937718
   0.89080989  1.78916681  1.92513585  1.37127781  1.14560735  2.13088703
   0.78155822  1.29334247  1.96696007  1.39816499  2.06524611  1.4320091
   1.41495454  1.93541408  2.85895538  1.92652619  2.47967696  3.60606909
   1.53964102  1.05172133  1.03898561  1.78174639  1.8443265   1.65048099
   2.4752667   2.29110432  1.46828043  1.59170949  1.10917497  1.97040117
   1.4894135   2.11550307  1.8044306   1.8020463   1.30864     0.77690911
   1.18186069  1.71433449  0.85038108  2.2011435   1.24955976  1.29927135
   2.17003894  2.48718476  0.80084085  1.67668271  2.07106256  1.52193463
   0.68761468  2.16715956  1.21632993  1.14501107  1.39002836  1.65543866
   1.21284223  1.28999531  2.38767171  1.46890032  1.31542504  1.04351234
   1.90679455  2.81971216  2.25349689  0.8678658   0.83210748  2.56417322
   2.00264382  0.98769867  1.55212414  1.93179178  1.72398853  1.11585844
   1.52926445  1.21852982  0.72026527  1.43060803  1.17691636  1.2047962
   1.36547589  2.38704562  1.50280547  1.59973049  0.78876901  3.13591886
   1.24025667  1.20038986  1.96896517  1.70769143  0.45220506  1.86403441
   0.67264825  2.32652593  1.63070476  3.33481622  2.11779833  2.33160973
   0.73443675  3.0600934   1.39040136  1.75090289  2.01199746  1.05909956
   1.43116391  0.10639372  1.90105236  0.79267973  1.60612381  1.77427649
   1.22607553  1.2040875   1.22387624  1.1908443   1.52793467  2.25808024
   1.01874328  1.56320548  0.98099607  1.23097742  2.33915329  0.6635583
   1.20193219  3.31509781
