 2.63345814  2.05660272  1.03575695  2.40121651  1.8327142   2.14176035
   1.29501915  2.40164137  1.02845085  0.90371066  1.44455385  1.41298735
   1.2934463   0.88771302  0.0858561   1.45757115  2.31953979  0.55317777
   0.84949058  0.85270649  0.86393994  0.86110193  2.43213058  2.45389652
   2.31304979  1.11067748  2.27775621  2.08375835  1.44216299  1.18767369
   2.62695909  2.95891643  0.91739982  0.57918108  1.97016156  0.77926213
   0.87012231  1.89393902  1.14486897  0.83159405  1.99455678  1.94350398
   2.23586774  0.89113033  1.02425337  0.91935802  1.01964915  1.42063129
   1.49204266  1.56386065  1.94385648  1.56222975  0.67387956  2.74010777
   1.32440567  1.14548194  0.72688621  2.86248016  1.81822968  1.42235851
   1.08408701  1.47280204  1.27578664  1.41887152  1.50796008  2.70460367
   0.99873507  0.67249227  0.7928133   1.17463219  2.14852476  1.42655098
   1.55003738  1.50974214  1.42802513  0.87774146  1.83245111  1.23663902
   1.22822487  1.43639541  1.48688281  1.37075806  1.08137572  1.9409883
   2.21793246  2.26925349  1.01503801  2.37821126  1.49858165  1.23973
   3.77179623  1.79901052  1.31552947  0.97251171  1.71403599  1.41600966
   1.23754907  1.16836429  1.5005008   1.43968594  2.30762291  1.0385623
   1.02648294  1.47779346  2.23166227  1.7101928   2.78095698  1.42804539
   1.8123554   1.14307451  2.70106244  3.5760498   2.5827105   1.4565047
   1.0020119   1.35881972  0.60811472  1.1613735   2.29352236  2.57575536
   2.99009943  2.14546728  2.25836086  1.02083516  1.29598057  2.3659246
   2.33327579  2.14646292  1.23664808  0.95165306  0.62478971  1.80285764
   0.53629267  1.37597966  2.73923993  0.73203063  1.17203653  1.73625684
   2.4449091   1.27898097  1.0273329   1.45227718  2.00899148  2.47427487
   2.73899627  0.96141857  0.85937756  0.62571955  2.28190398  0.82160622
   0.86675531  1.95262587  1.75083423  2.20703888  0.69228089  2.47498083
   3.04889941  2.20276117  0.86176968  1.02975941  1.66248119  2.93566298
   0.52744669  1.15833604  2.36316347  0.77624613  0.90991569  3.12074018
   0.81095636  1.11598706  1.09349632  0.83737981  1.58632016  1.24159372
   1.26795197  1.10570252  3.55913448  1.47579896  1.50454891  0.83206737
   2.0482223   1.43227386  2.04070568  1.85079515  1.40274334  2.37098742
   2.03954577  1.03374839  0.84501594  1.20204103  1.71260321  1.87381566
   1.44561684  1.23024035  1.28448272  0.99318242  1.01742136  1.58226132
   1.19286811  1.55191278  1.42521906  1.82375658  0.91808897  2.44098949
   2.11626911  1.00593483  0.83774012  0.67445469  2.14586926  1.22275484
   1.96757793  1.85362756  1.31507587  1.04688764  1.02929711  1.51093769
   2.74958158  0.77501678  1.30875301  2.81345272  2.07468224  2.14010549
   1.43936825  0.6271624   1.69141567  2.39909148  1.2251699   3.23344612
   1.30367696  1.75203371  1.29824638  1.59461713  0.79393667  2.74395871
   2.61856318  2.00576615  1.45840394  0.92550218  1.05989909  1.39173186
   3.10086298  1.44867575  1.09130192  1.58694434  1.13502538  0.94664514
   1.72153771  1.11753929  0.77554774  1.89159667  1.25719178  2.82952642
   1.78928435  1.46515059  1.94812989  1.20444787  1.93794656  1.82822287
   2.16270733  0.97384554  1.91164637  1.64186537  1.74927318  0.63422942
   2.83332753  1.35820913  1.89649689  1.03789389  1.1213069   2.06311035
   1.5453583   1.73921192  1.60286069  1.03817439  1.54669189  1.37609756
   0.85994595  2.29099894  0.75072563  2.08034134  1.56024241  2.98091912
   3.37121773  1.2619127   0.79578948  2.38271809  1.85828388  1.2698667
   1.84321928  1.54241526  2.40657544  2.19032717  1.65577948  1.80585229
   1.91925359  1.58813214  1.62618232  2.95950174  0.58512938  2.41716695
   1.83729732  1.01648772  1.56028187  1.53343761  1.55383706  1.32880366
   0.83470041  0.72083187  1.8188616   2.0889194   3.02429986  2.04580736
   0.61221862  1.49774683  1.52467656  1.83890069  0.76370001  2.09970188
   1.32285321  2.79409909  0.47765511  1.40535295  1.06709456  1.23805189
   1.44533217  1.29636621  0.78720492  0.94103599  1.34206522  1.6547488
   0.52550578  2.29640031  1.2621299   1.62777638  1.39943123  1.09047842
   0.98802972  1.58888769  1.15473163  2.67802691  0.99019068  1.75769651
   2.07137966  1.63396919  0.93299931  2.01411366  2.02716923  2.14102888
   1.21639526  2.08824778  1.41271913  2.6145947   1.74866712  1.26175761
   0.65501338  1.13480365  1.85072613  1.29209232  2.27544546  2.24897695
   1.86999261  2.40071917  3.1191895   2.18228889  1.68818128  1.73292398
   1.96810293  1.93001759  1.90912712  1.36721849  2.84865022  1.71213186
   0.71055293  1.85805178  1.12639904  2.52309704  2.38128614  3.16549301
   1.92895722  2.1076932   1.07489705  1.50520706  1.92962873  2.88125944
   1.08543611  0.68881029  1.51522362  1.21860433  2.55157971  0.68694526
   1.68171787  1.79065418  2.06320548  1.08159792  2.30469251  1.13733637
   1.18178666  1.31482983  2.05506945  2.33602309  1.51821947  1.59154081
   1.62370944  1.06103885  2.60743189  1.59840477  1.07283366  3.88389683
   2.44848609  1.32706201  2.20721006  1.9826268   2.54025412  1.07102668
   3.13391948  2.11578703  1.42560709  1.33331859  1.3104285   2.05853224
   1.54268348  3.10591888  0.90280777  2.1839602   1.7105428   0.79318815
   1.27459073  1.59332621  1.07770872  1.45987749  1.2288307   1.55443847
   1.14473391  2.09838676  1.01253939  1.40231371  1.93733776  1.74148548
   0.83851737  2.54572439  2.07586145  0.93839169  1.1619401   1.64987123
   1.27887511  1.73107278  1.75860441  2.41095877  1.58458519  0.88311309
   2.18835306  2.42478848  1.80705369  0.9368614   1.55576146  1.39593148
   1.65837657  0.97087198  1.35463238  2.04262066  1.84297156  1.07072556
   1.57136703  1.66453505  1.52533281  1.59066713  0.72362673  2.23268938
   0.79051036  3.3897562   0.91600138  2.31629682  0.79555333  2.65662646
   1.46893847  1.31324923  1.53814292  2.63310504  0.92078388  2.56958485
   1.22670627  2.78802896  2.42653465  2.74817705  3.54203415  1.71086049
   1.87577546  2.57220769  2.47526121  1.17885578  2.06872487  1.11796844
   1.11380827  1.36622691  1.21735942  1.70384264  2.26157475  1.84928679
   1.68050992  0.8956663   1.71440804  1.22915781  1.31678736  2.55034018
   2.01260805  1.67314446  0.65863633  1.95787013  2.50338197  0.46069458
   1.09238982  1.34323502
