 1.59043229  2.92782521  1.80569196  2.88772869  1.34838784  1.17255652
   0.8514533   2.30797648  1.19515657  0.95139104  1.35313523  1.6387856
   1.5203948   0.49674696  0.35964477  2.15836787  2.59137273  0.57161003
   1.26257372  0.82721227  0.89405853  0.84618354  2.43024135  2.49833822
   1.84610784  1.1269207   1.55291748  0.89422351  1.09152055  0.83953416
   2.63445187  2.05087662  1.23082948  1.16846657  1.52358651  1.52186501
   0.93888915  2.1475966   0.94213808  1.17610574  0.53029001  2.21904111
   0.63972169  1.22419655  1.05417573  1.76942718  1.16812766  1.32997286
   1.29373062  1.50941479  2.02149534  0.2272048   0.92697179  2.6720767
   0.89052439  1.70944548  0.6811527   1.3311162   1.15490186  1.55414379
   1.09813261  1.32635629  1.6196382   1.72425222  2.1115489   2.27871418
   1.04731858  0.68390906  1.09250283  2.30468726  2.42954946  0.98241502
   0.96461433  1.93081069  2.50611734  0.99504775  1.33707869  2.44788718
   2.35027003  2.11712313  0.9338761   1.48248386  1.12366056  1.13330722
   2.96258259  0.85072702  1.0183351   1.29153419  1.13267267  0.92040169
   1.67942524  1.13504279  1.03949547  0.8502872   1.94629657  1.23908794
   1.38463974  1.20201862  1.93139088  1.90073466  3.24863482  1.16215086
   1.96128464  1.3289578   2.64156961  1.69483757  1.68042755  1.00377786
   1.42946517  0.69432443  2.54856443  2.97507763  3.58766556  1.37273884
   0.61862856  0.90078539  1.66202462  1.41323459  1.59132659  2.70782661
   3.19257116  1.68791032  2.2810266   1.54138803  1.56780756  3.02472568
   2.60385799  1.9982245   0.98006356  0.9866671   0.873887    1.96466219
   0.70581365  1.30160463  1.72701335  0.63352662  1.35878372  0.73661721
   2.0063467   1.92921782  1.92768574  1.33522892  1.62996507  2.47486973
   3.52557039  1.83648098  0.48910898  1.01740038  1.6310569   0.48491979
   2.30246329  2.28068423  1.7557081   2.21748877  0.90044272  1.16416514
   2.82848787  1.76850569  0.97223026  1.89238393  1.68969643  1.5000546
   0.91865724  1.23019528  0.89605784  0.83328086  1.58216381  1.85350311
   1.17071462  1.33817029  1.68180048  1.0189482   2.17736316  0.74730116
   1.17551279  2.51924944  2.18323636  1.60872447  1.51193118  1.2942462
   0.93454075  1.02357197  2.02771711  1.89633286  1.07073224  1.73246133
   0.63082314  1.50579667  0.81891173  1.34326422  1.52389264  1.44882858
   1.47490871  0.66840172  1.34203768  1.8227123   0.26014185  1.16085184
   1.32314336  2.32516813  1.57323945  0.41777536  0.80646569  2.17519617
   1.58838403  1.00994134  0.92452413  1.24997318  1.50948822  0.90556008
   1.38185012  2.18258619  0.97941226  1.17215991  1.80286109  1.34436238
   2.57619357  0.76645684  0.49297652  2.51958108  1.82079923  1.82152426
   0.97249091  2.34691072  1.84480131  3.15628886  0.78648788  2.48118305
   1.87857783  1.32417715  0.33815289  0.71316171  1.39829707  2.89339685
   1.5773083   1.9759922   1.914186    1.26757586  1.19437325  1.30612993
   2.21665335  1.08806098  1.15092921  1.04080045  1.25676572  0.98640412
   1.98988664  1.08233225  1.18757224  1.15426099  0.81528139  3.03881812
   2.69936824  1.28658068  0.97095728  1.96609783  1.99710214  1.84322977
   2.02086258  0.55703515  2.91887379  1.78352249  1.64675391  0.89708138
   1.43951869  0.62737858  1.67068195  0.86778015  1.46481729  2.86175323
   1.17740083  2.93557739  1.12056291  1.3132956   1.98913133  1.37213838
   0.91787195  1.43800223  1.1227423   1.75656307  1.62340915  1.97895777
   1.86563432  1.08490932  1.00494504  1.35886896  2.99140501  2.37275767
   1.26478565  1.21251202  1.99726903  1.74309814  2.92178583  1.10509109
   0.73409921  1.80890095  1.21686721  2.52912068  1.31366825  1.84247017
   1.30502093  1.26192474  2.1919241   1.42921996  2.28893185  1.23164725
   1.14840829  1.12264836  1.9534682   1.66405785  0.91033083  1.8304832
   0.02216321  1.22012067  1.86506879  2.53752732  1.36000955  1.3821137
   2.12802362  1.8123076   0.34130022  1.5310117   0.69933116  1.34285891
   0.81567985  2.76319122  0.42296576  0.92411917  1.50463343  1.37015271
   1.22347951  2.50839591  1.6641351   1.31177342  1.59696722  1.79796052
   0.86940622  0.91863763  1.37058675  2.67097139  1.0866152   1.22812438
   1.89969957  2.3328855   1.4174937   0.95730835  1.83881497  2.400949
   1.77633011  2.13469863  1.38796818  2.51444435  2.47825146  2.46666288
   1.90138686  1.45625496  1.85198748  1.87287974  2.73012662  1.98917568
   1.73726022  1.32261336  1.79831409  1.61242211  1.61130643  0.93798202
   2.25142002  1.69984865  2.7068646   0.95586693  3.50848937  1.70412219
   0.65275884  1.6965096   0.97897178  2.04870629  2.48000908  2.38412189
   1.84539163  1.3183459   1.63777864  1.48586273  1.83415186  2.11314988
   1.19773424  0.68163282  1.24717522  1.16467941  2.14155483  1.92348635
   1.51833117  1.77406347  2.66918683  1.28396797  2.78049636  1.26587844
   0.24629717  1.23081398  1.94772053  1.89271033  1.16141379  2.59850359
   1.32745981  1.82148898  1.78028715  1.77871537  1.19024825  3.16380548
   2.41779256  1.61285853  2.51209879  2.05493355  2.67275047  2.68544269
   2.95433331  1.39010096  1.64597046  1.50738704  1.66315162  2.1945262
   1.64766991  1.36479414  1.17255604  2.59098721  1.32672989  0.8867355
   1.88310838  1.67494571  1.23783565  1.22063112  0.81130666  1.20170236
   1.84931839  2.21896935  2.29063368  2.03939414  1.39590847  1.92659736
   0.73535621  1.9590776   1.2070868   0.49839702  1.91990912  1.35279977
   1.13928092  2.25435376  2.33496213  1.29969382  1.12897968  1.02785373
   1.99997532  1.37406778  1.15633261  1.30019367  2.34583998  1.79641056
   1.46916509  0.91406316  2.93310905  1.93523717  2.50171733  1.05266869
   2.59483719  2.79642153  0.78867239  1.88856697  1.36413872  2.84893966
   0.52407324  3.08432627  1.24622333  2.17102098  1.48768866  1.80416417
   1.92179155  1.92637646  1.42712879  2.34704852  0.84725398  2.21383667
   1.21142673  3.08666849  1.96744049  2.11596799  1.87921596  2.2177341
   1.71344709  2.68655491  1.15807676  1.03880286  1.01303363  0.7810998
   1.57396448  0.73793626  1.66704178  1.10468316  2.19614744  1.81297863
   1.46593761  2.5266242   1.20936739  1.60594344  1.26796162  2.37399292
   1.56249177  1.66650546  1.28957701  2.3871026   2.47413564  0.8623966
   1.25453854  1.27466202
