 1.51432085  3.20810485  1.76076722  2.37918139  1.39065826  1.71033406
   0.0951283   2.88427067  1.11692512  1.79274273  1.50944519  1.1466707
   1.98081446  0.79750049  0.7286303   1.17853367  3.14879465  0.52136326
   1.08711207  0.88899291  1.37123752  0.796305    1.9469651   3.28436613
   1.91388929  0.82760239  1.73849463  1.9659822   0.45395732  0.56908649
   3.0776217   1.54696512  1.33342457  1.01413238  1.50513625  1.90560472
   1.80242968  1.44586074  1.19884574  1.87328196  1.23039019  2.54152513
   1.72698629  0.97796679  1.01148713  0.82257164  1.17483902  1.40003026
   1.52349198  3.62251925  1.9398582   1.83079958  1.19952953  1.92154241
   0.89969498  1.61918926  0.64750004  2.00075698  2.12204814  1.47268975
   1.10215533  1.70546842  1.36004961  1.27481794  1.20476508  2.46501017
   0.92315018  0.91002446  1.0183121   3.02091599  2.74265361  1.10772049
   0.9630602   1.7863754   2.03266859  2.94099283  1.10484791  2.10658574
   1.67459285  1.85618269  1.72611845  0.96770769  1.07056332  1.01464272
   2.51991749  1.36081469  1.0804795   1.32865071  1.44538522  0.67779177
   1.61130202  0.65596092  1.08310056  0.98550534  3.4524684   1.97267556
   1.60490572  0.64942729  2.44121742  1.67390656  2.6593461   1.3378762
   1.12614334  1.00468206  2.38025808  2.21016788  1.40443778  1.34968686
   1.59075892  0.72357243  2.86237001  2.76176333  2.93280768  1.27044654
   1.65620828  1.25033486  2.61866617  1.19972348  0.89727879  1.38306725
   3.61526704  2.04756212  3.28471303  1.10554528  1.80128181  4.20866108
   3.30127668  2.66038013  1.13876665  1.21947098  0.61811656  1.42168272
   1.08945525  1.9727006   1.92971563  1.16446114  1.0080781   0.90841067
   1.74161565  3.9818759   1.66964984  1.11956477  1.56561959  2.77854872
   3.69916463  1.44950223  1.46684992  1.25877345  1.33381081  0.2336904
   1.43875909  1.75161469  2.10686302  1.96668088  0.54041195  1.20694423
   2.28586817  1.64836216  0.85584033  2.05140018  1.56599915  1.41523015
   1.31429124  1.03920639  2.78294706  0.60504115  1.43513775  2.33075356
   1.12806559  1.30557048  1.54725075  0.55416381  1.81190598  0.62074834
   0.71631551  2.36170435  1.89347935  1.52363098  1.38880801  1.35285532
   1.2781378   1.91226029  2.30767727  2.26223493  1.43130243  2.34917045
   1.54954147  1.98642731  0.87553281  0.85154957  2.15600634  1.54231071
   2.32834649  0.87555283  1.23838711  0.50425744  0.33304992  1.27114344
   0.94910103  3.25710058  1.12526751  0.92101347  0.58045185  0.86626548
   1.36331522  0.65455735  1.27866912  0.72327411  1.29437745  0.4193086
   0.89636236  2.94240093  1.32800639  1.5606184   1.75594199  1.27357471
   2.60812092  0.78917384  0.65589315  2.34700108  1.47147453  1.39189529
   1.9296571   1.27604258  2.91608715  2.26191854  1.03755903  3.09781194
   1.756634    1.73274672  0.29345515  0.84569114  1.69452286  1.67125773
   1.06976092  2.5195303   2.5788033   1.55654144  1.22387075  1.54553854
   1.77562869  1.77965748  1.10724342  1.88033998  2.05998278  1.22348034
   2.56984305  0.73699325  0.74322337  1.56230772  0.99669546  2.76626563
   3.15929985  1.21683049  0.37988666  0.95443875  2.46744156  3.72954893
   2.29003859  1.80795336  2.40083075  1.94708848  1.65764213  0.7973007
   2.16146851  0.36525014  0.74789625  1.45220768  1.3529706   2.57400632
   2.313169    2.64532685  1.03560853  1.93489802  1.45540726  1.3827635
   0.70329416  0.36493373  0.78041977  2.39462972  1.24208212  0.79166365
   2.92402744  1.45191777  1.40229642  1.86859667  2.60184193  1.86415052
   1.16553032  1.80490339  3.18277955  2.26972938  2.78183746  1.31714952
   1.11608565  0.84742481  2.33281398  2.19364572  1.07250321  2.87342834
   0.91837299  1.22977054  1.78159475  1.79866064  2.16602063  1.1318723
   1.0365001   0.8797251   1.41783059  1.4857322   2.62640285  1.44173002
  -0.00533766  1.39050293  1.1886133   2.69511771  1.72747254  1.87406564
   1.85726976  1.05883098  0.24197993  1.25200593  0.79345942  1.52235091
   1.02993071  2.30077028  1.12753308  1.01454723  2.23936868  1.55101609
   1.9714756   2.87450027  0.94995749  1.68066943  2.15931058  2.17002583
   1.13182592  1.67009461  1.28692997  1.79746282  1.26780379  1.08481956
   2.11656356  1.78729498  1.28651595  2.01268053  1.5188036   1.37718773
   1.75215375  1.88652813  1.22548735  1.19000781  2.35150743  1.89918137
   1.08327711  1.81198001  1.25196028  2.18045688  2.2022922   1.84909618
   1.83990538  1.61134803  1.85795116  1.44869053  1.71841931  0.85625523
   2.24839473  1.62784338  3.1235981   1.49309766  3.68928051  1.67989683
   0.85133928  2.63720441  1.07892716  2.12180591  1.4547689   2.27997279
   1.21094918  1.15149462  2.10154891  1.55370522  1.69463122  1.34889328
   1.24372458  0.55572325  1.15030217  1.09812582  2.35167599  1.60441828
   1.42512405  1.87234735  2.37943006  1.54493141  3.33554602  1.49608135
  -0.0118341   1.32718253  1.57136524  1.73151338  1.98565948  0.88743347
   1.46128166  1.28621972  2.03196526  1.69660223  0.46098611  1.77077818
   2.77905297  1.50623715  2.72219968  1.51477134  3.07609963  2.02422667
   3.30522943  1.50453854  1.44940233  1.35190511  1.82700431  2.3017447
   1.84409595  1.4925983   1.45130932  1.6904186   1.07867098  0.80275625
   2.22795606  2.48335242  1.1428833   0.7431922   0.92218494  1.07508123
   1.48899007  2.55601001  1.08439577  2.16781044  1.69283748  1.45670962
   0.6223684   2.38522363  2.05359483  1.37670076  1.19639504  2.74179316
   2.1857121   1.61349034  1.22455275  1.36274171  1.01451135  1.14086318
   2.05848002  1.55397105  2.91243553  1.31860518  2.24399471  2.40226483
   3.0327363   0.98472321  3.18662167  0.93632978  2.44883561  1.12965226
   2.64565086  2.75342894  1.3696804   1.85147464  1.08051419  3.64988947
   1.25035465  3.36157131  1.62838149  2.66073513  0.91241318  2.08799481
   0.77237624  2.06362724  0.59328651  3.10878468  1.14387631  2.59681869
   2.42468739  2.07027102  2.668818    2.76145673  2.17840385  2.17941451
   1.43269336  1.65474117  1.30302691  1.46919072  1.71716464  1.30114913
   1.33409083  0.93649453  1.20881236  1.22264075  1.77905405  2.60956812
   1.95611274  1.48445272  1.51882255  2.25348878  1.63844895  2.05640507
   2.10810375  1.61824119  0.81747943  1.76735187  2.94804192  0.41502032
   1.24426222  0.56608552
