 2.2351892   2.30714011  1.35302734  3.07613611  0.94033265  1.88620687
   1.71180212  1.99750602  0.98159903  1.44678617  0.98013228  1.68697917
   1.50642562  0.78008705  0.93759531  0.75239891  3.01978564  0.48158935
   1.65141416  0.85845983  1.06583619  1.10170436  2.58956766  3.93404984
   2.99731135  0.85398716  1.59778631  1.80784941  0.59485215  1.84838128
   2.41865516  2.00747466  1.70016086  0.83421308  1.21806526  1.11909437
   1.8370347   1.4061203   2.12751484  0.58794141  2.27505565  1.28856313
   1.18726861  1.03615808  0.92519516  1.07519937  1.44341469  1.44159675
   1.10686433  1.27058446  2.37578416  2.05270863  0.7180028   0.59365153
   0.96383637  1.12099969  0.62052625  1.27286172  2.40039992  1.89996397
   1.15106535  1.24795556  1.36649144  0.97950292  1.44277084  1.29538512
   1.07494032  1.00175798  1.31106329  3.61428785  2.4699409   1.4776752
   1.53110278  0.60876489  1.81475711  1.80362141  1.18533528  1.86994314
   2.19707441  1.24862623  1.79005253  1.32289553  1.0758462   0.89168423
   2.10926628  1.63654792  0.89359957  1.6968379   1.32329464  2.08765984
   2.66463137  1.35295796  0.53946668  0.90213919  3.03156281  1.57952011
   1.21460342  0.6576212   2.82159424  1.42685032  1.71225715  1.08753192
   1.5173043   2.19018078  1.87857533  1.92794061  1.43537414  1.30344605
   1.87770033  1.07329166  3.0853281   0.89134032  2.07071543  1.29434979
   1.21143711  1.23590529  1.93184173  1.37091017  1.24960744  3.94781828
   2.7410481   1.18123162  3.64762211  1.60983253  1.4988867   1.98778844
   2.84908128  1.61342025  1.11501026  1.07164991  0.53956658  1.03873754
   1.1198281   1.55248046  2.61024594  1.2217195   0.75486743  1.77946782
   1.35516703  1.46541023  1.67870986  1.41153884  1.06442201  3.07919693
   2.92286277  1.32424021  1.24877059  0.90009141  1.8835299   1.40329742
   1.36365497  1.71830392  1.6100446   2.03690553  1.55093205  1.25150156
   2.53703046  1.8349576   0.79688203  1.2636888   1.83302522  3.50669074
   0.64512217  1.45352113  1.34264755  0.41754699  1.71153498  1.77597106
   1.23427284  1.29957986  1.57621694  0.89764738  1.75272667  1.36637092
   1.61669302  1.67035306  1.69515324  1.95152318  1.57514954  0.7142809
   1.95385873  1.70270801  2.48049378  1.79364419  2.39099932  2.18304563
   1.20815182  0.97823584  0.80047995  1.35323286  2.01890659  2.16191173
   2.49384952  0.54457045  1.68451965  1.08964348  0.61012316  1.60214698
   0.96190721  1.72110653  1.93735361  0.89646977  0.90498054  1.38106382
   1.56302428  0.93068689  2.64320898  0.97894698  1.89784098  0.66065401
   1.3567121   2.31905174  1.94174552  1.8617636   0.66222537  1.23990166
   1.31014967  0.67687541  1.72043371  2.32948232  1.28874183  2.02932739
   1.01287293  0.82455611  3.89122391  1.53990459  0.81755394  1.98520386
   2.10510993  2.26048207  0.83995521  1.27734995  1.12023032  0.65829307
   0.94120848  2.21982098  2.63479304  1.04068708  1.05632579  1.5091213
   1.79546976  1.3483156   1.23376191  3.54131246  0.84834224  1.19667506
   0.99636221  1.21862113  1.6354692   3.0478096   1.80738628  2.19278312
   2.49863148  1.65948999  2.05650854  0.63852942  2.25542021  2.30882215
   2.73752165  1.86413991  1.0870105   2.12788153  1.74949527  0.97300404
   0.64992368  0.94179797  1.1863513   2.02075815  2.02180886  1.43505073
   1.74170792  2.69666409  1.92458558  1.20694947  1.20727158  1.50927222
   1.06275058  0.82566226  0.85415709  1.79180253  0.75342727  1.80488908
   2.55275941  1.69426     1.42284811  1.70518899  2.96418071  1.97361457
   1.4673208   0.7088269   3.05162048  1.7451762   2.0276742   0.9108063
   1.66679215  1.27500546  1.27719116  2.00465417  0.55114228  1.72098041
   1.23775411  1.27433741  1.40517306  2.17561603  1.78728426  1.18000889
   1.26276731  0.90930575  2.37371182  1.38995945  0.77029836  1.32552528
   1.147686    1.69567764  2.28465605  2.4959929   2.24910617  1.82538247
   1.53479886  0.70128864  0.59827316  1.20452273  1.0996114   1.50257981
   1.03308845  1.90435898  1.04512084  0.88967079  1.53832889  2.403301
   3.39990401  2.95439386  2.35175395  2.70825768  1.38478756  1.76259565
   1.29703104  1.00475073  1.24986827  2.36809921  1.15612483  1.4273659
   1.59057188  2.72171116  1.12349284  2.29217553  1.1811229   2.03208613
   1.20447242  2.58411765  0.89744133  1.26663661  2.02997017  1.58699334
   1.74770904  1.55812085  1.59384143  2.61603642  1.52932382  1.82333255
   2.85222268  1.76186454  1.01074374  1.70147359  2.03293753  1.38191617
   2.68011689  1.70865667  3.52642059  1.46135724  3.34134746  1.49323881
   0.73999345  2.74309707  1.24257576  1.93527901  1.98716807  2.63180947
   1.15237081  1.63595188  1.94888568  1.55396903  1.52749181  1.24255967
   1.09888208  0.74011272  1.34184659  1.23195362  3.21952987  1.17915452
   1.39176106  1.09483206  3.07413411  1.90486348  2.91937613  1.38414621
   0.28238839  1.01581633  1.63605583  1.75048101  0.87024283  1.69855535
   1.28397059  0.99250162  1.98637676  2.73789215  1.44872534  2.15267515
   1.96601164  1.23377252  1.81214201  1.76760077  2.30197334  1.27289248
   2.74946022  2.20599174  1.18465078  1.82121646  1.75810063  2.73942184
   4.38279104  1.5587281   1.93572414  1.3727324   1.13957846  0.99371314
   2.01655746  1.30825734  1.18433344  1.06014967  1.25209332  3.11660695
   2.23024368  2.03365469  0.89497697  2.58887219  1.67443621  1.9213506
   0.80969727  2.46911359  1.49471021  1.15003657  1.55378377  2.31092763
   1.89956188  2.31805778  0.70629877  1.33738708  1.47288036  1.03678966
   2.06680465  1.64703214  1.87021279  1.45461893  1.57400262  2.27779508
   2.88725185  0.65840846  2.9059639   1.3822732   2.21516085  1.05603218
   2.37378716  2.36137533  0.91992134  3.19296646  0.89811736  2.22944546
   1.54486072  1.99875998  1.33173025  2.4991343   0.8073712   2.67056513
   1.15157998  1.64930224  2.11926699  2.34780574  0.45136309  1.82663918
   1.80962873  1.94168448  2.5879755   2.63425469  1.71713006  2.34654593
   0.76090103  2.11071157  1.65856886  0.38080347  2.0965488   1.2374078
   0.67669892  2.35628033  1.66310084  3.03657341  1.81831968  1.60902166
   2.24052262  1.18863773  1.80328214  1.84730899  1.75712645  1.1624285
   1.97299135  1.5261209   1.14867306  0.96161795  2.22414994  0.38212198
   1.10160697  1.6020484 
