 1.33064175  2.49278855  1.96206093  2.59757066  0.84113467  2.86577201
   1.85790634  1.8472966   1.03899002  1.13739347  0.95510018  1.81872332
   2.04543614  0.57985443  1.32928216  0.6746186   2.6715951   0.47642997
   0.98194414  0.79711115  0.63869774  1.1747719   0.51696318  2.95172262
   2.15143013  0.91072661  2.38193202  1.15118277  2.25879526  1.99278057
   2.68072629  0.87098479  2.40803456  0.56488079  1.28877056  0.79800332
   1.8308506   0.76955009  1.15532827  0.67949021  2.52977657  3.03125
   1.00542581  0.69845712  0.94566417  1.56114674  1.62397015  1.405056
   1.64037061  2.08733249  1.53031671  1.56913757  1.20775843  1.55286741
   1.10530329  2.60012197  0.61079031  1.97629726  2.11078835  2.01474667
   1.29805529  1.42133296  1.51698792  0.97263199  0.87551707  1.86012018
   1.05763745  1.50059319  1.47249973  3.15547848  2.45977616  0.80158138
   1.47283947  1.17319131  1.77370274  1.16663921  1.28736937  1.75499296
   1.81944728  1.092085    1.784181    0.9840495   1.17049396  1.32956278
   2.27584195  2.01216483  0.92137903  2.52278113  1.28414726  2.18368578
   3.09656358  2.08674669  0.8844012   0.80400467  1.94284654  1.61675501
   1.02289474  0.63051784  2.21295667  1.24458385  2.42240143  1.01866138
   2.25717568  2.65507984  1.26730239  1.78261185  1.35418904  1.46389806
   1.92054951  1.01317263  2.25878978  1.40370047  1.54614341  1.3649497
   2.10731339  1.52496469  2.61845851  1.26841354  1.23516965  1.94862211
   3.4588635   2.16174531  3.11417198  1.10107458  1.46457005  2.55247664
   2.6897788   1.81978512  1.7195282   1.00874186  0.76018178  0.79702812
   1.27860105  2.03498268  2.40558338  1.89230871  0.57169074  1.44524729
   1.63922441  1.36518848  1.90646255  1.07246244  1.06456912  1.694278
   3.43206358  1.42525148  1.08100712  0.95476776  2.13792777  1.69849026
   1.25666261  2.7736249   3.01431966  1.91890049  0.70451319  1.28438163
   2.30198073  3.49280143  0.75377107  0.84695131  0.97844636  0.90354109
   0.95849127  1.28469789  1.48226249  0.43487996  0.89103979  3.06701541
   0.9574632   1.1684444   1.24558043  0.71434683  1.50641346  0.79869717
   0.87118417  1.88771462  1.90316486  2.38295031  1.49756956  0.97433424
   0.95059621  1.64679992  2.44427061  1.72549522  1.74574614  2.17745447
   1.27130198  1.46490848  0.79155964  1.27895808  2.23686457  0.83705473
   2.8331902   0.59957331  1.76807606  1.26621079  1.5263592   1.57277513
   1.36481154  2.34155059  2.26551843  0.72552717  1.30929172  1.31260264
   2.03123689  1.45983267  2.26900434  1.158939    2.31627679  0.62726164
   1.75524628  2.06886458  1.26657653  1.97693741  1.33019996  1.0697552
   1.85970819  0.94705707  2.50651336  3.02253389  1.12544179  1.81168568
   0.98665202  0.79329967  2.6619029   1.96874869  0.99814206  1.30882299
   2.33490944  1.33467686  1.11225867  0.77718848  1.36440897  0.63451135
   2.07049894  2.77021575  1.92716992  0.88224477  1.11392987  1.41038239
   1.96218443  1.71330106  1.21344972  2.47122407  1.8555516   1.27592814
   0.95145738  1.12436426  1.62493253  2.56435037  1.45662725  2.65790486
   2.00631881  2.55017424  1.33975577  1.15262377  3.13605618  3.15942883
   2.15017676  2.79474735  1.67271924  2.07055736  2.04086065  0.98158914
   1.30263007  0.19427554  1.05378866  2.17936754  0.98344332  1.42373157
   2.539114    2.20221639  2.13603282  1.21448982  1.40604079  1.46279657
   0.57842356  0.93330431  1.13303876  2.85750341  1.02382851  1.84218955
   1.39801216  1.38632035  1.50706637  1.77205586  2.80147219  1.72857749
   1.96591651  1.02709842  3.83622599  1.90533006  1.67815232  1.53354001
   2.10976052  1.32116318  1.64388394  1.94872308  0.29876173  2.20351648
   2.19055438  0.99464285  2.50882649  2.14327979  2.03142881  1.22582662
   1.39054418  0.93991214  2.34271121  1.22904158  1.67420149  1.37655389
   1.33566177  1.45384336  1.57317626  2.87338495  2.67815208  1.14762008
   1.47282255  1.14124334  0.14141248  1.15848458  1.18257606  2.07696676
   0.60212445  1.45419204  0.82759011  0.78524584  1.30051422  2.31002665
   2.0425241   3.25730515  2.4187808   2.38198256  1.49997866  1.08434951
   1.12616313  1.82467711  1.18116164  1.72965097  0.97172385  1.26869917
   1.69628859  1.56956422  0.97013474  1.84503877  1.4476974   0.90458578
   0.86646587  2.99306321  0.9645825   1.07308388  2.02552605  2.47250891
   1.61300135  1.07142985  2.37426686  2.38606119  1.53411055  1.33238769
   1.57116449  1.2821393   1.04321194  1.56949687  1.81549418  1.11362863
   1.63545656  1.72927177  2.86966395  2.02429247  3.08410048  1.44155014
   0.8035835   3.11912513  1.26484215  1.81198084  2.31397223  2.43408942
   1.37979627  1.9744556   1.87176108  1.92563534  1.89175963  1.04507196
   1.16562569  0.32988644  1.25951982  1.09541094  3.84745717  1.02401042
   1.227054    1.83014095  1.8633666   1.25102687  2.7484498   1.32881641
   0.05368393  1.62025583  1.74047148  1.2102834   1.96637022  1.92184269
   1.08801949  0.96215892  1.87084389  2.65840101  2.52316713  1.52719247
   2.16708732  1.52736044  2.13510418  2.04591513  3.11994958  0.74160576
   3.07405496  3.54895687  1.86535895  2.00444365  1.9814353   2.07154298
   2.60972548  2.08774042  1.79089856  1.63388789  1.26315248  1.12663114
   1.86719811  1.05501318  1.41222465  1.06880963  1.86806524  1.99135995
   2.99018478  2.68979836  1.26581442  2.58992648  1.80734885  1.84046137
   0.75846064  2.30260921  1.02028179  0.79271066  1.71910679  1.86880171
   1.60479856  2.33239007  0.57847738  1.64681458  2.25123644  0.70583963
   2.05084586  1.4930234   1.6696285   1.46386051  1.57936299  2.85235715
   2.90187073  0.72147578  2.47927904  0.83159578  1.95181608  1.19045484
   2.21852779  2.20712185  2.30321622  1.39926386  0.64108419  3.13713551
   1.37212121  3.11922455  1.54356408  2.69576406  0.89722008  3.16197896
   1.21610832  1.32683921  1.5379622   2.22542262  0.50293523  2.74472094
   1.30709648  3.7921629   3.02024174  1.91354597  1.21704745  1.93082762
   0.70515168  2.29590487  1.25551105  1.38181722  1.83992565  1.41583025
   0.92082858  1.64848149  1.68278968  2.9348495   1.2481513   1.68189108
   1.95681179  1.22362924  1.82872772  1.66755784  1.76307821  1.3981688
   0.93686026  1.85782194  1.04759121  1.09117806  2.60319328  0.91813391
   0.94348162  0.76211035
