 1.1870873   2.921206    1.38758731  2.82501888  1.34721684  3.35697508
   1.39897358  2.63613343  1.46556377  1.64291477  1.54174578  1.66663611
   2.27042842  1.0181663   1.3687495   0.96169519  2.82943964  0.4963575
   0.79506654  0.81572485  0.70098931  1.47973776  2.1323328   1.72244239
   1.77297771  0.95438534  1.87194335  0.49598563  1.19095695  2.03951883
   2.6868515   1.76647091  0.86842567  0.97098941  1.04747856  1.16641533
   2.41387463  1.06597412  2.15471792  0.99716473  1.37262654  4.9766407
  -0.02407659  1.23177481  0.77853608  1.7004267   1.17234182  1.38317144
   1.20384336  1.13704145  2.92177248  1.97271264  0.53006858  1.59916174
   0.88485706  2.73227406  0.98472148  1.77494657  2.04772568  2.00961971
   2.65466213  1.1615864   2.17948484  1.06156039  1.34987497  1.28259516
   1.14380908  1.02110291  2.4081707   3.06532168  2.41956711  1.53448319
   1.78121924  1.02363002  2.55950999  1.75603878  2.16820979  2.21055532
   2.6984067   1.16125381  1.3327893   1.06679451  1.36021137  1.68680978
   2.29132009  2.99167061  0.80223453  1.74747324  0.80101663  2.370857
   3.73940039  3.00600672  1.73031974  0.70102328  2.01686502  2.35223007
   1.77108359  0.86760497  2.21476769  2.08472657  2.45174527  1.20997024
   1.82076335  1.72757053  2.0540781   1.77016962  1.43255353  1.19852829
   0.7567296   1.57370055  1.71951437  0.81423837  1.70009971  1.33383143
   2.0826292   1.65575576  2.52033615  2.03240705  1.23400342  2.91484427
   3.33721662  1.75331783  3.1379168   0.78200907  1.43179369  2.32640934
   2.10148668  1.67623866  2.01998377  0.95849764  1.03160453  0.70011735
   2.18302393  1.35453033  1.55457413  0.89788008  0.49561173  1.68122113
   1.43225062  2.00022912  2.91330004  1.47080028  1.79273343  1.48167884
   4.01891518  1.41495109  2.66500711  0.80880457  1.76367426  2.2381525
   1.3535428   1.60995376  2.2198844   1.36625922  1.72859454  0.91063893
   1.45317972  2.64765501  1.35451853  1.17797315  2.19765067  1.30723774
   1.04739738  1.539343    2.68187237  0.31404269  1.02098274  4.08233929
   1.69296706  1.21155024  1.70868778  0.84110057  0.83496088  1.67544186
   1.18963253  0.84058636  1.99668682  2.40593362  1.50651562  0.70529372
   1.65456033  1.65153694  1.45732939  2.10808706  1.69620383  2.15492105
   1.75161028  2.43564153  0.68413031  1.00466406  2.85797834  2.05077529
   0.7502538   0.83587998  1.02194655  0.84300578  1.26852942  1.62716794
   1.0853188   3.02615595  2.04974747  0.67371017  1.30700803  1.22836268
   2.40980649  1.13736904  3.02934217  0.88456649  2.2367239   0.49808112
   2.34894013  2.73206711  1.65679705  1.60309291  0.54660356  0.88478273
   2.62309623  0.76920295  2.94595718  2.52530169  1.01194453  2.43363595
   0.73859692  1.29799736  2.86250043  1.07620168  0.59504819  2.10838556
   1.93827534  1.66541183  1.52922761  1.89259064  2.78524828  0.98812634
   1.48591864  2.01338959  1.99499607  1.15841579  1.33281684  1.88849342
   1.92860746  3.46659923  1.09502947  2.35157466  2.4700942   1.10310864
   1.01567972  1.19785905  1.23911381  4.08668613  1.63616693  1.79318511
   2.15826178  3.27314639  0.88959253  1.11259985  3.05058122  2.24519968
   0.64163142  2.61246753  1.00601852  1.49644566  2.36922193  1.6444912
   1.13912213  0.66223431  1.45648181  2.72180939  0.92226464  1.29517746
   1.86034846  2.00935411  2.30829334  1.08666539  1.03038895  1.71511328
   0.77390617  1.9877454   1.19103062  1.6337477   1.29127502  1.9965353
   2.62913322  1.66485989  2.40598702  1.31339216  2.00593472  2.09782839
   1.62742591  0.88143104  1.84464836  1.20910442  1.72597373  1.17751634
   1.58234894  1.00716484  2.54607868  2.25870371  4.54439688  2.19138288
   2.78753185  1.51387548  2.3974185   1.69266355  1.90644562  1.15838242
   1.61786389  0.97354823  2.65991783  2.22253633  1.7132833   1.48851013
   1.60704005  1.65711963  1.42444289  2.49504685  1.82511234  1.57022882
   1.66173422  1.54177725  0.55393678  1.23504591  1.15633261  2.54112577
   1.64848757  1.72497833  0.48062643  0.87616605  1.58247781  2.7542007
   2.75885534  2.94018722  1.48073542  2.62430096  1.23832822  1.25517523
   1.22510636  2.12245321  1.1417644   1.31030071  0.95010513  1.13253307
   2.29085541  1.40615559  0.93891543  1.5699538   0.78138876  2.00947142
   1.42407489  1.71521425  1.44613004  2.15466571  1.52262199  1.20160353
   2.21591306  1.56906056  1.41521788  1.40654802  1.54294503  1.69317281
   2.21272397  2.11427569  1.12443352  0.73527062  1.57465911  1.5351423
   1.6627208   2.02685714  2.08537602  2.68568754  2.34658504  1.29095685
   1.03480697  1.59561193  0.73938578  2.17941976  3.19191527  1.89707065
   1.5318656   1.98985577  2.09438467  1.37276542  1.66171718  2.26938796
   0.95309103  0.6610443   1.16204548  1.19960272  1.48270512  1.19639015
   1.4126997   1.48121285  2.41998863  1.27197111  2.4549284   1.79661477
   1.41510415  1.92684293  0.94836897  1.11719823  1.56223631  1.94779336
   1.12182069  1.28466082  1.86648464  1.59220564  2.13694167  1.57335925
   2.42339301  1.00122035  2.57645893  1.78380919  2.39765573  1.26538694
   2.59321618  1.91600251  1.04956889  2.49426079  1.32855415  3.21605182
   3.22890806  2.11599684  1.25498736  1.12572515  1.23563659  0.75830674
   1.52453244  1.7153641   1.39643633  2.06150556  1.08766949  1.79801977
   2.75929976  1.80239904  0.93205607  2.38175583  1.68262899  2.67070532
   1.28312099  1.49875283  2.3469944   0.9728964   1.16494119  2.04285097
   1.86159003  2.01788735  2.03240585  2.24931121  1.56031382  0.60408449
   1.98986089  1.14736319  1.98451674  1.18780971  0.93502277  3.59582925
   3.00078821  0.71145719  1.63916087  2.62519431  1.99817598  0.98232818
   2.13924718  2.1931417   0.60687304  1.37265897  0.64173943  2.63022637
   1.07082021  3.30848598  1.40563381  1.7245909   0.33886644  1.638726
   1.16596937  1.14625311  2.7231462   1.51704133  0.70118612  2.73753595
   0.38351476  3.37842131  1.83568311  2.60065484  1.88713586  1.80753553
   0.84986353  1.30789256  1.46509528  0.67287046  2.84172845  1.54974437
   1.11708868  0.7048173   0.92534256  2.29207587  2.01426005  1.2854954
   1.53957248  1.12740552  1.66749942  1.85167515  2.28888059  1.28188598
   0.99576849  2.12262177  1.73534524  1.27054298  2.08633757  1.34033084
   1.48704445  2.87627554
