 1.60837638  2.85812473  1.95038271  1.93551493  1.38195872  1.07744038
   0.4271962   1.5910213   1.145805    1.46222234  1.37331021  1.92174184
   1.78101575  0.56790131  0.79016817  1.4011308   2.46142578  0.47385868
   1.57580996  0.80742514  0.87482083  0.90779358  1.61673939  2.3804419
   1.48735559  0.82480228  2.56759071  1.23657465  1.3193785   1.65071273
   2.220819    1.68896067  2.00071359  1.02668762  1.48027492  0.92471564
   2.46865225  1.7250427   1.9222604   1.35126138  0.96377075  3.14388251
   0.21932875  1.20828104  0.88264567  1.29615211  1.07822931  1.38261008
   2.08686495  1.58444798  1.34193623  1.34036827  1.15913761  0.99909484
   0.89465982  1.62091351  0.9122709   1.04331017  1.6147027   1.17553473
   1.92756426  1.23225367  2.10348058  0.96378589  1.28300095  1.43988788
   1.00059235  1.01458883  1.61880791  1.57364833  1.76887989  0.9380793
   1.93518567  1.13401747  1.62736595  0.98087204  1.07657897  2.06523466
   1.80831492  1.70037782  1.68579447  1.00591695  0.96822453  1.15526485
   1.98645794  1.53466487  0.83155221  1.90616202  0.93825734  1.63321483
   2.67150187  1.60997999  1.70536292  0.89861846  1.84530056  1.47930312
   0.93289387  1.66040874  1.74334538  2.05265641  3.1555047   1.27807319
   0.76481795  1.06184816  1.47040534  2.05408049  1.35000837  1.07929993
   1.43215466  1.43041778  2.29157448  1.5211277   2.50202966  1.29371274
   1.65215433  0.98232484  2.25579643  1.44365168  1.40502286  2.65817332
   2.18106246  1.04139197  3.20323634  1.30095172  1.59265757  1.53788984
   1.99644148  1.71519911  1.87776136  1.00338829  0.89597666  1.50986218
   1.13188756  1.9722296   1.48473382  1.22797942  0.73262382  1.05394399
   1.1218009   1.1443789   2.40403605  1.11820936  1.48931181  1.50871837
   1.82311535  1.21544957  0.80703086  0.72421318  2.0747509   0.82204092
   0.88515949  1.76903367  0.88105261  1.70981979  0.40775505  0.98245549
   2.22674584  2.82982779  0.7302267   0.946886    1.96146905  0.97408217
   0.62874097  1.26296341  2.38901043  0.35834587  0.64465022  3.21602988
   0.79828113  1.24043822  0.9546116   0.64647508  1.46990538  0.57179284
   1.87118065  1.23286736  2.5904243   1.26516759  1.5489378   0.5323227
   1.61291289  1.21731091  1.06673694  1.05975711  1.44613123  1.05208433
   1.23801482  1.7390933   0.68000865  1.10038996  1.41451395  0.72424841
   1.47977912  0.68442607  1.39853823  0.47208241  0.75601816  1.89170372
   1.38239706  2.17542386  2.08773613  0.46552843  1.50098813  1.29236162
   2.48468781  1.51270068  1.31076407  0.72950774  1.83694911  0.70443779
   1.60853052  2.21437764  1.12415624  1.91411829  1.05757213  1.06810129
   2.11297417  0.70953465  1.82657325  2.17344356  1.86298597  1.67729795
   0.48112085  0.61621612  1.94963491  0.81434435  0.9444201   2.0273819
   2.13880229  1.64469779  1.20579898  1.06859827  1.45753884  0.72102922
   2.10497451  1.16667724  1.72926235  1.00185597  1.36827707  1.68116748
   2.03816414  3.05579615  1.06899154  2.07841134  1.67861307  1.24299383
   1.50060081  1.17635131  0.73944324  2.48492622  0.8917681   1.5640192
   1.65089953  1.98680067  0.28698134  1.39742351  2.49302101  2.4890995
   1.55577087  2.28211951  1.3256731   1.3242656   1.94645548  0.93587953
   0.59407824  1.78925574  1.46788514  1.16195393  1.08761966  1.06236255
   1.3708626   2.05097055  1.50019205  1.31445014  1.15701866  1.59782898
   1.117764    0.62942594  1.14597213  2.27723002  2.06877398  1.72311652
   2.3883822   1.31043363  1.27940309  0.81370628  1.9403621   1.46513748
   1.18660641  0.44775164  1.92107987  1.46684635  1.97292042  0.36155328
   1.6157285   1.234393    2.44335413  1.94409764  1.75618708  1.39281666
   3.17196417  1.02034092  1.60275698  2.07884574  1.64480579  1.30719781
   0.82268786  1.1752938   2.14390564  1.58244157  1.61322856  1.48798585
   0.61748952  1.454687    1.40399611  0.9147433   2.15735197  1.49472213
   1.87311912  1.88240039  1.19881916  1.0273428   0.95734453  1.0743171
   0.40124902  1.92093015  0.74200767  0.7590704   1.56440008  1.53383923
   2.28047323  1.91317081  0.33248863  2.3211143   1.24739838  1.87136221
   1.06401503  1.34273672  0.96322936  1.46515429  1.00419533  0.48236156
   2.10160851  1.42823386  0.91120315  1.46925712  0.63776129  2.19876909
   1.27943146  1.04104805  1.51226008  0.68474478  1.07059741  1.12315822
   1.03674412  0.97518039  1.01099396  0.69080782  1.33667612  0.9566111
   2.28290915  1.68691885  1.44380164  0.8762846   1.86134768  0.81439441
   2.30081868  0.73625642  2.53542542  1.22876561  1.85903323  1.22291553
   0.93639213  0.69863951  0.70009762  2.30225921  2.21218133  1.63370407
   1.63007367  1.00046527  1.02194083  1.11520016  2.1005249   1.87274909
   1.08392704  0.81387049  1.08473575  1.00126362  1.3196137   0.83829963
   1.39898539  1.90173697  1.9529438   1.23787403  2.42728281  1.92435133
   0.22458142  1.53354061  0.23054802  1.02705121  1.46195006  1.29551435
   1.5197556   1.13567603  1.99166501  1.48217344  1.00534749  0.71282285
   2.48458934  1.39991832  1.97000504  1.64730215  1.63975585  2.02364635
   1.92652643  2.1037159   1.15761805  2.15214849  1.76674938  1.97176993
   1.01792085  1.42736232  0.76498336  1.00761425  1.35018337  1.01539218
   1.42163587  2.7027092   1.11010385  0.36482683  1.60722566  1.65083444
   1.88803542  1.43950057  1.16894388  1.48290133  1.2258445   2.14117718
   0.93899494  2.1235714   1.03762567  1.34253287  1.68684661  1.99783242
   1.68224323  2.08497977  1.16009986  1.71391177  1.46510506  0.58557647
   2.10343027  1.05922961  1.9746536   1.1093266   1.00178015  2.48929334
   2.40326619  0.77888131  1.78729606  1.30093205  2.28621531  0.71128601
   1.72409761  1.76957202  0.72316438  1.57283175  0.89282739  2.48075867
   0.87537938  2.55567694  1.37012577  1.72926712  0.25965109  1.85749996
   0.21451171  1.68647754  1.59752512  1.75993264  0.71680027  2.35208464
   1.05114412  2.37021518  1.6293081   1.25211275  1.50791085  2.38148189
   0.77567285  2.73962402  1.55850351  1.07217407  1.0245899   1.3658607
   0.91180176  0.20769     1.55650842  2.0472579   1.58556628  0.9680236
   1.4320215   1.38791764  1.92638743  1.76980841  1.36146057  1.33010101
   1.84410858  0.99888361  1.02125585  0.67516994  1.77684915  0.78346783
   0.74324197  2.116189  
