 1.7724123   1.61175489  1.01317453  2.8048532   1.14742851  2.31212831
   1.61801124  2.22510934  1.06923974  1.46861041  1.39436066  1.39205813
   2.03860497  1.1022861   1.80522847  1.70485771  2.38315797  0.45436314
   1.28522384  0.78625041  0.79474938  1.24513674  2.24390435  1.72898149
   0.87712008  0.71247673  1.48231339  0.59147704  1.86374378  2.0350697
   2.24114013  2.10637975  1.86483598  1.18988192  1.26789761  1.72393727
   1.71959674  1.65689766  1.75047469  1.67198896  0.99932867  3.83219314
   0.42600232  1.65794623  0.77373713  1.30686176  1.22891557  1.24795878
   2.15307498  1.13879764  1.35040903  2.73346329  0.95735049  1.11840367
   0.91672581  1.81564724  1.07334256  2.20764232  1.6319524   1.23647034
   1.01257312  0.65380329  1.65410078  1.18830931  1.43478405  1.46415603
   0.95646501  0.95467657  2.07860494  1.19929147  2.15060139  1.82171786
   1.69851387  1.5931294   1.30883753  1.06546819  1.92769134  2.84308004
   3.87685299  1.23342466  1.48600459  1.00515413  1.06795502  1.38874495
   1.92674482  2.97776651  0.79493064  1.3871181   1.01350474  1.16317904
   1.77882314  1.22468293  1.2544415   0.78306365  1.97954524  2.03467727
   1.28819811  1.35984087  2.88840747  2.36272836  3.08455062  1.40664923
   1.23213685  0.79859841  1.79002464  2.13519025  1.29884505  1.71569955
   1.8831954   1.8799684   2.61457086  1.62748826  2.93025088  1.41305971
   1.95133173  1.35652983  4.11401606  1.88189101  1.56962562  2.47204518
   2.67730188  1.02299201  3.32081318  0.99135512  1.32205486  1.24641836
   1.82011557  2.9845171   0.94990987  1.21627998  0.9239772   1.93932056
   1.48423147  1.13984776  1.81468952  0.44857237  1.10322058  0.85033327
   1.70423436  2.54207373  1.94608688  1.20379043  1.68596852  2.0661509
   2.53212619  1.46680307  1.97204137  0.65548772  1.42622423  0.296536
   0.89868861  3.09049439  1.10036409  1.70971894  1.24290466  0.90633881
   2.35501289  3.47660899  0.90341723  1.50940001  2.10416102  2.10062385
   1.02742815  1.16034114  1.65376496  0.46640477  1.35723269  3.97814727
   1.44228232  0.9875558   0.86794722  1.07386804  1.59251142  1.44850707
   1.86973321  1.41180694  1.92376482  1.55644333  1.37642348  1.05490911
   2.04599571  1.33280003  1.51268053  1.99856663  1.28163159  1.92999494
   1.47515678  1.92821729  0.80979013  1.10686696  1.48508012  1.183406
   1.24581301  0.49670196  1.70993686  1.56619239  1.0781585   1.64801967
   1.33871579  2.82955384  3.01142716  0.97630775  1.0257349   1.66447401
   1.90246165  1.29313266  1.32096255  0.41954806  2.32103872  0.42668939
   2.34829426  2.73893929  1.11124098  2.09647322  1.28032362  1.03499472
   1.87262583  0.75522029  1.20282066  2.46602535  1.43183982  1.55808806
   1.32248497  0.98769379  1.37072432  0.94674671  0.5353927   3.02795482
   2.56843305  1.8893882   1.04069328  1.72998488  1.91167617  0.95207119
   1.91299617  1.14965248  1.88378561  0.9452247   1.29495156  2.09527779
   2.80181766  2.19134355  0.79255426  1.96574044  0.94915247  1.33262932
   0.6851564   1.48398387  0.62702996  3.37384033  0.98836976  1.5174433
   1.83697665  2.71457934  0.81080931  1.53727162  3.40428019  3.17952967
   1.86068761  2.98052287  0.95016527  1.42820227  2.32419467  1.27440166
   1.15633678  1.23005366  1.40867507  1.86619473  1.13631904  2.63415694
   1.65573728  2.92925239  1.67665589  1.80118644  1.61126733  1.49852824
   1.01952183  2.05039406  1.45615411  1.95999801  1.06657934  1.24187469
   2.06448603  1.04355204  1.31457877  1.51666212  2.52307963  1.98787081
   1.8421706   1.01450634  1.77289498  1.91939509  2.07784963  1.24307072
   0.97215861  1.72730076  1.577142    2.25362563  2.66277313  2.43086839
   1.97458136  1.30556738  1.85392618  2.35219932  1.61506629  1.62971294
   0.92132461  1.31127572  2.26258159  1.53511119  1.28221285  1.28354466
   1.23866451  1.10396528  1.27286553  1.46922922  1.33356893  2.32296944
   1.59576643  2.89091229  0.4524667   1.15555751  0.96597469  2.24313021
   0.92486924  1.96441567  0.71085978  0.74738789  2.06547427  1.53967202
   1.59471822  1.47464275  0.41301697  2.47934699  1.96699584  0.87219661
   1.18578482  1.79434991  0.897479    1.78705049  1.05246139  1.12398553
   2.57773852  1.28567219  1.39987946  1.88854015  1.12366772  1.94726145
   1.30584216  1.42378783  1.57216883  1.97307432  1.73113918  1.09255219
   0.99712926  2.24042511  1.71530497  2.10072398  2.21034479  1.52234578
   2.07789373  1.14378345  1.42822397  0.47341648  2.17899275  0.99626374
   2.19077969  1.06727111  1.84020424  2.15944481  2.1642344   1.24061179
   0.86642331  0.86366516  0.63411731  2.42452693  2.03398824  1.95345414
   1.55260384  0.95943785  0.85139793  1.15064371  2.24878502  2.32501173
   1.17507458  0.71584111  1.3116852   1.00632238  1.98855889  1.84302497
   1.35715759  1.63078165  1.35422897  1.66123021  2.56106377  0.66096395
   1.17787683  1.80593503  1.20817006  1.48837233  2.13437963  2.42963958
   1.46621788  1.50580907  2.13012886  1.34048235  0.92305475  1.23588395
   2.28997612  2.64213157  1.77626026  2.63461137  2.58424425  2.10791707
   2.89675784  1.57987738  0.98224014  1.67984223  2.08469629  2.38432336
   1.40416563  1.92289603  1.06740832  1.19263411  1.1393292   0.88373876
   1.92418373  3.22578883  1.06716561  0.54681981  1.09180987  1.59133708
   2.03590727  1.27034175  1.67607284  2.13994575  2.32060385  2.76526332
   0.79557323  2.48040104  1.29505169  2.15757012  2.73872995  1.79804301
   1.43231821  1.62093556  1.21341836  2.35336757  1.24421513  0.81165922
   2.35895514  0.97284436  3.93989182  1.16014385  1.64969921  2.4790194
   2.47177243  0.87488043  1.33823526  2.00371957  2.83957028  0.78522003
   2.24149275  1.28713429  0.92826045  1.42062271  1.4707073   2.95722342
   0.64078772  3.52870202  2.71468401  1.4077667   0.45816568  1.81531644
   0.39323473  1.30731618  1.74580824  1.45613515  0.96503663  2.15931249
   0.77349067  1.91395867  1.95978248  1.8166647   1.82864869  2.37187123
   1.30292499  1.0559361   1.48814261  2.12159038  1.5711236   0.69395822
   1.00240755  1.10129082  1.32574165  1.72223175  1.57312143  1.78445828
   1.23558354  0.94645679  2.23875666  1.98361015  1.83151114  0.87134534
   1.38622701  1.68282998  0.99636668  1.80108654  1.87157655  1.20330822
   1.08551252  1.36026919
