 1.50852895  1.67340255  1.49017334  2.43647313  1.37608576  1.08792257
   1.73190093  1.82550085  1.07248724  1.3702122   2.20286822  1.62872815
   1.62733829  0.05833511  1.60870457  1.4646107   1.99777281  0.53588933
   1.69803834  0.80858743  1.07131922  0.57910019  1.14175105  1.40926397
   1.27803612  0.90709025  1.88882363  0.06213201  1.07710862  1.407583
   2.06555152  1.39655161  1.07360423  0.89246863  1.03347933  1.20023096
   0.94674861  1.76697433  1.35828435  1.08027685  0.81507909  3.24961424
   0.24166405  1.38627183  0.65366846  1.48122478  1.41118348  1.22910285
   1.74801314  1.2705375   1.48076797  1.63829255  1.0407505   0.94034553
   0.85943162  1.87299454  0.96447361  2.50046563  1.17673039  0.72274816
   1.27299929  1.05270636  2.51906061  0.9087193   1.28342652  0.98871607
   1.12491643  0.30458242  1.39210939  1.32615888  1.42034626  1.73469424
   1.36366665  1.81342494  0.67331767  1.14795732  0.92700446  2.7867043
   3.16468     0.70686126  0.94687051  1.00385213  1.32026839  1.48226798
   2.048311    1.50149906  0.98200196  1.59633434  0.95050263  0.88616836
   1.67943859  1.00236511  0.83402687  0.68008339  1.76302373  0.90738422
   1.27755296  1.10420072  1.65123081  2.35727453  2.54696774  1.04208446
   0.82362515  0.63918984  1.33476806  2.04704475  1.20865285  1.15619516
   0.97427529  1.44248676  2.70892525  1.24873948  2.4579041   1.5713762
   2.13703728  0.75752246  2.68691492  2.03075218  1.59628367  2.45184231
   2.0655582   1.59855795  2.76171684  1.15654993  1.63946414  1.83989525
   2.04584694  2.12244916  0.87330168  1.07294261  0.75931406  2.10166454
   1.32692564  2.05380177  1.72536695  0.66553515  1.23335731  0.66744578
   1.405496    1.64641082  2.0143981   1.0030942   0.9531948   1.67141628
   2.06491208  1.26974404  1.75954795  0.80754876  2.0374105   0.66450691
   0.79082304  2.00793314  1.14758682  2.16174769  0.6784035   0.83742875
   2.69596171  2.82465529  0.80073947  1.3719511   2.14677715  1.19122005
   0.71023118  1.28277802  1.15260208  1.33198392  0.73513561  1.52591038
   1.20743847  0.89987874  0.70364988  1.11557782  0.96756411  0.80703336
   1.82842898  1.42854166  1.6922648   1.69925737  1.97995698  0.82081783
   0.94976622  1.55144262  1.03271675  1.63871598  1.58080196  1.0077244
   0.64664674  1.68993199  0.80179626  0.98082435  1.24702847  0.75215936
   2.5170157   0.78741592  1.66331816  1.56668639  0.99473023  2.34104562
   1.02913475  2.11473846  2.06496668  0.5309853   0.79022765  0.75210506
   1.63286936  0.78515893  1.0435102   0.62212437  2.5326581   0.27405524
   1.13813138  2.40504742  1.15725219  1.29278171  1.24126744  0.84513324
   1.33039534  0.69292158  1.19428456  2.01785707  1.61701202  1.62171078
   0.97626376  1.92592573  0.75041234  1.24381256  0.60922992  2.8094883
   1.72792923  2.30383134  1.20503759  1.3248992   0.89375973  0.52451259
   3.22195387  1.39504182  1.88264012  0.70432341  1.18745363  1.86184394
   2.01199293  1.58452451  0.64860833  0.44798747  0.90463436  1.62056661
   0.56787133  1.61362827  0.07506172  2.14809656  0.83131313  1.72046363
   2.19444823  2.77531266  0.30628473  1.13314354  3.3514998   2.20465994
   2.35902834  2.35323405  0.89654636  1.18844438  1.42981541  1.32189369
   0.70776045  2.02788329  1.52748096  1.59397173  0.99941593  2.15688992
   1.13070047  1.66375363  1.20776284  1.58734286  0.9775815   1.53470254
   1.1167891   1.07673347  1.11355221  2.58780813  1.20260537  0.70770729
   2.63990116  0.45741302  0.82706559  1.14458513  2.43103886  1.29500866
   1.28870213  0.30950809  1.64958954  1.47494733  2.03134513  0.61216825
   1.43392897  1.63090253  1.89700222  1.92307401  0.89637512  2.00669885
   1.92181945  0.95116735  1.45021522  2.01374769  2.41430855  1.38344669
   0.51939952  1.15201592  1.8331877   0.78177327  2.11936378  1.13532603
   0.44483876  1.04194045  0.82018316  1.1158874   1.56904137  1.29421329
   1.23219359  0.92094368  0.55888337  0.89013404  1.27989948  2.3467164
   1.42113459  1.96371043  0.6987884   0.7651059   1.83805501  1.34905052
   1.78660727  1.96633565  0.69812119  1.95348239  1.72331476  1.18882334
   1.18130648  1.06389201  0.56643957  1.34340823  1.00289512  0.53815418
   1.95070779  1.64147842  1.06666064  1.33652234  0.93275976  2.37441587
   0.53369254  1.43536961  0.97528189  2.02556515  1.09750414  0.98920494
   2.18556452  1.39017153  1.10769153  2.10927963  1.32204199  0.89246559
   1.77389824  0.7780146   0.88651115  1.16092038  1.27961051  0.73295337
   1.95327997  0.83380336  2.3379941   1.6105026   1.93027759  2.04189277
   0.61485934  1.12364447  0.7185033   1.71946442  2.07841635  1.50911093
   1.14986575  0.98757643  0.66944504  1.4222846   1.87313211  3.17347217
   1.48256922  0.50573248  1.27332342  1.11779678  1.68221915  0.76388747
   1.16476846  1.0970639   0.97679132  1.48284936  2.6356709   1.4773643
   0.31117365  1.41708362  0.91554046  1.8253963   2.36799717  1.38203561
   1.46626699  1.35136092  1.31273878  1.35781991  0.47884724  1.58215308
   2.62207699  1.8758105   1.38719702  2.48907399  1.84525657  1.37460446
   2.66436934  1.52211106  1.47162008  1.93919086  1.88203633  1.47191286
   1.6107856   1.37114632  0.98054379  0.74525583  1.68688262  1.03945136
   1.57309139  2.30775499  1.04569173  0.30124319  1.53114784  1.1734122
   1.58352268  1.04091394  1.38319039  1.05676436  1.8387804   2.57415438
   0.50350809  2.23541522  2.21828723  1.72397101  1.75515521  1.66571999
   1.58315921  0.88742578  2.11942267  2.21114111  1.78143096  0.86450338
   2.43090391  0.91724372  2.80026197  1.57550204  1.38707697  1.50785971
   2.15491486  0.51449221  2.27061915  1.66045475  2.32241368  0.90509623
   1.92126822  0.97599727  0.80646557  1.5773381   1.70852244  1.94110644
   0.47195444  2.77559805  2.27418637  1.35142374  0.54909915  1.45514536
   0.70123237  1.69254184  1.74868691  1.18473232  1.33153176  1.93602026
   0.73940033  1.75123012  1.87292361  1.59503818  1.60913813  1.75620675
   0.91109389  1.81099355  1.40055215  2.29724216  1.34682298  0.92634386
   1.88712585  1.51534009  0.79545158  1.45758724  2.22668552  1.26645768
   1.08273685  0.90646601  1.48637748  1.59612238  0.86136633  0.89470756
   1.5387125   1.43007672  0.72001582  1.43770647  1.58541858  0.62317455
   0.99104357  1.64039052
