 1.7855128   1.67778027  1.16226053  1.36692369  1.67460382  1.27534688
   1.62402654  1.91857851  1.20847785  1.97464848  1.1408428   1.04046309
   1.74798131  1.53604949  2.00138164  1.86775386  2.74326468  0.36466298
   2.00337481  0.71559054  1.05896699  0.70053548  1.94963908  2.60095382
   1.13833702  0.52353776  1.00088704  0.29947898  1.37367344  1.32354581
   2.23899722  1.97597754  0.79507476  0.87451077  1.47260439  2.01217604
   2.38103485  2.81211472  1.56355572  1.55740213  1.28328502  4.05844784
   0.64664692  0.91449338  0.62580115  1.79613101  0.96032232  0.99881029
   1.76934624  1.03281283  1.39772141  2.36197066  0.28427488  2.49111176
   1.06893587  2.6264379   0.84055692  2.74767876  1.49479532  0.83159268
   2.55584025  1.2307688   1.40595043  0.94603008  1.87731576  2.1354599
   1.20911229  0.69633138  1.46957719  1.09304333  1.70868051  0.99857867
   1.43040109  3.26502752  1.89926982  1.47536397  2.30909204  2.5706749
   2.98159313  1.69328845  1.20497108  0.9902485   1.75006521  1.05176795
   1.50238132  1.96060288  0.92134243  1.55296075  1.12318158  1.1167804
   1.27679646  0.99902499  1.67810535  0.74054575  2.44502592  1.46548212
   0.83214599  1.33322275  1.69108975  2.08113194  2.40493989  1.08949089
   0.90856212  0.57320517  1.89190662  1.67872894  1.69532681  1.28381157
   2.33238459  1.53123915  2.10072708  1.62965024  1.67317498  1.48359442
   1.79389     0.77531469  3.47904348  2.21879888  1.59301555  1.14386487
   2.1080904   1.11888683  3.20962048  1.14282429  1.82726407  1.43117428
   2.61248469  1.95302868  1.17151201  1.22634661  0.47731927  1.58668125
   1.59582531  1.56900871  1.93877339  1.11702561  1.68634832  1.07833552
   2.13370347  1.76819062  2.06711483  0.9207027   1.00939298  2.26222897
   1.36761642  1.27112997  0.95407015  1.30544341  1.90721786  0.58869952
   1.29180706  2.50035334  1.83283114  1.41479278  1.78324127  0.71348679
   2.35118961  2.46363091  0.82069904  1.22243977  2.49009633  0.8569091
   0.95589781  1.25659287  1.19816589  0.17802787  1.59913838  3.23203897
   0.83087802  1.04515159  0.93792307  0.71761072  2.66779852  1.24684966
   2.89544368  1.75726497  1.33019865  1.07797301  2.10699701  0.93731552
   2.41073179  1.95738411  1.43981326  1.73664129  0.98850805  1.41141975
   0.62078232  2.55264878  0.74876648  0.84159899  2.005826    0.91980726
   2.46756363  0.52126205  1.31483757  1.8364706   1.14177334  1.72155952
   0.93094152  2.69315553  1.93935263  0.74661887  0.75311893  1.02053702
   0.84581441  0.71110314  1.4575603   0.86797321  1.31310403  0.16062482
   1.57068336  3.18481612  1.77613533  1.39804876  1.41100919  0.75143075
   1.83818519  0.77819282  1.46961784  2.20646405  2.27962852  1.85675597
   1.0637821   1.45839393  2.0653255   1.65669644  0.7753309   3.19442487
   2.32943964  1.91413593  1.18152905  0.84738934  0.98588872  1.65867341
   2.32794857  1.66089487  1.90641487  1.52678764  0.85607523  1.43328965
   2.13731575  2.46536112  0.72888303  0.84989059  1.58573377  1.26826155
   0.96720672  1.34799087  0.72613257  2.86757588  1.53941286  1.89303851
   1.86655343  2.02535486  0.3346532   1.35017335  2.58950353  3.14794683
   2.69612527  2.36000156  1.32372892  1.74096918  1.45276153  0.95169497
   1.15099514  1.30459678  2.09819555  1.32110548  0.97691172  1.1881752
   1.28956425  2.20799637  0.93642056  1.81709564  1.07828212  1.74448478
   0.57589585  1.3873297   1.09773231  2.41601467  1.26577759  0.86123401
   1.59995639  1.04560339  0.84919769  1.84700954  3.02019715  1.46820152
   1.24994802  1.1192143   1.43127429  2.06857276  2.28908086  1.33999348
   1.5885582   1.84031594  1.35942864  2.21621132  1.75821114  1.89027703
   2.15835834  1.17325473  2.03024936  1.53163505  2.67078257  1.45816791
   1.11733532  0.93105036  1.88438725  1.57442915  2.93622518  1.16554427
   0.94741231  1.34511971  2.04036713  1.3903209   1.81474781  1.42361104
   1.7464987   1.69134784  0.88320488  1.09980226  0.99158031  1.38832271
   1.37165499  1.66358268  0.37884194  0.60956156  1.79289377  1.89172351
   0.84762067  2.25967455  1.36553776  1.24202323  1.62669635  1.65581536
   1.22745156  1.68784177  0.88909608  2.17170763  0.87789893  1.40160704
   2.58074427  1.15234935  1.01074028  1.20307755  1.96680534  2.28346872
   0.90069449  1.89795995  2.13617134  2.61314511  2.49420238  1.54339933
   0.74440902  1.76627827  1.19195187  1.62876558  1.84776831  1.43750548
   2.07474327  1.01741183  1.24941516  0.88408524  0.98903459  0.99094027
   2.61691308  0.65869468  2.31278491  1.35779226  2.24633479  1.13411605
   0.4285391   0.99937278  0.50972795  1.34346128  1.94608688  1.82640076
   1.89825141  1.02509475  1.29907465  1.38881481  2.20243859  1.42210972
   1.75559986  0.55242705  1.7766844   1.02665067  2.36465573  1.74537086
   1.67131448  1.72463846  1.94421422  1.29981494  2.30693269  1.20599711
   0.69690925  1.80970764  1.15874791  2.51422787  2.85798883  2.84563088
   1.35095966  1.81510198  2.19735575  1.72885811  0.75820088  2.53821135
   2.68674493  1.32777512  2.30889153  3.12816072  1.4970237   1.16573238
   2.1495831   1.16399145  1.40854001  1.48869491  2.60496283  1.93254721
   1.86900127  1.80983448  1.0907768   0.91522181  1.20593679  0.70444858
   2.1021204   2.48000097  1.16505134  1.23970139  1.96180665  2.07128739
   1.51170635  1.5439961   1.58428526  1.74783504  1.25002706  2.38118982
   0.70373911  1.3128016   2.35477471  2.33725047  1.31042135  2.40468979
   1.80590618  1.96253777  2.318609    1.4318037   1.36716294  1.01450729
   2.29930782  1.28748119  4.00708771  1.27782035  0.61819851  1.44815922
   2.50595975  0.4927831   2.4835856   2.29593015  1.91485727  0.87124401
   2.57757783  1.19566274  0.87706339  1.42876971  1.24222279  1.65910423
   0.79481155  4.02481747  1.5798533   1.56874919  0.53064913  2.07833672
   1.38460135  1.39227211  1.54032493  1.87544537  1.12682784  2.31007028
   1.76832128  1.66966856  1.72519708  2.65345311  1.41706908  0.97694987
   1.46615016  1.64873457  1.871984    1.94673467  1.17476296  0.58028191
   1.36430573  0.96517652  0.83480221  1.72039449  2.64801216  1.46572316
   1.37309968  0.90238547  1.27629316  2.36097932  1.21040034  1.00938737
   0.97295427  1.66717625  0.39864403  1.74466813  1.82700062  1.1150465
   0.70969009  1.35172844
