  1.22421956e+00   1.99440742e+00   1.78914392e+00   1.67542911e+00
    1.09849596e+00   1.22812963e+00   1.37440884e+00   2.17198873e+00
    8.52201641e-01   1.43629217e+00   1.42520368e+00   2.17117071e+00
    1.62904382e+00   4.08754677e-01   2.19110203e+00   1.43475497e+00
    2.21266365e+00   4.23872977e-01   1.83317471e+00   8.22165966e-01
    8.96306574e-01   5.82637668e-01   9.92641270e-01   2.83232260e+00
    1.04395068e+00   9.48475420e-01   1.83663023e+00   1.20200372e+00
    7.33592987e-01   1.61383152e+00   3.19982052e+00   1.90962052e+00
    1.09975219e+00   6.04425192e-01   1.07004583e+00   1.23981738e+00
    1.90975988e+00   1.12745690e+00   2.03471446e+00   1.27825809e+00
    7.06720948e-01   4.45634747e+00   6.60207391e-01   5.00856221e-01
    3.71493429e-01   1.16834164e+00   2.12458539e+00   7.85938859e-01
    1.41841173e+00   1.79292119e+00   1.46570766e+00   1.63403964e+00
    7.97911644e-01   1.56400073e+00   9.21530008e-01   1.50381625e+00
    3.20326775e-01   3.06264305e+00   2.40474701e+00   8.24113309e-01
    2.23216629e+00   8.31743896e-01   1.71753931e+00   9.15446520e-01
    1.37164330e+00   2.27785587e+00   7.81490147e-01   5.68072081e-01
    9.59090531e-01   1.84661770e+00   2.01288891e+00   1.10039818e+00
    1.65872228e+00   2.41763186e+00   2.04572988e+00   1.05076551e+00
    1.92460454e+00   2.55003715e+00   3.40083981e+00   1.47676075e+00
    1.32889676e+00   6.92222893e-01   1.48532343e+00   6.49429739e-01
    2.01669574e+00   1.55604219e+00   7.94016480e-01   1.81780517e+00
    1.23174131e+00   1.57435918e+00   1.93273735e+00   1.74142480e+00
    1.81896210e+00   1.11953497e+00   1.77239108e+00   9.65159297e-01
    6.87999666e-01   1.32113588e+00   1.76098204e+00   2.22729635e+00
    2.10069489e+00   9.02367175e-01   5.75815022e-01   5.43407314e-02
    1.18030572e+00   1.28518462e+00   1.79413497e+00   1.09518886e+00
    1.69068992e+00   1.04083407e+00   2.67097163e+00   1.47051668e+00
    2.26106882e+00   9.96734202e-01   1.85194933e+00   4.19220358e-01
    2.38648582e+00   1.84450114e+00   1.80014598e+00   1.42447734e+00
    2.56333613e+00   1.42395782e+00   3.46906567e+00   1.31189036e+00
    6.88514471e-01   3.85103345e+00   3.12056589e+00   1.43359983e+00
    1.73073196e+00   1.02440441e+00   3.28565568e-01   1.09937048e+00
    1.05104268e+00   2.04265642e+00   1.62752259e+00   1.00653803e+00
    2.32541299e+00   9.22464550e-01   1.80045295e+00   2.12751007e+00
    1.64792359e+00   1.20061588e+00   1.04291010e+00   1.80151081e+00
    2.53555322e+00   8.79165590e-01   1.00968039e+00   8.62504005e-01
    2.05057454e+00   5.87430775e-01   1.42546284e+00   1.74370766e+00
    1.30949211e+00   1.59805548e+00   6.65117025e-01   1.02973866e+00
    1.58453000e+00   2.53517008e+00   7.64349937e-01   1.53467023e+00
    2.16557550e+00   9.22608972e-01   8.04991424e-01   1.23583019e+00
    2.67910123e+00   2.38765657e-01   9.28728461e-01   2.03205395e+00
    1.53160226e+00   1.32363546e+00   9.12688971e-01   1.24531686e+00
    1.57347369e+00   1.02041554e+00   2.67277408e+00   1.55474031e+00
    1.98628497e+00   2.02351236e+00   2.47324753e+00   7.78721869e-01
    1.99854767e+00   2.52641749e+00   1.33456540e+00   1.35359967e+00
    1.43278134e+00   1.57134914e+00   5.55905581e-01   2.34103394e+00
    7.05851495e-01   9.30549026e-01   2.12214351e+00   1.14368868e+00
    1.41788018e+00   5.39182603e-01   3.12991977e+00   1.23320234e+00
    6.93048418e-01   1.33309078e+00   1.27554667e+00   3.05570865e+00
    2.73648286e+00   8.31995249e-01   6.28401160e-01   1.36157298e+00
    2.25754309e+00   9.23186123e-01   1.07597399e+00   9.24629807e-01
    2.21137786e+00   3.07989240e-01   1.60871184e+00   2.22086716e+00
    1.98772585e+00   2.29417729e+00   1.29784870e+00   1.05639219e+00
    1.85536849e+00   6.57007217e-01   1.32443762e+00   1.82102931e+00
    2.54605722e+00   1.72325134e+00   1.45279646e+00   8.33228350e-01
    1.61524642e+00   1.43932378e+00   7.88486838e-01   4.39678383e+00
    1.99103534e+00   1.16456831e+00   9.18013811e-01   6.32027030e-01
    1.73526680e+00   9.99879539e-01   1.99734199e+00   1.51200306e+00
    2.29183507e+00   1.56238902e+00   1.27532554e+00   1.20831513e+00
    2.05831933e+00   1.22636533e+00   7.69642591e-01   4.25579160e-01
    1.33300197e+00   2.03082132e+00   7.84119964e-01   1.63786471e+00
   -4.04063007e-03   2.70008206e+00   1.41997659e+00   2.10541248e+00
    2.61747074e+00   2.75050306e+00   4.71447289e-01   1.09825838e+00
    3.19696569e+00   3.03325438e+00   2.93620181e+00   2.16117477e+00
    1.12596869e+00   1.67063737e+00   2.08789945e+00   1.19248807e+00
    8.69742811e-01   6.48218334e-01   2.24060893e+00   8.64185214e-01
    1.24625492e+00   2.12833333e+00   1.14942384e+00   3.45956755e+00
    1.28198779e+00   1.94642043e+00   9.98508096e-01   2.01903915e+00
    9.29915011e-01   5.81496179e-01   7.15844810e-01   2.92344594e+00
    1.79948688e+00   4.38724786e-01   2.08588624e+00   1.46317637e+00
    7.94284403e-01   1.68307650e+00   2.61364841e+00   1.10257125e+00
    2.14566040e+00   7.89022803e-01   2.05117369e+00   1.76390886e+00
    2.36068821e+00   5.71404815e-01   1.36831570e+00   2.93007112e+00
    2.04100466e+00   1.49168384e+00   6.44049168e-01   2.71650028e+00
    2.21269345e+00   1.23187494e+00   1.35649836e+00   1.36921108e+00
    1.75668049e+00   1.27973235e+00   1.20735157e+00   1.14447510e+00
    1.98310053e+00   1.42089629e+00   1.71151471e+00   8.21934521e-01
    4.22882438e-01   1.13523746e+00   1.54683876e+00   1.71052039e+00
    1.29040933e+00   1.86116290e+00   1.69178927e+00   2.00481510e+00
    5.51283002e-01   1.14100325e+00   5.83440721e-01   2.29333377e+00
    7.51494884e-01   1.25734961e+00   2.10161120e-01   6.88189566e-01
    1.85921097e+00   2.00315881e+00   1.45956624e+00   2.65760994e+00
    5.35180748e-01   1.12710178e+00   1.85006285e+00   2.70273948e+00
    1.27092934e+00   1.90619302e+00   1.11615062e+00   1.87222242e+00
    1.29490542e+00   1.29589629e+00   2.34063101e+00   1.31327546e+00
    1.33022046e+00   1.58238709e+00   1.83593142e+00   1.52956188e+00
    1.02544999e+00   1.56161654e+00   1.90677905e+00   1.72723508e+00
    1.74395275e+00   6.56190395e-01   8.31413329e-01   1.29937351e+00
    1.05620432e+00   1.75445771e+00   1.49895382e+00   9.55797374e-01
    2.82498074e+00   1.89341605e+00   1.46107268e+00   1.39359698e-01
    1.43882048e+00   6.03190184e-01   1.99847376e+00   6.72212183e-01
    2.84025908e+00   1.11975932e+00   2.77704048e+00   1.38768911e+00
    4.48535413e-01   1.46843541e+00   5.59686303e-01   1.51961184e+00
    2.80646133e+00   2.19385004e+00   1.92246604e+00   1.16063631e+00
    1.33801937e+00   1.52484035e+00   2.33436370e+00   1.54909933e+00
    1.40359867e+00   8.34786534e-01   1.39407253e+00   9.31740344e-01
    2.39963722e+00   2.18007469e+00   1.45785069e+00   1.73213184e+00
    1.67161691e+00   6.78919911e-01   2.57857895e+00   1.09515190e+00
    7.32901394e-01   1.79093039e+00   7.87699997e-01   2.34094143e+00
    2.21050930e+00   1.80290878e+00   1.51626921e+00   1.02365839e+00
    1.68522704e+00   1.62026596e+00   7.96902418e-01   2.09696412e+00
    2.65999269e+00   1.03543603e+00   2.18858743e+00   1.90749109e+00
    1.95007312e+00   1.21737134e+00   2.24099565e+00   1.52640033e+00
    1.55565786e+00   1.39296544e+00   1.92487895e+00   1.99708951e+00
    1.54013455e+00   1.63667035e+00   1.66153145e+00   1.70780778e+00
    1.16874182e+00   5.36652446e-01   2.13259459e+00   2.72566032e+00
    8.96329880e-01   4.75040823e-01   1.84939671e+00   2.87921429e+00
    9.32950020e-01   1.87465835e+00   1.56314909e+00   1.75110757e+00
    1.58577454e+00   2.60375738e+00   4.21688020e-01   1.71286058e+00
    1.53225851e+00   1.88534880e+00   6.77227259e-01   1.85199201e+00
    1.05838776e+00   1.67621541e+00   1.46258843e+00   1.13941956e+00
    1.54544377e+00   9.66486752e-01   2.48976398e+00   1.69336367e+00
    3.95829535e+00   1.57894206e+00   1.07582259e+00   1.99255359e+00
    2.55436635e+00   4.56228077e-01   2.39599419e+00   2.02697659e+00
    2.12565255e+00   6.36534929e-01   2.43015623e+00   1.75446737e+00
    7.77592599e-01   1.43592680e+00   1.28505576e+00   2.22138810e+00
    1.42317462e+00   3.22663045e+00   1.97482347e+00   1.93018949e+00
    2.22729474e-01   1.74262846e+00   7.99085677e-01   1.21357727e+00
    2.15708995e+00   2.72699189e+00   8.89595568e-01   3.16623926e+00
    1.03072858e+00   1.60096633e+00   2.04536963e+00   2.70211792e+00
    1.70834601e+00   1.73864532e+00   9.10002351e-01   1.92920232e+00
    1.55584121e+00   1.40375197e+00   8.45310390e-01   7.15462506e-01
    1.39461005e+00   5.09658158e-01   1.00796008e+00   1.39470124e+00
    2.02160263e+00   1.77937651e+00   1.33716714e+00   1.12191629e+00
    1.66971600e+00   1.59388602e+00   1.34785783e+00   1.00056458e+00
    1.42203808e+00   1.44091272e+00   7.81681895e-01   1.68500638e+00
    2.43386078e+00   1.06855834e+00   8.32161844e-01   2.13312101e+00
