 1.26024568  2.70717859  0.95992661  1.84083962  1.115628    1.03266072
   1.2191416   2.30656672  0.64988285  1.35382688  1.50212479  2.27344418
   1.68795621  0.95255411  1.52416456  0.83573925  2.45254612  0.47502702
   1.12875867  1.09588051  1.29120648  0.65765584  2.33212042  2.93537402
   1.09046912  0.78858286  2.06333256  1.07175434  0.66497016  2.05534482
   3.64597058  2.79897976  1.52802122  1.12046432  1.24488699  1.27585614
   0.91205084  1.44491458  1.47875655  1.43799329  0.80404717  3.6410768
   0.83677638  0.45957077  0.25338933  1.45124054  1.97830665  0.68045592
   1.90546811  1.82440341  1.31456292  1.23054028  0.6076203   1.25106323
   0.8793546   1.6207819   0.33609149  1.50981522  2.03663492  0.59216517
   2.19882441  0.83666009  1.38087356  0.80239892  1.05458581  1.61789203
   0.71769738  0.45333606  1.54581606  1.23905003  2.06140804  1.83420992
   1.49926066  1.87702799  1.9911474   0.76669973  1.6121304   3.06614351
   1.57019103  2.18627858  0.9971469   0.91004318  1.54118121  0.51822191
   2.21517253  2.69065952  0.8101365   1.78237581  0.97826147  1.20430255
   2.80366588  1.08236301  1.04766083  0.91001719  2.01499963  1.69347751
   1.13491619  0.60684341  2.12787127  2.19190145  1.97176385  0.91779274
   1.17178667  1.11600196  1.70135021  1.81905878  1.20552206  1.4542172
   2.1319418   1.03437483  2.51970983  1.48643744  1.25017858  1.18417704
   1.50927114  1.12755179  2.61352634  1.72295296  2.07016778  1.32206821
   3.34034681  2.43165684  3.01827049  0.99568474  2.25505662  2.69613433
   3.3621881   1.67770636  1.17947233  0.69894642  0.55411571  1.81949794
   1.52468812  3.0765028   1.55731523  1.2391969   1.62603414  0.95925069
   1.83373988  1.62940991  1.9299891   1.37805665  1.36084569  1.82503903
   3.00926065  1.02039659  1.51136518  0.90949595  1.43485975  1.31083286
   2.33486748  1.46293426  1.88691759  1.63038087  1.21613264  1.4632659
   1.94675267  2.07992005  0.42944047  1.67971623  1.76888931  0.93525708
   1.13680947  1.10567093  1.59810531  0.23673457  0.97149026  2.53431749
   2.08755064  1.69736707  1.23977506  1.42655897  1.72899806  1.67848647
   1.5510658   2.28816724  1.89716125  2.03666592  2.97799921  0.5931111
   2.41537714  2.01881671  1.7233603   1.34422326  1.14833808  1.93783808
   0.70490837  1.91625738  0.72033817  1.09718096  1.70051062  1.73788166
   1.37265337  1.54146457  2.28615904  1.70132434  1.39196455  1.71257365
   1.27206075  2.1924355   2.27307749  0.45108464  0.61212921  0.80156696
   1.4556464   1.11140931  0.78993821  0.78681344  2.06641054  0.42359731
   1.18965816  2.16764235  1.88876832  2.01280522  1.65581214  0.73744524
   1.59205317  0.88794678  1.82383299  1.99468434  2.79890251  2.19099164
   1.47144151  0.64005494  2.58799648  2.81202674  1.11739755  4.18446112
   1.24176347  1.31202018  1.25598371  0.62490427  2.01563549  0.90069437
   1.79942608  1.55823636  1.99624991  2.58546233  1.30063224  1.13409829
   2.05550528  1.54591656  0.70285767  1.71431065  1.1485517   1.4092623
   1.56073415  1.28448653  0.82847691  2.47332001  1.47679913  1.91034281
   1.92335391  2.12722421  0.87067199  1.63428152  2.50734043  3.47962213
   2.20706391  2.14750218  1.15233707  1.77326846  2.07107878  1.31879771
   1.16667449  0.85603911  2.08757973  0.68660885  1.53830504  1.78281689
   0.97551125  2.98506021  1.15871215  2.13878655  1.19965041  2.07115865
   0.94133168  0.51830691  1.02025235  1.86286402  1.99050176  1.5148536
   1.44816661  1.76224363  1.10481286  1.20631683  2.34038162  1.01521456
   2.73777604  0.91198963  2.12242937  2.49798918  2.34139085  1.09720314
   1.11070991  4.50133419  2.23334146  1.85821581  2.20210457  1.96902454
   2.38305998  1.52952075  1.37687588  0.89184123  1.8509866   1.32000434
   0.9929089   1.21614146  2.29635191  1.65886045  2.3599174   1.42065942
   0.55907905  0.9337222   1.9120667   2.17455053  1.26118541  2.1871593
   1.23505926  2.08297443  1.11840677  0.80383974  1.18213403  1.55525672
   0.7695266   1.66130984  0.19174325  0.55539715  1.65052235  1.95197189
   1.70294333  3.26603627  0.94333547  1.30505586  1.72962606  2.36335254
   1.22510123  1.52815473  1.14545536  1.30488634  1.11376941  1.98024523
   2.04386258  1.19107831  1.4278903   1.61079776  1.98616791  1.47831166
   1.52511203  1.67805254  1.20378375  1.98144603  2.88651848  1.47822714
   1.49874973  1.30812657  1.69078815  1.73820734  1.15698659  1.72273839
   2.64483118  2.55332613  1.66628647  0.47226372  1.59594429  1.02498055
   0.94021755  0.51544517  3.02887082  2.06141853  2.91559911  1.20156956
   0.5573287   1.07607317  0.58864671  2.73132014  2.02992582  2.03986955
   1.43359125  1.37838626  1.85247827  1.55563498  2.31941915  1.05417025
   2.15330195  0.81704116  1.24295914  0.73671627  2.76896119  2.227
   1.29026949  1.67013597  1.53988791  0.74238265  3.12345314  0.74988389
   0.82905859  2.42540121  1.38112724  1.82845044  2.0003078   2.24986458
   1.04236305  0.87157845  2.47750854  2.13313174  1.15505862  1.50714433
   2.14060235  1.28033996  2.72513962  1.89915323  2.4013648   1.15875912
   2.66609502  1.32092452  1.39656997  1.71197975  1.61258805  1.95676804
   2.28970122  1.37958217  2.21896696  1.7557565   1.20315456  0.45022663
   2.32997584  1.5240134   1.63949955  1.38057077  1.4012996   1.75683773
   0.80002731  1.84969425  0.9690842   2.47349811  1.80494881  2.15438437
   0.58671087  1.65159273  2.28549051  1.35066497  0.88931745  1.22937834
   2.09159398  1.42194486  1.64235628  0.77184331  1.82658875  1.36258137
   2.14488316  1.21013868  2.15584564  1.35338354  1.73297608  2.12744021
   2.37272072  0.96538413  1.95407379  1.72794545  2.36176586  0.62201637
   2.62912631  2.24268079  1.52784646  1.70476806  1.29024684  1.76262951
   1.57513142  1.72129762  2.16324282  1.96045196  0.66616333  2.17025828
   1.60304368  1.73957407  1.75342607  1.9922353   0.80715436  2.89960432
   3.61096478  1.71334398  1.77659273  2.8955977   1.36029243  1.64345908
   1.18538797  3.54395604  1.35922539  1.86255491  1.04091346  0.46782109
   1.68642843  0.60987794  1.53620696  1.78730845  1.59158242  1.61223388
   1.09733617  0.8228696   1.47659564  1.87398601  1.37872708  0.56601518
   1.34305727  0.74620122  0.60722524  1.44546616  2.33042741  0.51481664
   0.88470674  1.65276146
