 0.77931809  2.41683435  1.003842    2.467273    1.15047145  1.53815091
   0.89128888  2.27917933  1.02363026  0.69251078  1.07663739  3.09452534
   1.5764221   0.7769779   1.42862356  1.09974885  1.7345196   0.56714892
   2.16197228  0.90833598  0.87307894  0.86859095  1.19775832  3.08973074
   1.52350068  0.84868246  2.60620522  1.24846661  0.64264685  0.97767323
   2.83093905  1.97991133  1.59224033  1.0553081   1.0960182   1.67311847
   0.84594673  1.70886028  1.28257334  1.28462923  0.95414597  3.06584001
   1.36344671  0.44643652  0.39173007  1.61634433  1.83189464  0.81089842
   1.75111532  2.03812933  1.49595928  1.27813053  0.37134442  1.03861749
   0.92005926  1.09849417  0.3278245   1.61489618  2.08474851  0.71179247
   1.54561305  1.27949679  2.03408313  0.72037423  1.66679299  2.07595754
   0.85389429  0.91463685  0.90220064  1.42816746  2.08502269  3.21065927
   1.15790009  1.15748513  1.59945583  1.13438284  0.86656177  2.00816345
   1.57358491  1.73929679  1.31474149  0.67024487  1.08794999  0.78271598
   2.04388094  2.47028494  0.62607276  2.16628075  1.30884135  0.79964
   2.08405972  1.18741953  1.11984801  0.71200347  1.86240017  1.86683321
   0.69050872  0.93159544  1.65175951  1.58192277  2.20644259  1.28464365
   0.72734123  0.45071507  1.38794017  1.6307652   1.88764679  2.57278633
   0.97065932  0.9644587   2.36198092  1.15141618  2.14675498  0.69598204
   1.36650145  0.83795798  1.25307894  1.06600511  2.11398649  1.96269381
   3.04224133  1.86165881  2.17986631  0.58120084  1.98136771  3.04536986
   3.31198168  2.0358026   0.90451425  1.10242999  0.47230083  1.51788533
   0.90087056  2.53060913  1.58900642  1.40774405  2.03375745  1.55511415
   1.41681945  2.28863931  2.45480466  2.42225409  1.4580164   1.10918176
   2.60924459  1.03229845  0.91835475  0.62811589  2.50730062  1.03371644
   1.62111604  1.89582109  2.22393227  1.36482286  0.65844715  1.3276912
   2.6298666   3.19169474  0.50573057  0.58984894  1.42544162  1.17965102
   0.48219675  0.64204413  1.65178525  0.70561516  0.87751412  2.27623701
   2.3441596   1.33861053  1.40646911  1.00505197  1.74527657  1.72591078
   1.8739053   1.91452181  2.29315925  1.86556339  2.61593461  0.55345827
   1.8253634   1.39766204  1.81217933  1.48583651  1.19992042  1.74582446
   0.58239877  1.85419869  0.97628248  1.03876138  1.51072395  2.04205942
   1.01885033  0.9342941   1.92196238  1.67566323  1.2939558   2.03167224
   1.31038964  1.94823897  2.71380949  0.91227329  0.66515404  0.76395392
   1.41111434  0.77795786  0.86063772  0.88452816  2.14480424  0.61120075
   1.23837614  1.72450089  1.56741226  2.1908257   1.32563019  0.98599046
   1.53172755  0.60869783  1.30945647  1.99838138  1.97338855  1.81672895
   1.96955311  0.99405962  2.90541673  1.82796943  0.96042866  3.28450251
   1.37486422  1.11898828  1.28353703  0.72112972  1.63180208  1.30749595
   1.38706899  2.17973757  2.10674167  1.61136985  0.76332235  1.21977699
   1.63772058  1.13186765  0.9045409   1.68406439  0.81412542  1.1529454
   1.77587044  1.0801549   0.40461841  2.26598001  1.92271447  1.76619148
   1.90883827  0.94000632  0.52263832  1.37412333  2.67160225  3.08080912
   2.0138185   1.3956635   1.68828392  1.43770564  1.95786536  1.30624151
   0.8808189   0.96734136  1.50073767  0.95587254  1.29946136  2.03796768
   1.25957966  3.04033566  1.18296218  2.15141273  1.77108526  2.18197036
   1.39252806  0.74978036  0.70977896  1.679528    1.60838807  1.67897463
   2.16016436  1.54558623  1.0146873   1.41178548  2.70625091  1.0931257
   1.5146898   0.91008198  2.98065519  1.57723022  2.44783187  1.44648921
   0.85218042  4.09696722  2.12128162  1.57952189  1.33732247  1.69875324
   2.16129494  1.8405391   1.38831627  1.62326729  2.39053035  1.56626987
   0.95075101  0.88164145  2.32419753  1.33101368  2.71845841  1.04463875
   1.0273298   0.85710686  1.13497555  2.17295432  1.44254887  1.72133565
   1.00562429  1.68123865  0.71679443  0.96139699  0.83081514  1.6732161
   0.61797982  1.79188597  0.46987808  0.56873131  1.86128318  1.49394381
   1.38255394  3.38210845  1.01703668  0.99824345  2.13216782  1.51733172
   0.45459068  1.09302962  0.88005996  1.27313507  1.08280456  1.92013526
   1.4340179   1.52591956  1.58691514  2.01506042  1.41973698  1.76036429
   1.15461314  2.26848912  1.39708221  3.012748    1.99055755  1.2393949
   1.76357615  1.40266919  1.2425766   1.50398934  1.91373956  1.78136814
   2.18234777  2.26318407  1.49882448  0.8468594   1.37943792  0.7093665
   1.74426615  1.46558309  2.70346475  1.71723425  2.94365597  1.62395144
   0.88345873  1.22688413  0.6417076   2.42504573  3.01353168  2.03972268
   1.78612173  1.69861186  1.52686644  1.34608269  2.348454    2.36614466
   0.90531456  0.95667702  1.8368957   0.5903374   2.3012681   1.25711608
   1.09865057  1.76045406  1.97126818  0.91427904  2.69299722  2.24229503
   0.65437043  1.63873267  1.12120664  2.05374193  2.258219    2.60565162
   1.01511192  1.14908445  2.51500869  2.77551341  1.77891457  1.53901064
   1.85332453  1.36401796  2.00656819  3.13587427  2.23449302  1.22631097
   2.22641659  1.53989947  1.61812353  1.56311774  1.63376546  1.94983971
   1.93304777  2.08458066  2.61216521  1.28170002  1.26511431  0.77839494
   3.08287954  1.68457699  1.7568388   1.18148983  1.93824565  2.21481991
   0.93318141  2.00738144  0.64911771  1.8394562   1.11340129  3.4155612
   1.14425766  1.62968218  1.50679553  2.02205443  1.04271364  2.07297969
   1.24684489  1.29410458  2.75625038  0.83450788  1.26542425  1.25036144
   1.8595413   1.88872778  2.11219716  1.69911957  1.89128447  2.19513941
   1.95805991  0.8936246   2.87761307  1.82281435  2.07272363  0.39427626
   2.05378604  1.93454468  0.98805165  1.81770563  1.50947785  1.47645557
   1.0910753   2.35276723  1.58702207  1.4949851   0.78643656  1.48863268
   1.36673963  1.4921931   1.29306614  1.67575288  1.15791583  3.53545547
   2.63623738  1.62613714  2.13969064  2.81687975  1.42799318  1.30604327
   1.763466    2.65605259  1.62389159  1.39321673  1.39157796  0.96124256
   1.8091315   1.12995744  1.25601912  1.48946023  2.28353572  1.79399288
   0.94022548  1.38710916  0.99990362  1.30633581  1.08933604  1.11238039
   1.40845466  1.38859081  1.38914669  0.78505766  2.16138196  1.79853725
   0.45748082  1.23721862
