 0.61548465  1.91283703  1.4992075   2.02584672  0.7862727   0.96587616
   1.04617894  2.31402183  0.9204551   1.18308532  1.33201623  1.8725903
   1.60827947  1.88079906  1.01444423  0.88672251  2.07222629  0.19943485
   1.40151727  0.695741    0.29006925  0.58715039  2.2401073   3.20775485
   1.16816914  0.97613037  1.15769851  1.39542544  1.75553346  1.21904862
   3.1383512   2.24381089  1.67778862  1.06679785  1.26582837  2.13228655
   1.33453476  2.38345885  0.83435708  0.84289122  1.09483016  3.41032195
   1.46021712  0.34967682  0.39324772  1.01066649  0.44679016  0.27697307
   2.16916704  2.11111093  1.23104179  1.62254465  1.31210577  1.51878512
   0.72626972  2.06225228  0.19154234  2.47406793  1.777475    0.71111304
   1.7355684   0.98223042  1.83978844  0.6926713   1.87345529  1.5072453
   0.64154005  0.70137465  0.96486521  1.83249724  1.92916059  2.01091838
   1.09829009  0.87670702  1.56701446  1.51115477  2.14352012  2.01357174
   1.19723213  1.53399801  1.75567746  0.62830281  1.20459628  0.83364141
   2.10859036  2.62297773  0.42748713  1.62186086  1.19272363  1.72608697
   2.50198483  1.39689839  0.6792295   0.44109479  1.57352614  1.95898879
   1.32853377  0.7326538   2.3827424   1.50636995  2.33374882  1.19269681
   1.22328889  1.16485298  1.70063424  1.41608751  1.36275768  1.70154905
   0.78517312  1.19070256  2.02187181  1.92818487  1.92576587  0.99385178
   1.63166273  1.31201017  2.00119424  0.8010388   1.36117089  1.62142694
   3.21723413  2.25878215  2.39853668  1.20689678  2.69839239  2.88881612
   3.48005056  1.54360569  2.01413369  0.82015878  0.42333937  1.62764299
   0.98729908  3.04776692  1.74257982  0.28798062  1.02645576  1.03757572
   1.39734852  2.31706691  2.55937099  1.31754756  1.28724313  1.0896889
   2.14481854  1.41807604  0.86555731  0.92279989  1.79839742  0.89742553
   1.75829113  1.66534555  1.34388316  1.96604061  0.17930417  1.05786002
   2.67834306  3.71770287  0.49044961  1.38784897  1.31021297  1.07729745
   0.18385966  1.34442174  2.31889701  0.15576226  0.83410585  1.77226806
   1.69779944  1.63950002  1.04592311  0.62609839  1.83638     1.18733716
   1.7823559   1.72131443  1.78352129  1.53577793  1.97022223  0.71985626
   1.44906902  1.84989786  1.47889757  1.57428682  1.06691957  1.92687666
   0.62202835  1.74879479  0.88819307  0.75927794  1.14391184  1.39422274
   0.5463897   0.81324923  1.71501112  1.20277417  0.82246423  2.40577555
   0.74301964  2.27165961  2.72905827  1.24196637  0.52335644  0.99172634
   1.70754027  1.1807065   0.96550477  0.4029884   2.11634254  0.10811741
   1.12811673  1.79658365  1.61314058  2.15791845  1.33449972  1.16625547
   1.36688411  0.62764245  1.27775168  2.24737549  2.77591324  1.55726421
   2.83583999  1.31515741  3.87514448  2.09225655  1.14820468  3.0907588
   1.74217319  1.63053262  1.22106266  0.97952962  1.14425015  1.99699152
   1.3833009   2.23418212  2.0065465   1.29728734  0.4314293   1.00601006
   1.44244564  0.91549867  0.50509638  2.38969374  1.45102751  1.03850114
   2.56520367  0.59439343  0.6075604   2.82696271  1.77812874  1.99536753
   2.01778555  2.55914831  0.50502378  0.67867494  2.0674684   3.48622203
   1.85766184  1.7086674   2.22509742  1.47202635  1.43841076  1.38520801
   0.56381059  0.8728224   1.70276701  1.02675891  1.84488702  1.67074788
   1.50486124  1.91356182  1.43937516  1.10241795  1.55787003  2.01009488
   0.72451651  1.41557455  0.8541854   2.08889246  1.45876062  2.21683836
   1.5068413   1.23225009  1.76264775  1.57420874  2.34362626  1.01450503
   1.87815511  1.73617435  2.95486426  1.51577568  2.17963099  1.14720058
   0.88816541  2.80536437  1.66352761  1.77564716  1.18794     1.70779908
   2.56845045  1.60067236  1.65509641  1.17098272  1.50071907  0.97521228
   0.15178145  0.62815946  2.09440303  1.69034636  2.5801928   0.83160704
   1.01869333  0.90958953  0.76059151  1.71508682  1.26137483  1.75682557
   1.03035629  1.24827194  0.45736381  0.58922225  1.06431711  1.31156421
   0.58940727  1.24971008  0.14531808  0.7387839   2.29279351  1.17728412
   1.82654977  3.15760517  0.91849399  1.43391979  1.50934231  1.60487056
   0.4505575   1.12835109  0.9140923   1.15727079  1.13672996  1.33261168
   2.27076197  1.5676266   0.87870407  1.01422441  1.41791761  1.7762897
   1.31998193  1.80220723  2.2765286   3.31082988  2.61724114  1.70720005
   2.08855915  1.52310693  1.45548975  1.40537441  1.20142031  2.03964162
   2.30042982  2.16222119  1.01625669  0.44435853  1.65597785  0.98696053
   1.85089576  1.67768872  2.00277829  1.62712336  2.67734003  2.03996301
   0.33555821  1.43098962  0.67554176  2.34497786  2.96669507  2.00398922
   2.04784489  1.70314682  1.59662175  1.72677231  1.85685492  2.28662658
   0.7113089   0.666731    1.12015092  0.47815812  1.62581778  0.79252052
   0.78633964  1.90467072  1.59008026  0.85477322  2.18348026  2.04385185
   0.84248114  1.75413668  0.77735168  1.91588736  1.62214732  2.58578038
   1.19540656  1.13504362  2.58100486  2.87877727  2.02684402  1.74433208
   2.13360071  1.363307    2.69691062  3.32641053  1.73004997  1.28080153
   1.97145808  1.88198936  1.58142769  2.00603628  1.51949108  2.21840334
   1.57775545  1.65069008  2.30153799  1.78641522  0.98285365  0.25097385
   1.74015999  1.12690294  1.90190279  1.22814357  1.71969366  1.67098522
   1.02576447  2.34436393  1.12616694  2.06293988  1.95284605  2.75999236
   1.53967631  1.40292466  2.58821607  1.61214817  0.56909102  2.3477428
   1.4208287   1.37204027  2.36855507  1.0134753   1.34301484  1.0743314
   2.42659116  0.89009053  2.69826365  1.54908943  1.65033281  2.5347898
   2.53907418  0.78447336  2.92112184  1.3428663   2.08889294  1.12574923
   2.21400166  2.29870605  0.43408072  1.91798031  0.91313553  2.0596137
   1.37436068  1.77197564  0.3208856   1.67631447  0.43090948  1.60180259
   0.92739004  1.45667279  1.10338032  1.72994268  0.40115362  3.58099508
   1.59985232  2.10902739  2.20364189  2.32837439  1.98511398  1.81250608
   1.27033126  1.87823546  0.83793139  1.29260802  2.0511446   1.14357209
   1.62094963  0.14685427  1.18093276  2.45415735  1.85162246  1.1742872
   1.37130368  1.2146138   0.66305506  1.86668384  1.32560825  1.66530037
   1.12803221  1.23004401  1.48703301  1.08947194  2.55557728  0.57713407
   0.7348727   0.97832084
