  1.01202512e+00   2.61446142e+00   1.85799408e+00   2.82415271e+00
    1.32729053e+00   1.85779047e+00   2.34710649e-01   1.68255687e+00
    5.40285051e-01   2.12292767e+00   9.63897943e-01   2.36056495e+00
    2.62491250e+00   1.99911392e+00   1.48919320e+00   1.77719212e+00
    2.39792347e+00   2.93469280e-01   6.16791010e-01   8.78704965e-01
    3.86092544e-01   3.87357533e-01   2.31203771e+00   3.19956660e+00
    1.53554273e+00   1.16983211e+00   6.46118939e-01   2.10990882e+00
    1.82836580e+00   2.27914619e+00   2.90837431e+00   3.22232699e+00
    2.28916717e+00   2.19446564e+00   1.95429814e+00   1.63173544e+00
    3.11775708e+00   1.81086445e+00   5.48350573e-01   1.36720252e+00
    1.43977964e+00   3.52340364e+00   1.37557900e+00   5.04363120e-01
    3.93362701e-01   1.87591481e+00   9.92635369e-01   7.91845739e-01
    1.61477017e+00   2.10115480e+00   8.25830400e-01   2.15564752e+00
    1.75012422e+00   1.51677990e+00   9.79072630e-01   2.18963122e+00
    4.12303507e-01   2.43886566e+00   1.91574466e+00   1.52644551e+00
    1.19759834e+00   1.63126481e+00   1.74225712e+00   7.69387782e-01
    1.60915864e+00   2.57993650e+00   7.12438226e-01   4.08725262e-01
    1.13612914e+00   1.46552813e+00   2.60125399e+00   1.49881911e+00
    1.27070975e+00   9.91096735e-01   2.65130591e+00   5.62486768e-01
    1.36421895e+00   2.11758876e+00   1.90449369e+00   1.59115422e+00
    1.15393078e+00   6.87357545e-01   1.22800207e+00   1.44369745e+00
    2.27949429e+00   1.86473620e+00   1.26204621e-02   1.84780252e+00
    9.51606572e-01   2.19304180e+00   2.84666133e+00   2.30983996e+00
    9.21890020e-01   5.49814939e-01   2.19256949e+00   1.41475117e+00
    1.35933530e+00   6.92781150e-01   2.84014869e+00   1.25113881e+00
    2.66143608e+00   1.56930029e+00   1.42045546e+00   1.36173379e+00
    1.50999343e+00   2.23780608e+00   1.81529808e+00   1.82822645e+00
    1.57229793e+00   2.03092718e+00   1.91104698e+00   1.95226252e+00
    2.61064219e+00   8.61975074e-01   1.93702817e+00   7.79189169e-01
    1.58413947e+00   9.76219714e-01   1.77063322e+00   1.79379654e+00
    3.18754601e+00   1.67457473e+00   2.86940598e+00   3.23101282e-01
    1.72410476e+00   1.76544487e+00   2.82324100e+00   1.41804385e+00
    2.97442508e+00   8.23261857e-01   5.28039694e-01   9.91555274e-01
    1.61160243e+00   2.09494638e+00   1.66111338e+00   2.71773666e-01
    8.15684378e-01   1.14065170e+00   1.50267124e+00   1.21665704e+00
    1.84939706e+00   1.83963251e+00   1.32040966e+00   1.28724122e+00
    1.99755394e+00   1.02621233e+00   1.50655401e+00   2.37534076e-01
    2.08377934e+00   1.50849795e+00   1.29510570e+00   1.06840765e+00
    1.05804205e+00   2.20226836e+00   2.03086710e+00   1.44855416e+00
    2.99279213e+00   3.61347246e+00   6.34723246e-01   1.76400805e+00
    1.07167244e+00   1.14315462e+00   1.19891874e-01   5.07708848e-01
    2.72167110e+00  -5.63659146e-03   7.14171290e-01   2.87918162e+00
    1.21655905e+00   1.65658426e+00   1.76799333e+00   5.89328229e-01
    2.24853706e+00   1.17637432e+00   1.20413113e+00   7.99015522e-01
    1.30351198e+00   1.48971939e+00   1.68630278e+00   8.22816908e-01
    1.39932752e+00   1.80491292e+00   1.46733034e+00   1.23184741e+00
    1.35285139e+00   1.55244672e+00   1.26774502e+00   1.52000785e+00
    8.93885612e-01   8.59568238e-01   1.57113528e+00   1.88374233e+00
    7.64154255e-01   8.97123873e-01   1.06973922e+00   1.15258634e+00
    6.58005655e-01   3.17773032e+00   7.76377261e-01   3.05741405e+00
    2.83397317e+00   1.88979316e+00   8.41831803e-01   9.24626231e-01
    1.12939036e+00   2.08914280e+00   1.03032088e+00   6.55208528e-01
    2.37420607e+00   7.12066650e-01   1.15096152e+00   2.43955207e+00
    2.02828979e+00   1.94204867e+00   1.35252035e+00   1.56040132e+00
    1.34921658e+00   7.22659647e-01   2.40804577e+00   1.69004035e+00
    2.23503542e+00   1.68223739e+00   2.44487286e+00   8.84736001e-01
    2.86173558e+00   1.91292799e+00   1.08605123e+00   4.45294285e+00
    2.26915026e+00   1.82535028e+00   9.86672759e-01   1.34236908e+00
    3.06274796e+00   2.01671934e+00   1.54023206e+00   1.72323954e+00
    1.74548495e+00   1.41075385e+00   2.97881216e-01   1.12811828e+00
    1.48439062e+00   1.14812374e+00   7.46842504e-01   2.30951333e+00
    3.41693640e+00   1.09389234e+00   2.22495508e+00   4.87582296e-01
    1.74037635e+00   3.71787357e+00   1.95154643e+00   1.48679221e+00
    1.86041653e+00   2.31596851e+00   8.30121636e-01   1.11244333e+00
    2.19139838e+00   2.84216332e+00   2.15171623e+00   2.91303086e+00
    2.08346295e+00   1.47322440e+00   2.12851310e+00   6.61531866e-01
    2.24274540e+00   8.97837460e-01   2.00994396e+00   8.75255406e-01
    1.20445633e+00   1.77117193e+00   1.11329114e+00   2.54159236e+00
    1.06824815e+00   8.57235968e-01   1.43609798e+00   2.00999880e+00
    9.89274859e-01   2.48330355e+00   4.63049710e-01   1.98721790e+00
    1.70776534e+00   1.48295271e+00   2.33509135e+00   1.13963127e+00
    3.29719949e+00   1.47781754e+00   2.18846798e+00   9.49592888e-01
    2.35747361e+00   1.74079180e+00   2.50273490e+00   1.48253417e+00
    1.76116049e+00   1.57105243e+00   8.83149445e-01   3.33612609e+00
    1.26113141e+00   1.71416616e+00   3.67089033e+00   1.96692586e+00
    3.56315327e+00   1.56744266e+00   1.69079828e+00   9.39545393e-01
    9.15770233e-01   1.50760627e+00   5.25608003e-01   4.77176487e-01
    2.12984490e+00   3.69682622e+00   2.40018344e+00   1.41663182e+00
    1.71593380e+00   1.02667713e+00   1.81145370e+00   2.03044462e+00
    1.44824278e+00   2.67272210e+00   1.02632439e+00   1.96281993e+00
    2.37771797e+00   9.65886414e-01   6.35257661e-01   1.23921943e+00
    4.40759838e-01   2.36160755e+00   5.64552009e-01   5.86695790e-01
    1.71654856e+00   1.14213979e+00   2.62066960e+00   3.08177567e+00
    1.41192710e+00   2.84882808e+00   1.68985641e+00   1.72607875e+00
    2.02130151e+00   2.10676885e+00   7.26933777e-01   2.05790710e+00
    6.66436493e-01   8.57272506e-01   2.10412836e+00   1.28273809e+00
    5.71897447e-01   8.79896939e-01   1.23393643e+00   1.36931121e+00
    1.23612261e+00   1.55370188e+00   2.43378139e+00   1.72799635e+00
    1.69232070e+00   1.56668890e+00   1.85818636e+00   2.91536808e+00
    9.38961923e-01   1.24555027e+00   1.47178698e+00   2.29270697e+00
    2.59568954e+00   2.08261108e+00   1.69240475e+00   1.13383138e+00
    1.78699648e+00   1.03765059e+00   2.11735463e+00   1.29914749e+00
    7.65639961e-01   1.68713558e+00   2.88828802e+00   2.15115952e+00
    5.73448837e-01   7.55894661e-01   7.33855069e-01   2.78299427e+00
    3.03610969e+00   1.87819386e+00   1.27829754e+00   1.84307218e+00
    1.69840550e+00   1.00426841e+00   2.93864393e+00   1.75029349e+00
    1.14530444e+00   5.41029692e-01   1.32035005e+00   7.73272336e-01
    2.09460640e+00   1.85868585e+00   1.69841146e+00   1.96954572e+00
    2.55853891e+00   5.72967052e-01   1.74388385e+00   2.37402105e+00
    2.60494137e+00   1.93295693e+00   4.99411762e-01   1.57282615e+00
    1.11291087e+00   2.11904216e+00   1.05562639e+00   1.27014744e+00
    2.28011656e+00   1.77922451e+00   1.96658957e+00   1.79652798e+00
    1.59208870e+00   1.29730570e+00   2.44232941e+00   2.74035382e+00
    2.18354416e+00   1.36214566e+00   1.95831776e+00   1.87076581e+00
    1.71706855e+00   2.31356144e+00   1.38002419e+00   3.07057643e+00
    2.07058501e+00   2.47913480e+00   2.17782664e+00   1.74095595e+00
    6.24058187e-01   6.09055996e-01   1.37040365e+00   2.33529282e+00
    1.42331243e+00   2.15101171e+00   2.19457006e+00   2.34244561e+00
    2.07632923e+00   2.35061908e+00   1.81052744e+00   2.02946377e+00
    1.45034313e+00   1.87746394e+00   1.42566431e+00   2.09862375e+00
    1.94265473e+00   2.56626344e+00   4.41268921e-01   2.02316213e+00
    1.26170576e+00   1.16358936e+00   9.45993900e-01   8.11996698e-01
    9.21303928e-01   9.33667958e-01   2.29844189e+00   8.84884655e-01
    2.40362453e+00   1.77119541e+00   1.97834563e+00   2.70237470e+00
    3.27642393e+00   9.49761629e-01   2.54073238e+00   1.68251121e+00
    1.45708907e+00   6.57093346e-01   1.74551666e+00   2.11257386e+00
    9.04774725e-01   1.59945071e+00   1.58490634e+00   2.20302153e+00
    9.18515742e-01   1.83665502e+00   1.34716690e+00   1.97611928e+00
    1.90011382e-01   2.10591435e+00   4.63762194e-01   1.67246246e+00
    2.58080554e+00   1.74520969e+00   5.15009701e-01   4.11690044e+00
    1.60726321e+00   2.29582810e+00   2.16903472e+00   2.28024125e+00
    1.67837799e+00   2.32870078e+00   1.56013513e+00   8.97811353e-01
    9.91794527e-01   1.09192657e+00   1.15910053e+00   1.38025296e+00
    1.75178981e+00  -1.63678848e-03   1.03713846e+00   2.01101875e+00
    1.65477180e+00   1.45584846e+00   1.71741736e+00   1.23043561e+00
    1.11379039e+00   2.16795492e+00   2.76098990e+00   1.68307507e+00
    1.11499202e+00   1.71538687e+00   1.42914987e+00   1.64933240e+00
    2.59844184e+00   5.04170060e-01   7.35180259e-01   1.65843475e+00
