 1.18218946  2.55436301  0.91849184  2.54500031  1.68025291  0.8032456
   0.56440657  1.93031478  0.79174894  0.657776    1.62195528  1.77300477
   1.41647577  1.28811407  1.11533368  0.83286023  2.00969267  0.17061068
   0.52271068  0.80144048  0.74732727  0.56171727  2.01150584  3.20150423
   1.10072255  0.79355848  1.16493738  2.4643147   0.80212766  1.01726091
   2.66571641  3.45937586  1.22237217  0.07308693  1.47193718  1.53374183
   1.61815226  1.76340818  0.5994429   0.07764268  1.41008127  2.91299415
   0.96555972  0.23447579  0.29698327  0.92708278  1.32013583  0.40496057
   1.0007261   1.34649873  1.43103468  2.51552725  1.79414332  1.41129565
   1.22708011  1.36006176  0.4572874   2.12313747  1.83825743  1.17367136
   0.81411594  1.26207447  1.28038943  0.732252    1.92166364  1.57515383
   0.41209486  0.87958229  0.96286833  1.51725948  1.97914886  1.38497603
   2.32678843  0.68515575  1.52757657  0.98933512  1.52504992  1.6653012
   1.90792203  1.97486985  1.44407403  0.60559696  1.51773155  0.94474936
   2.08030915  1.78053784  0.04521032  2.61600494  1.38339543  1.85281551
   2.56841421  1.62383533  1.36786294  0.42583701  1.44832826  0.87038654
   0.70579702  0.52331549  1.57307136  2.13697243  1.86496353  1.33684683
   1.24510312  1.73045409  1.58278084  2.46142626  1.26158261  3.02641416
   1.50836444  0.95298427  2.09289241  1.87512171  1.60278451  1.03347242
   1.78871596  0.88893884  0.96924496  1.75822437  1.61554909  2.02215099
   2.04788256  1.62767208  2.2758069   1.34605372  1.28184831  1.17701244
   2.22651696  0.8872751   0.99999201  0.55615598  0.40355885  1.06791961
   1.01366591  2.04793477  1.90497279  1.61239541  0.99757385  0.9641673
   1.20078874  1.29702473  1.83678603  1.40418732  1.32168221  1.14828026
   1.94701838  0.80362278  0.270147    0.80680722  2.3845818   0.65324908
   0.96577138  1.69693792  1.05381155  2.88183141  0.75746149  0.71677321
   2.63458586  3.26361728  0.69628769  2.38088799  1.15443504  0.88677108
   0.32553411  1.00632489  2.36904669  0.25948232  0.24129845  2.94298291
   1.45172775  1.17529857  1.23788536  0.84171206  1.87036514  1.96113229
   1.88986087  1.77268231  2.27741694  1.38189471  1.77054667  0.99853444
   1.3399514   2.41852903  1.17034209  1.41498399  1.00679922  1.74487519
   0.87283999  1.53814185  0.86212945  1.25191653  1.48874903  1.65993321
   0.62104267  0.9380849   1.48189151  0.10922939  0.67262137  3.33288884
   0.86061662  2.04323196  2.39471674  1.03511047  0.61334491  1.01369309
   2.63372755  1.35332191  1.1221596   0.60909146  1.47739518  0.60237879
   1.35896254  1.67442989  1.8536495   1.48767531  1.34235048  1.37511146
   1.67201889  0.5415498   1.58888507  2.1560874   2.38304329  1.05414605
   2.41960883  1.47539866  2.6182909   1.5235188   1.06023276  2.87872624
   2.04959226  1.79764903  1.46280491  2.00783706  1.41334963  1.93223739
   0.98115104  1.53314805  1.6798557   1.14348519  0.36628136  1.0901922
   2.0843451   1.24735343  1.05471671  1.52498662  1.19412816  1.05337703
   2.48453593  0.84270006  0.65562332  1.82746565  1.34700358  1.89683509
   2.07372952  1.31895101  0.61821604  1.67605925  2.07607675  1.61268377
   2.99646044  0.99947941  1.95516801  1.56934595  1.86454463  1.17703843
   2.35893583  0.92652243  0.99693692  2.32085133  1.49410677  1.65043223
   1.16812074  1.96457922  1.08823693  1.02345455  1.0853548   1.73513913
   1.8686471   2.35539269  0.45527112  1.51447558  2.02909589  1.67576563
   1.73798168  1.06635821  1.19469213  1.50767493  2.96155214  1.70612633
   1.54703534  0.80340183  2.14902163  0.88850987  2.18568754  1.37498307
   0.87644941  2.33148146  1.55435526  0.96089756  1.25156581  1.70508671
   2.1710279   1.43719852  1.61283135  1.36285782  0.91280764  1.23124397
   0.65111953  0.61741608  1.82083166  0.88328058  1.99968827  1.14042079
   1.02445495  1.07983088  1.45473576  2.41816688  2.29395533  1.56783783
   0.80920106  2.15620995  0.11053     0.60112941  0.59502381  1.54532444
   1.10235476  1.8816365   0.58234906  0.6976555   2.38615537  1.39811623
   2.18315482  3.6948545   0.47029266  2.36701345  1.66533053  1.14035618
   1.28377092  0.73487514  1.63883567  1.98329163  1.12720644  0.79397446
   1.8315624   1.23461485  0.67396259  1.35717833  1.26544499  1.22505343
   1.00873744  1.5045464   1.57344985  1.8768667   2.12802672  1.49158347
   2.49320841  1.37928617  2.15792537  1.46264005  1.28682423  2.06353951
   2.0953126   1.79446256  1.61924994  0.94135922  1.30722046  1.4551717
   2.46995068  1.43863237  1.49186862  0.64882153  2.59886336  1.40681827
   0.25552768  0.95052636  0.91769594  2.68996406  1.80034459  1.80503631
   2.00719094  1.37452948  1.42535877  1.1509707   1.73484886  1.9857589
   1.6540463   0.8345114   1.29752135  0.78377998  2.40886378  0.83001947
   1.30280483  1.57555628  1.38963675  1.1930629   1.74673605  2.67241311
   0.52677339  1.01520681  0.76301795  1.70831776  1.31506515  1.06567669
   1.10996056  1.14615405  1.86951602  1.80398369  1.41751623  2.16725087
   2.00848246  1.42403555  1.74502718  3.91722393  1.91879928  1.33003068
   2.30192041  2.13197279  1.48572028  2.36340356  1.41172051  1.94778311
   2.04104781  1.5379622   1.82145238  1.89794111  0.96335059  0.45326439
   2.00577307  1.50542045  1.91584563  0.43005824  2.24559045  1.63516629
   1.31328142  1.66469908  1.53214729  2.03712535  1.85988379  1.74356544
   1.38261247  2.62375069  2.40459037  1.76986802  1.34216928  1.49688733
   1.24894536  2.22046065  1.04065096  1.83132541  0.95669848  1.05857074
   2.63407016  0.56362158  2.37772465  1.76647341  1.42289317  2.03731036
   2.13513446  0.36022615  2.44687819  1.77838492  2.47597241  0.49612117
   2.23938084  1.6285181   1.41694558  1.49999893  2.42554879  2.08565164
   0.57768005  2.39041066  0.89835811  1.90317369  0.35867891  1.69055569
   0.8971718   1.43190408  1.45018184  1.74157035  0.61490566  3.34297514
   1.25942898  2.85522461  1.82169819  2.08121181  2.48044848  1.18659675
   1.22014999  2.3466506   2.37364388  1.50529802  1.63688767  1.21042287
   0.99347937 -0.04355926  1.34981847  2.00404477  1.59793019  1.65529013
   1.32154119  1.14856207  1.69696891  1.21541858  0.76803708  1.71612358
   1.49467337  1.40303791  1.54778647  0.69004661  1.84991801 -0.01542415
   0.82462865  1.54863644
