 1.31642044  2.22619867  1.54977942  2.76541543  0.88292354  1.39577079
   0.976013    2.64860392  1.09487045  0.96415895  1.17487311  1.89232194
   1.55049086  0.99305952  1.89024079  0.87778127  1.59299326  0.07769988
   1.05731142  0.8113429   0.67901337  0.54040605  1.58493233  3.25944996
   1.38990927  1.06347549  0.71272051  1.21800184  1.2033515   1.70439029
   2.85519075  2.2636025   2.55696607  1.16528988  1.12096763  1.43863583
   0.8751114   1.36478221  0.36652845  0.64370888  1.47701705  3.06241798
   1.05361402  0.65792507  0.50563967  1.22535217  1.32164812  0.42586651
   0.8308531   1.94286025  0.73376417  2.81753445  2.05878615  1.73210502
   0.88480055  1.99333668  0.60482192  1.62191641  2.26487207  1.09958315
   0.81862777  1.24193418  1.41417003  0.62000567  1.85231459  1.41456115
   0.39220083  0.95440555  1.37249446  1.94118547  1.98388779  0.13956979
   2.50154352  1.09736013  1.91021943  1.89699066  1.61034429  1.86384249
   2.28909135  1.56194556  1.47496152  0.53698587  1.23208344  1.97048867
   1.98824978  1.25022209 -0.04626787  2.04607701  0.71095717  2.02392387
   2.52375913  2.5006206   0.93622416  0.29643872  1.59478378  0.92608953
   0.9721095   0.71681219  2.40636969  1.75010371  1.93303776  1.18171418
   1.69663942  1.10080409  1.3647455   1.51869035  1.33613133  2.68044186
   0.9250108   1.12590313  1.9916414   1.23866773  2.013901    1.06945598
   1.93158579  1.23094976  1.32323658  1.76837361  1.75499165  1.58326256
   2.61927223  2.44329572  2.61332083  2.0038805   1.33309245  1.16701889
   2.78725028  1.00084412  1.2295996   0.86246288  0.30170584  0.95430118
   1.29030001  2.09171224  1.96765244  0.91282302  1.21729159  0.67581654
   1.47103739  1.52299893  2.29640627  1.03171766  1.07691956  1.30779326
   2.84160137  1.05390179  1.10301852  0.45263717  1.80540574  0.58852285
   1.28444147  2.20811057  1.73699856  2.33573198  0.73161608  0.88521826
   3.64094567  2.9060688   0.69632328  2.10522914  1.37726474  0.81126213
   0.33125731  1.01447105  2.45570707  0.86845839  0.58148319  2.35645866
   1.3873409   1.14350581  1.26460421  1.08459699  2.39288783  1.94714189
   0.91675121  1.22814357  2.03917193  2.27078485  2.30038786  1.1779089
   2.53828692  1.24939585  1.70276892  1.6515218   1.32392371  1.44324291
   1.41077113  1.11894786  0.76303214  1.03638613  2.07607198  1.42598772
   1.84183109  0.6142785   1.91018534  0.59592551  1.14961362  3.29532003
   1.1022706   2.4061985   2.2288909   1.41203666  0.79592371  1.58481157
   1.77728724  2.20564389  0.8942045   0.28632328  2.05979085  0.72316289
   1.5965662   1.99539471  1.77371824  1.77106988  0.89374989  1.47141576
   2.21205974  0.45268953  1.98243284  2.48045325  2.04216003  1.46453309
   1.51660037  0.96236265  1.9799912   1.3971616   0.73760206  3.75651503
   1.8342526   1.76390886  1.71799076  2.42139721  2.25773263  1.24151623
   1.18197691  2.07114768  1.56106591  1.14347208  1.18991792  1.67432058
   2.66074252  1.38313484  0.39981326  2.06541061  1.56594074  1.47995198
   1.89895928  1.23262739  1.18213141  1.76635242  0.92580354  1.85931242
   2.08699942  1.2719866   0.61255735  2.09358644  2.19541574  2.4910183
   2.66793489  1.37100935  1.49336946  1.73687804  1.77634215  1.13633192
   1.36623037  1.82540905  1.49960864  1.82683194  1.62930989  2.04374361
   1.31052828  2.02490401  1.48401272  1.08956897  0.80360061  2.29180217
   2.07626009  2.45733571  0.78895217  1.7914362   1.13581419  1.34760749
   1.72266364  1.54095793  1.59927273  1.76184487  2.66095901  2.09095955
   1.36305881  1.77592432  2.33522606  1.31694949  1.78724265  1.61899412
   0.90052521  1.49589515  1.94798863  1.70521474  2.25148749  1.75017822
   2.74659324  1.46761501  1.83237624  2.10550833  1.11064386  1.38911724
   0.70378923  0.72883445  2.21294308  2.28164458  2.42958498  1.34801781
   0.64353347  0.85541546  1.81122684  1.74910557  2.05716181  1.42476904
   0.92825139  2.34401965  0.79730177  0.2813575   0.60154706  2.11810517
   0.79266131  2.05815864  0.23808186  0.67849451  1.6189847   1.49088919
   2.37901735  2.78525686  0.57505155  2.2762394   2.02467346  0.70369112
   1.67953217  1.29633498  0.49078164  1.89801061  1.06173348  1.22283018
   2.14007449  1.57514739  0.83114463  1.55182993  1.11926806  1.16479361
   1.47016835  1.77626836  1.23081577  1.63975024  1.77129173  1.33772576
   1.19708622  1.854038    1.39488804  1.51838541  1.28775871  2.671314
   2.3969841   2.3209765   1.53413773  0.98980671  1.9085114   1.21643531
   2.2049973   2.25946307  1.44220293  2.22244096  2.67960429  1.30951917
   0.19514978  0.99795341  1.38136005  2.08674264  1.87843192  2.07278848
   1.26321697  1.01521111  1.63640356  0.9896419   1.60219347  2.20911932
   2.13712335  0.83311939  1.42584908  0.76138651  2.23878789  1.61464214
   1.42756665  1.35539103  2.50969148  1.14594781  2.3895793   1.52786195
   0.99820644  1.62905538  1.25307751  1.46459568  0.72315806  1.16684806
   1.55959094  1.4935689   1.76355827  1.63656855  1.09192443  2.83031416
   2.02880216  1.41314828  2.07232285  2.71563959  2.42429399  1.40318072
   2.15469456  1.58422732  1.49395454  1.72090065  1.50792551  1.5851481
   1.45229208  1.48645747  0.88199836  1.71220183  1.0160023   0.32827482
   1.64036489  1.70555806  1.39149678  1.48386145  2.57066536  1.20139396
   1.48290145  2.38652277  0.93492204  1.30656815  1.39407289  1.4136678
   1.49142873  1.96920633  2.07961631  1.93508363  1.24942935  1.68179452
   1.03039932  1.7603488   0.78892332  1.05043614  0.95669049  0.82912463
   2.69582415  1.42044866  1.26666629  2.61915827  1.65608978  2.2334857
   2.29823637  0.34672642  3.34887433  1.99434698  2.27393055  0.7494117
   1.91024649  1.96539962  1.2516551   1.44866395  1.17526007  2.10759544
   0.80915618  1.92144167  1.28889143  1.74680877  0.48361781  2.09657621
   0.58429468  1.64889336  1.28730524  1.67057312  0.51064193  2.54345179
   0.99953914  2.16778994  2.07133317  2.21127653  2.11752677  1.6985687
   0.68470836  1.98382747  1.5273006   1.17627418  1.31757617  1.08154726
   1.25477552  0.7468468   1.44884121  2.63136196  1.69906712  2.19365668
   1.83526409  0.96994668  1.89719534  1.44157004  1.38180816  0.71624845
   1.27105403  1.39386618  1.65815747  1.2604239   1.95437872  0.25220534
   0.89720464  1.90371907
