 1.50227523  2.46506453  1.92459643  2.19538808  0.6543206   1.69236696
   0.9265154   2.60593343  0.81594002  1.16524088  1.53549016  2.29489851
   1.46285069  0.89165759  2.2167182   1.18602967  1.61644721  0.20691803
   1.6539315   0.84446412  1.16554189  0.70929033  1.0475688   2.66657066
   1.72407556  0.81279951  2.05189776  1.24792147  1.33750391  1.33672607
   2.75175333  1.40426826  2.38320374  0.02665407  1.43027127  1.29245591
   2.41223931  2.97195196  0.35193735  1.45333719  1.5099498   2.5512352
   0.68433434  0.74056154  0.41428614  1.77881753  0.7124874   0.78144836
   2.4550283   1.59470212  1.34810829  4.09469891  1.42204118  1.26193047
   1.06696308  1.73218346  0.69316036  1.29362893  2.03327847  0.75836688
   0.53830618  1.90412843  1.15337527  0.89593607  2.09118795  1.34335279
   0.45090461  0.88027209  1.30348945  1.16845441  2.09303498  0.37274274
   2.7393055   1.26020932  1.75517535  1.84860253  1.67479694  2.0971787
   2.02220058  1.25772047  1.5063014   0.63725972  0.5454638   3.11513758
   2.07217431  1.68199444  0.08270434  1.74050641  1.03036463  1.40437925
   2.72440839  2.02489591  1.12841356  0.71305114  1.53178847  0.98217458
   0.82440478  0.72454035  1.8704139   1.68453515  2.19978786  1.42142427
   1.30766344  1.05938947  1.28458953  1.93688357  0.89097321  1.79223132
   1.07025313  1.48574233  1.75596237  0.80357265  2.99991202  1.25971174
   1.81025028  0.55292135  1.28144646  2.57364321  1.99777782  1.56230021
   2.57652235  2.83220029  2.23980331  1.76929593  1.44337153  1.62064028
   2.1450789   1.09881413  0.51217663  0.62252194  0.37482226  0.99544132
   1.61829758  2.40000701  1.88623738  0.89137137  1.24726069  0.85602939
   1.41007411  1.58406293  2.38199043  0.90899593  0.7939176   2.16453695
   2.70975614  0.88984263  1.09108818  0.88954157  2.55273223  0.60687929
   0.88515931  2.10401249  1.83929956  2.23771715  0.49382272  0.42691773
   4.11910391  3.21787167  0.8921119   1.6644063   1.4456526   0.69553399
   0.64322346  0.9299497   2.30757833  0.54981458  0.71656322  3.19030929
   0.95839757  1.09078252  1.50172389  0.9714483   1.81553304  1.87225902
   1.20031571  0.95717704  2.18997598  2.28703094  2.49488354  1.1435535
   0.7981199   1.5940702   2.03248501  1.65174115  1.42534566  1.53646839
   1.71779668  0.96826679  0.70580268  1.03805006  2.94118428  1.98854315
   2.25330114  0.61807787  1.48631358  0.78058213  1.41080368  2.67360687
   1.32552159  1.96591866  3.06157589  1.01402748  0.82673305  2.10057688
   1.26572871  1.93140018  1.26737523  0.59832728  1.89392471  1.26907825
   1.49711156  1.84555554  1.42782009  2.15569711  0.91675985  1.3785944
   1.42948735  0.51597953  2.77495265  2.4439261   1.60984051  1.24401116
   1.52246737  1.39631462  1.49708688  2.37846613  0.88026887  2.86818194
   2.12524986  1.81627083  2.05770373  2.9763732   2.52133512  0.99886864
   0.73319393  2.47566676  1.58887756  1.08357191  1.32107246  1.57210422
   2.73222351  2.18221688  0.33722052  1.74386787  1.05071473  1.6382606
   1.92395771  1.40437984  0.09449298  2.38868046  1.25230587  2.12866282
   2.38682723  2.12213635  0.49380574  2.50013065  1.68549073  2.17042756
   3.2050302   1.04289925  1.12433517  1.83394945  1.5241034   1.50376058
   1.26101041  1.71403503  1.17156219  2.19196677  1.20653117  1.7846179
   1.26980436  2.12765551  1.39575589  1.58470881  1.32202053  2.22652411
   0.8871637   2.4831686   0.66383076  1.50901091  1.9315089   0.99126691
   1.76314712  1.22356248  1.37834597  1.55555499  2.75977898  1.79696333
   1.21144021  1.02388799  3.04407239  0.94715649  1.4835484   1.35443842
   1.06988037  0.94373733  2.26474619  1.40401745  2.3275876   2.41405559
   2.12219     1.41785645  2.37117457  1.99774015  1.40982294  1.2848649
   0.57458341  0.8215158   1.67398512  1.59540164  3.58419752  1.33591044
   0.39513582  0.94223863  1.74192786  2.05416846  1.89000487  1.45507264
   0.93254769  1.30633032 -0.01853805  0.48650053  0.38761955  2.24340868
   1.01658821  1.75174773  0.39902496  0.58252579  2.62715268  1.88615024
   2.04066658  2.79617238  1.26590133  2.36698174  3.25886488  0.49941573
   1.58546913  0.89422363  0.5272007   1.95315301  1.43495452  1.73413169
   1.81402218  1.87501955  0.55385596  1.39213884  1.05892575  0.94172752
   1.13960254  1.56495321  2.87423992  1.83700097  1.54389846  1.82979
   1.02096844  1.65393949  1.56270313  2.2707057   1.47734284  2.25221276
   1.98467302  1.90443337  1.12596726  0.98470104  2.09231901  1.20981574
   1.65351081  2.45986319  1.60721266  0.76026523  2.68828702  1.69428778
   0.40332222  1.00977457  0.92093241  2.46861577  2.34274936  1.80842257
   1.89434969  1.08740079  1.99922371  2.12784386  1.61708653  2.69508672
   1.64250672  1.46207058  1.17287576  0.79647493  2.03982234  1.86077368
   1.6704371   1.5732137   1.87471366  1.83159292  2.19563818  1.31603479
   0.32918441  0.88178331  1.57322645  1.64592886  0.75674075  0.63793576
   1.40504611  1.31408036  2.02476311  2.30411196  1.45800877  2.32165909
   2.13785648  1.94344401  2.46749258  2.21080709  2.48510647  0.92340404
   2.824543    1.25459826  1.58483493  1.57358384  1.49467134  1.61118543
   1.95627344  2.4148283   1.13383198  1.9869945   1.0618608   0.62136519
   1.33389282  1.94457376  1.44710004  0.58173209  1.88654685  1.65331471
   2.08044219  2.47404695  1.33689547  1.71391475  1.53766537  1.92003262
   0.95457923  2.78943253  2.02643752  1.92039108  1.35383892  2.25991416
   1.36675155  1.45775759  0.89154398  1.53416061  1.04538655  0.72934306
   2.12204599  2.14126492  1.86125052  2.79514551  2.10129619  1.97946703
   2.49721622  0.48252034  2.60467744  1.94066715  2.42947268  0.71053398
   1.84492409  2.36504388  1.43506086  1.25812852  1.17587054  1.5029242
   1.11741209  1.96035659  1.35151649  2.20123529  0.2910217   2.1738317
   0.69155854  1.37434566  1.78545594  1.51794708  0.83060223  2.04050684
   1.61292303  2.30517793  2.05597568  2.87949467  2.12808919  1.8686825
   1.13472068  1.04578841  1.14504755  0.99097311  1.9042604   1.0539031
   1.00356007  0.64536363  1.82244623  2.19081402  1.75480497  2.51460099
   2.10096359  1.02905464  1.83676302  1.29124689  0.99160373  1.45556366
   1.19337761  1.32754302  0.54557735  1.08573174  2.13079286  0.21477351
   0.89949518  2.0993731 
