 0.82805723  2.34631801  1.86572957  2.10024524  0.97056639  1.08879399
   1.4733088   2.4367156   0.83725029  1.33944619  1.36221349  1.38274348
   1.21101844  0.34880877  1.77738488  1.1264621   1.85591602  0.18330219
   2.632864    0.66192466  0.99164593  0.79949367  3.28842139  1.88431096
   1.102916    0.77721679  2.88114047  1.73425663  1.74185622  1.08227038
   2.12111092  0.97182804  1.7808789   0.24638911  1.64505279  0.86284477
   2.66523314  1.95480287  0.52690762  1.60458195  1.32617033  1.79600215
   1.81814969  0.49531725  0.58412206  2.22557545  0.78714234  0.90550047
   1.40162456  1.95234191  1.11326921  3.58249807  0.71209562  1.57826352
   1.05874717  2.31194568  0.67243505  1.06726396  2.18883562  1.871544
   1.31547117  2.00164795  1.60294771  1.02391708  1.56554914  1.78058696
   0.78863734  1.06940401  0.66123259  2.15759301  2.15018606  1.15267897
   1.86002767  1.42765439  1.40066373  1.92545998  1.37489974  1.44124901
   1.3646183   1.56911063  1.79148304  0.84081143  1.25946856  3.38222766
   2.06334519  1.72539771  0.19374195  2.48766255  1.4742521   1.604316
   2.39204955  2.3280468   0.54219806  0.39765483  1.29855776  1.34490228
   1.34985626  0.64484191  2.31023455  1.58760452  2.32069421  0.84423518
   1.55566871  1.33051109  1.99914074  0.7912007   1.93514144  1.29930937
   1.2768234   1.18911123  2.10880685  1.74654961  2.72447681  1.23712504
   1.92562866  0.73981953  1.71710312  2.62480712  2.0059824   1.58534074
   1.82210171  1.81676459  2.7123127   1.61395538  1.42264438  1.78840375
   2.38557386  2.39155531  1.75166512  0.52426052  0.40542984  1.03287733
   1.64999449  1.5004251   2.50261998  0.57963556  0.73266876  0.79309267
   1.66735268  2.38430953  1.13391805  1.55149949  2.01567507  1.99856091
   2.4016819   0.74793893  1.39730632  1.08164823  3.23863292  0.90261161
   1.14748788  1.66256118  2.09291482  2.10437489  0.74888819  1.51450074
   2.45231724  3.51172161  0.87526047  1.56874847  1.33444309  0.83688831
   0.93776065  1.28106332  1.55145931  0.48385468  1.46228683  1.00330234
   1.40965438  1.31540632  1.49860549  1.22244     1.24202955  0.96038824
   1.53253543  1.43356204  2.26807642  1.51345921  2.88365388  1.86152709
   1.28881562  1.33972526  1.75376546  2.5418911   2.15957737  2.38001657
   2.58234453  1.64599061  0.71921676  0.81390917  2.28927422  2.46358824
   0.64476955  0.85722554  1.95661223  1.06437731  1.65126669  2.56929064
   1.12151742  2.30790114  2.14426422  0.98089373  0.53167748  2.88776684
   1.48477519  2.70585632  1.37851715  0.65683991  1.48589647  0.30917734
   1.22207189  2.42652845  1.51247704  1.61518013  2.19040895  1.05930936
   3.18917775  0.88922447  1.94811821  2.42269754  1.12947667  1.5808326
   1.71061718  2.05929613  2.48750305  1.91688716  0.47259325  2.18601894
   1.45335174  3.38427258  0.9674198   2.64679027  2.29116702  2.30641937
   0.65544546  1.85247815  2.23721957  0.75567436  0.65650815  2.0066762
   1.35176158  2.15680265  0.69715047  2.20059299  2.11525488  1.10113859
   2.75118923  1.26575792  1.23935139  1.58147609  1.22823024  1.76824009
   2.50243521  2.02468276  0.28926522  1.55818963  2.04703569  2.15335584
   1.6497978   1.06680584  1.33387709  1.96586549  1.21500373  1.40632606
   1.69566166  1.53581131  2.41469884  1.67191648  1.37342179  1.84962022
   1.20511127  2.26808429  1.07320845  1.63579154  1.28702998  1.95077968
   1.97140646  1.65887105  0.62010354  1.35201073  1.69221151  1.21504664
   2.85108089  0.65035856  1.27982163  2.53559685  2.19728184  1.66915429
   1.2081089   1.25254416  2.67167163  1.47231746  2.02413869  1.36747956
   2.40824604  0.78484213  1.92458057  1.79398835  0.71671087  1.52978265
   1.51283133  1.55000937  2.52106953  1.51870763  2.90401459  1.61976504
   0.69247478  0.33522207  2.20550299  2.27196932  2.42278385  1.36084521
   0.08953021  1.27092743  1.30704439  2.00698161  1.3097465   1.23392606
   1.00664222  2.48427844  0.26353109  0.2273265   0.50466186  1.61122286
   0.34302595  1.73696995  0.1052388   0.51464283  1.43546224  1.7067579
   1.522879    2.79792356  1.61616886  1.95108604  2.2727046   0.57081509
   1.9825623   0.99732131  0.65304559  1.82949817  0.86452329  1.16813612
   1.4324646   2.34413981  0.68337923  1.23779035  2.12764192  1.8330034
   1.0239892   1.89189768  2.09341359  1.39257646  0.80652362  1.23227549
   1.60513771  1.37879145  2.52227235  2.34210825  1.50467217  1.6458137
   1.77469277  1.89617991  1.0081172   0.64131325  1.63738918  1.34850383
   1.30391479  2.17034769  2.3099339   1.23404598  2.35639858  1.51202989
   0.48652479  1.24012673  0.98836249  1.49881506  2.92440844  2.39966941
   1.1910944   1.23731995  1.44866252  1.22991729  1.02639258  2.32795763
   1.96845233  1.65516114  0.93198389  0.79369271  2.691751    0.28850013
   1.40970361  2.13111591  2.96085072  1.36788666  1.84636009  2.51027179
   0.16101903  1.21117437  1.52605343  1.40224469  1.03889644  0.8981055
   1.37636888  0.94076777  1.73742902  2.26584864  1.30320847  2.84387064
   2.03829002  1.39398813  2.61222696  1.63687825  2.49920797  1.61933541
   2.06511092  1.4680264   1.14657164  1.63784993  1.46617794  2.784513
   1.95216846  2.16130209  1.25283778  1.61295021  1.57121062  0.93611741
   1.60665083  1.72549987  1.24897921  0.77818185  1.97807217  2.63615656
   0.8818168   2.73522687  0.90041786  1.44519472  2.7399919   1.79036415
   0.46404237  2.09828711  2.23135114  2.5021944   0.81936014  2.45106387
   1.29008615  1.69627702  1.25157917  1.35876369  1.32231343  0.84267831
   1.76062477  1.64848685  1.94537199  2.09306455  1.01549137  1.73715532
   2.15078068  0.53873211  1.78963447  1.27700341  1.69892561  0.72010231
   2.3569572   2.49909377  1.56734908  1.95896256  0.81831467  1.53662705
   1.14705908  1.43814611  0.91447407  2.17184329  1.43596995  2.18735671
   0.97124267  1.38827181  1.19177234  1.71408308  1.60016823  0.83969754
   1.12196434  2.40493298  1.92588615  3.9099319   2.46362877  2.60546398
   1.48959219  2.37894607  1.32025647  0.77075285  2.8150661   1.01453102
   1.22784388  1.35627472  1.38224697  1.54132795  2.21758842  1.99430978
   1.3848027   0.97689462  1.94619524  1.69768786  1.91061234  1.8327595
   1.10018301  1.84779167  0.20412588  2.1437583   2.3357861   0.29773825
   1.01099384  1.71065676
