 0.80965137  2.58237982  2.38609576  2.37721586  0.80132824  0.94520837
   0.89394146  2.29470229  0.35949603  1.50060606  1.63954318  1.025859
   2.51255822  0.10600901  1.19115233  1.82312322  2.4224503   0.3874152
   3.13401246  0.74878097  0.6476661   1.0951314   2.46814728  2.94987702
   1.6482811   0.74588645  3.25705147  3.40330696  1.0087533   1.78020442
   2.46803594  1.05254805  2.18793392  0.77509099  2.05313826  1.8459152
   1.9358381   1.63887799  2.16098404  1.70564723  1.39710283  1.48969054
   1.24222112  0.412137    0.69270945  1.55838919  1.03279197  0.85901022
   1.95304179  2.40301847  2.04790378  2.71069121  0.67721462  1.84526575
   1.80766153  1.78305018  0.65433329  1.23859358  2.62628388  1.88458407
   2.14705729  3.45898175  1.45742667  0.53074217  1.74762523  1.30717194
   0.7969982   1.09897864  0.58904743  3.32159829  3.18714356  1.99539852
   0.74199212  1.17520022  1.93912268  2.27909851  0.90711248  1.13935542
   2.47921801  1.73722959  2.4223628   0.71676761  2.45950627  2.51568365
   1.80216968  3.13348627  0.20823817  2.73536992  1.35517538  1.39060414
   3.87470841  2.92892146  0.79321879  0.41474912  1.70193112  2.07081532
   1.44801092  0.67710549  3.07827473  1.68281519  3.22094679  1.15702164
   1.430246    1.32963026  2.73003411  1.79896045  1.39827275  1.06017399
   2.0370028   1.35351968  3.28658199  1.81865287  3.01695514  0.9787274
   2.43339181  0.41691527  2.13585258  1.60832512  1.84481812  1.43911207
   2.10517311  2.05867743  2.08945251  1.34578586  1.54234099  2.38800788
   3.46960902  2.28300309  1.55851102  0.59629732  0.31922287  1.64250278
   2.70217085  1.84052134  2.76253605  0.6277594   0.71280313  0.59797114
   1.90069532  1.26144707  2.04374957  2.90907288  2.69066095  2.24292421
   3.50093055  0.77914745  1.8233124   0.94859129  2.65282559  1.27519214
   0.83438402  1.77511382  1.37915123  0.85869312  1.08113205  1.46913087
   3.2824831   2.83727288  0.86479717  1.35785747  1.20999873  0.94220972
   0.53461152  1.23199046  2.3445673   0.60954803  0.71684408  1.66950977
   1.66391039  1.90750837  1.45854223  0.52186447  2.02484107  1.09163713
   1.3592838   2.13118982  2.97720242  1.99857438  3.39980054  1.38943815
   1.9660244   1.63950241  2.44513226  3.07887721  2.83209801  3.19220972
   2.66495371  2.14729023  0.69783384  0.87038285  2.41316986  1.74851537
   1.53853488  0.78488559  3.18355894  0.87947029  0.82002532  2.22590303
   1.13710058  2.39810348  2.18737459  2.04480171  0.51638412  2.21067619
   3.27445865  2.03328705  1.50858378  0.21214446  1.48649657  0.22879557
   1.45911086  2.6601975   1.25574791  1.96107495  1.71272027  1.14015722
   3.27524185  0.76966381  2.06885409  3.3909421   1.0734508   1.42522717
   1.48746443  1.21896756  2.83244848  2.53494692  0.70069569  2.5308311
   1.59220922  1.71445727  0.80196828  1.78273129  2.42239046  2.49967694
   1.83937848  1.73300612  2.88640094  1.24799633  0.36816707  1.84624898
   2.05001807  2.17015719  0.95533025  2.35926127  0.79379696  1.216048
   3.16714358  0.84335411  1.51613331  2.4370513   1.29521465  2.59537721
   1.66411471  2.08626318  0.52858204  1.56283545  4.3679266   1.39811778
   2.54730082  2.55299497  2.26143837  2.58015394  1.61128449  1.82469785
   0.95204318  1.16783714  2.71016264  0.89492375  1.39702284  2.26082206
   1.31321359  2.68818712  1.49449909  1.94206631  1.96495819  2.36663389
   1.2987417   2.2487607   0.22469276  1.99547541  2.7486794   1.22411823
   2.19925356  1.26798368  1.46617186  2.38673043  2.65200782  1.78706419
   2.15883589  1.81278038  3.95885825  1.39964306  1.87453866  1.19952083
   2.3267529   3.31922436  1.91104591  2.49447751  0.73414201  2.0388577
   1.09689045  1.74986362  2.2791028   2.15289664  2.2228272   2.29986739
   1.50816345  0.64099658  2.5631392   0.94132322  2.78362441  1.51682627
   0.43029639  1.4501363   1.35717309  2.39352536  1.96384156  1.39037538
   1.81428027  3.0782671   1.05494034  0.28683829  0.33755639  1.69080937
   0.77423662  1.86273968  0.20109218  0.75707269  1.58804548  1.94718409
   1.81131661  2.79302192  1.26195669  1.91537273  2.52054477  3.12450933
   1.63994074  1.4055711   1.11487591  1.77160788  1.04952836  1.88756895
   2.22064185  2.14439082  0.60367757  1.17091751  2.23751903  1.80506396
   1.35709822  2.51962996  2.72624707  1.55746579  1.95428097  0.99912322
   1.2925396   1.95083523  3.74128509  2.77129292  1.87431312  1.81180847
   2.70496941  1.91928267  0.7246626   1.84870923  1.87722611  0.92383081
   1.83162558  1.86247635  2.35048699  2.67734385  2.93195248  2.08366847
   0.70456618  2.29796004  0.84707493  1.60409045  3.06247759  3.30662823
   1.75364363  2.23699427  2.54531717  1.75963914  2.17591166  0.90252072
   1.56654787  1.79142654  0.84949601  1.02241886  3.22633243  0.07478916
   0.32990047  2.32222629  3.1784265   1.065956    2.11806273  2.84783125
  -0.00477952  2.06126714  2.62036896  2.18145609  0.41199154  2.70450234
   1.74318624  0.89213389  1.86578572  2.77104044  1.36516833  3.53333354
   2.56691623  1.41417861  1.92112446  1.40256405  3.15905094  1.36610746
   2.72386527  1.15415514  1.30920029  1.56350231  2.34279561  2.53547382
   1.1487211   3.45781755  2.46042895  3.09314418  1.35942483  0.81914318
   1.19537294  1.47235274  2.17744589  1.11945057  2.0208559   3.3155272
   1.44726396  3.06869602  1.23945713  1.3047595   1.75784338  2.78406882
   0.35649511  1.81357467  1.80692053  2.78548479  1.02071643  2.39487267
   0.95557094  1.65366805  0.72339904  1.24503255  0.87736064  1.0916847
   1.68723726  0.86038429  2.17104793  1.40010071  2.14262748  1.97482073
   1.18390775  0.43848556  1.29425073  1.18952954  1.7622987   0.89912134
   2.45520973  2.93306661  0.8961525   2.41599226  1.35640717  2.12627864
   1.09739971  1.97120392  1.39345813  2.39106107  1.15864968  3.14758205
   0.91854382  2.10758567  2.34658623  1.8942076   0.62671208  2.86935973
   0.88846618  2.4718802   2.93728709  3.43933392  2.69986558  3.67553782
   1.27224028  2.36552024  1.38277102  0.83303916  3.24989915  1.32550049
   0.90134025  1.41161931  0.44343808  2.06136274  1.28231895  2.41751862
   2.00066805  1.24407935  0.88810718  2.40749097  2.43913937  2.30083275
   1.54093373  0.85604882  0.33204886  2.24620032  2.67783523  0.06532016
   1.08089077  1.05022478
