 2.13762808  1.68221819  1.37387979  1.98778057  0.61176431  1.28029692
   0.49959707  2.58065224  0.40837705  2.2066617   2.90952921  1.0647378
   2.90283513  0.70562184  0.57915431  1.52959752  3.29956317  0.5436936
   1.93107104  0.73883182  1.13793802  1.00161517  2.2663238   3.03701234
   1.74376893  0.56940472  3.86684799  3.78842497  1.75149739  1.69154263
   2.51194572  1.49398637  2.38433647  2.23271489  1.36637878  3.40082288
   2.50090814  1.26690936  2.0283978   1.51798761  1.95013463  1.01767898
   0.95742399  0.65396947  0.84799385  1.84807754  0.75611281  1.06448686
   2.428231    3.70605803  2.60725904  0.996306    0.52504086  1.91346097
   1.56155324  1.38905478  1.18605638  2.59613442  1.68740785  1.78926945
   1.72667038  2.41616082  2.15691304  1.23376584  1.43605268  0.69850117
   1.42679393  1.11403358  2.35273457  1.22401929  2.712358    2.31083155
   1.68202603  0.66245937  1.45888877  1.08955085  1.33471656  2.04043961
   2.53856277  1.90823209  2.67678261  0.81510645  1.63163316  2.39575052
   1.94803202  2.29669785  0.49704897  3.25497603  1.56358421  1.71313286
   2.82197881  2.83315849  0.81348819  0.66088659  3.21874094  1.95158899
   1.01128161  0.72454083  1.85606539  2.22689342  3.43703866  1.39163244
   2.39844441  1.13891065  1.74472892  3.52394414  1.75215864  2.03546023
   1.96558988  1.47544062  4.40946436  1.61361051  3.04014349  1.19455385
   2.89960599  0.44578719  2.28966284  2.12712216  4.11810017  1.90230274
   2.00378394  1.9811188   2.99464631  1.06337202  0.83620018  2.74686217
   3.08907127  3.40808773  1.84083605  0.68304026  0.57905543  2.54260898
   4.51671124  2.03999519  3.35665512  0.07013461  1.74775672  0.35454562
   2.12084031  1.78459263  1.21777213  2.25291634  3.37942266  3.00029325
   2.93565345  0.83177483  1.8186866   0.61344308  3.45713615  1.43679607
   2.0634017   2.26361704  2.94875813  1.3021338   1.52061903  1.48757994
   2.83705282  2.33425403  0.71839684  1.57764828  1.40666234  0.74949443
   0.38119674  0.93043208  2.39414382  0.36067656  0.67116964  1.92091537
   1.38541496  2.45695662  1.26261711  0.18370174  1.86395526  3.44999623
   1.90052223  3.03021336  3.18294287  1.67818987  3.88721561  1.18968368
   2.14054894  1.97916377  2.52335715  2.83345795  3.23916984  3.06079912
   2.42827272  2.46584892  0.74579352  1.140028    1.9380157   2.27202392
   1.44362342  0.78513682  2.60984373  0.37999067  1.88620055  2.88415313
   1.1226573   2.92552447  1.95685053  1.07750297  0.3223865   2.25813746
   2.26088667  2.02429414  0.92446911  0.87869221  1.83826339  0.4102917
   1.73136425  2.40259147  1.57240105  1.7334944   1.71627426  1.0287255
   3.1107862   0.87204808  1.7502768   2.96228051  1.94095588  1.13998973
   1.71645582  1.01218724  3.46905017  2.71119189  0.55447102  2.22349691
   2.18207407  1.31661618  0.5411157   1.33197188  2.17675352  2.16411352
   2.03031445  3.3999989   3.2789216   1.12624526  0.27104497  1.28685033
   2.35040998  1.4248668   1.02154112  1.39071727  1.14070117  0.841941
   2.65974855  1.7123841   1.11890161  1.19763017  1.63634491  2.42890382
   2.9748106   1.57339048  0.89612758  2.09400868  5.17270756  2.83198094
   3.20120621  3.70144153  1.94596875  2.36546659  1.183128    2.17318726
   2.66192555  0.83649164  2.30278969  0.59011412  0.85331976  1.00814617
   1.29710174  1.6595099   2.17866945  0.97898978  1.27260971  2.19885707
   2.21386766  4.05748892  0.3497448   2.19036365  3.39239836  1.76181114
   3.18100309  1.27639103  2.35592771  2.04506111  2.92774582  1.10206079
   1.95574677  1.65873194  1.95756555  2.2819531   2.99562883  0.63225871
   2.09707117  4.26189566  2.97691345  2.57105494  0.46942791  1.79076755
   1.14186072  1.08922255  1.67727613  2.1511035   1.43598688  1.43850362
   2.60414052  0.68932652  2.90681195  2.26549482  2.87115788  2.36983514
   0.15898477  1.54814136  1.53811038  2.18482471  1.46732616  1.64656687
   2.02664614  2.89849758  0.86461169  0.51976651  0.66944891  3.01930666
   0.64669055  2.92002201  0.58430195  0.86627209  2.73681617  1.43707371
   2.39347506  3.35491872  1.19186759  2.17235041  3.44374514  1.80954969
   1.19702435  2.49812174  0.83792794  2.63837075  0.99689376  1.41068923
   2.69055152  1.82136238  0.63785028  0.69475836  2.66332507  1.88688338
   2.79415178  3.0134325   0.98092413  3.46682572  0.80416995  0.99861163
   2.09732127  2.20846224  1.62097633  1.7166779   2.12881708  1.5729636
   3.51448631  2.39231992  0.75182712  1.22259319  1.31960607  1.248492
   2.44683743  1.72943783  3.24099827  2.97948861  2.24015594  1.54982448
   0.6446839   1.56582534  0.68373227  1.11896122  2.74870992  3.50093842
   2.10852098  2.88096499  1.79671907  0.85255128  1.92722309  0.97214293
   1.45519829  1.11417067  1.61287379  1.05422664  3.55050611  1.15416932
   0.54332185  2.73800802  2.02586031  1.26934469  3.0605371   1.49316466
   0.39538702  3.07891202  2.33068585  1.8917942   0.71163571  3.88439059
   1.71203005  0.69857407  1.92147589  2.82577944  1.44549632  4.10281181
   3.14041185  0.37545252  1.53784728  1.17618108  4.01351929  1.07891488
   3.05826497  1.22275841  1.26282239  1.50872242  3.16427517  2.8396647
   1.10049129  2.84219289  1.65136468  2.53417182  1.62817049  0.70440078
   1.80641901  1.19141352  2.65800095  1.17325974  1.25177431  1.95062935
   3.33400941  3.0385716   1.51564467  1.9070456   1.49634826  3.75139427
   0.77813447  1.71030366  1.93733931  2.66889596  1.36520922  2.14034557
   1.83023095  1.3027184   1.22765243  1.18583858  1.28535414  1.18255413
   1.60772622  1.75350976  2.18713737  1.37355649  1.62730932  1.30182755
   3.18924117  0.53372175  2.34492445  1.13415515  2.79497766  1.09152257
   2.50160098  1.88002932  1.15170753  2.7733233   1.38141823  2.21446085
   1.7000035   1.06583118  0.28554833  2.17840624  0.9578464   2.55503988
   2.51367855  3.23414516  1.37787938  1.95777118  0.72402662  2.55334854
   0.97251952  2.43260002  2.66883731  2.57225442  2.658144    3.92939758
   0.83715409  2.71114635  1.25395477  0.70789176  2.69216609  0.74391073
   2.23713207  1.6174686   1.12495553  1.28952479  1.68061328  2.17303872
   1.84431851  1.11808121  1.25820577  2.89395642  3.03779721  2.54793382
   1.8291378   1.428545    1.4440124   3.13285637  3.23095226  0.94660497
   0.81782824  0.82327163
