 1.13405669  1.7192452   1.41853619  3.41964579  0.76933128  0.91947395
   1.38127947  3.05310702  0.69147837  1.38462901  2.36129022  0.96804422
   3.40487838  2.04477668  0.46289897  1.64547646  4.29886866  0.57144052
   1.44998062  0.61639136  0.99865019  0.98101372  2.34337807  2.24029255
   2.1328063   0.52997881  3.48509693  3.41089797  2.88102174  1.47979295
   3.51468515  1.30833519  1.01744175  0.94964516  1.79328144  3.53264785
   2.01919651  1.1393441   1.72429144  1.36436737  1.92852044  0.83179337
   1.02150142  0.93147498  0.83611238  1.23138011  0.03707553  1.27874243
   2.51327181  4.77639771  1.97124922  1.71827543  1.85048306  1.68873715
   1.23460615  1.92280841  0.78959554  1.37728298  1.62807119  1.66337025
   1.12214589  0.98982906  1.75613463  1.03603923  0.59735745  0.76439822
   0.88160783  1.09685767  0.8262952   1.49697411  2.59479761  2.91161799
   0.70271468  0.75607729  1.4774878   1.25152802  1.32710719  1.32000756
   2.25926256  1.2594949   1.93393028  1.00420725  1.24400103  1.86020112
   2.42790651  2.57065892  0.52988261  3.07667756  1.35695064  1.58452785
   2.69586754  3.06087089  0.82951117  1.04808068  4.16447592  2.67397761
   1.02378356  1.05178797  2.58536959  1.13705218  3.71545506  1.30613363
   0.82024091  1.19478214  1.51958132  2.76563454  1.56232488  1.23050618
   2.61211848  1.60267794  3.21321893  1.77613103  2.93560243  1.15427542
   2.82006097  0.78711075  2.21450233  1.2568171   3.1520679   1.79407394
   2.53210926  2.29597163  3.68505311  0.70058507  0.8644793   2.47539115
   2.90885925  2.5199337   1.84953678  0.69318479  0.66645658  4.26707649
   3.39689469  2.08470845  3.54570651  0.11382197  1.31140518  0.87025744
   2.48844242  4.33122444  1.52012253  3.10302997  2.92874074  3.08490586
   3.42626524  0.9507755   1.98250711  1.35964179  2.4741199  -0.01431724
   2.54203439  2.55951262  1.18468189  1.46541703  0.99821693  1.61422944
   2.57006693  3.03160977  0.62837017  2.48142266  1.78581202  1.04996824
   0.32157013  0.93668503  2.4995625   0.79753852  1.62865603  1.19488084
   1.92270494  2.84911394  1.16142857  0.45081204  2.05818701  1.8191154
   3.53936338  2.91682768  2.19261456  2.48916721  4.00146151  1.05472243
   2.10008144  2.10361719  1.66614437  2.5963974   3.17078543  3.01230717
   2.38989639  3.14516568  0.78707474  1.22879207  2.62542224  2.30801868
   0.05450927  1.16994882  1.8887943   0.51630574  0.66837448  3.65001655
   0.72347182  3.82537198  2.37590122  1.0627203   0.47003677  2.14879751
   2.74076462  3.01238251  0.89949965  0.94570583  2.25160074  0.63082099
   1.45413613  2.78821969  1.1851474   2.29693556  2.18443108  0.92748278
   3.29410529  1.05960238  1.33625865  2.84494138  2.24079442  1.24743271
   1.98900712  0.74514288  2.07277036  1.85163331  0.90782207  2.06637287
   2.44917607  1.02296472  1.05715144  0.798204    2.4431138   2.7902422
   1.94750071  1.46700966  3.59651327  1.18995368  0.77007252  0.86341339
   1.72960615  0.97031909  1.11574316  1.74122739  1.83295512  0.99491584
   2.05062437  1.29707825  0.75536382  0.96144968  1.99805129  2.05987453
   1.50695097  2.26179409  0.54655588  1.82740033  4.78859282  2.58115554
   2.01603174  4.41086245  2.42229557  2.7941215   1.33481658  2.36744189
   1.76478481  1.41674948  3.06705189  1.24963009  0.93537629  1.4443419
   0.95862573  1.92055869  2.81542468  1.21160638  1.59064841  2.28162837
   2.07586455  3.80122042  0.56755328  2.43427444  1.76148427  0.84056693
   2.56679749  1.29543841  2.32700419  2.71354389  2.69107866  0.53951979
   2.97500634  1.36642933  1.49561572  0.86599547  2.85198355  0.36504546
   1.34269679  4.90375948  3.55158758  2.62004185  0.74515408  1.37401223
   2.41499925  0.82129353  1.42690468  1.2429533   1.36446822  1.42701387
   1.83497834  0.82250053  2.83311629  3.26342177  4.36839437  2.64079165
   1.05480361  1.50519526  0.95500386  2.16083431  2.13815379  1.96121967
   1.44112742  3.50533843  0.66413468  0.60625702  0.829319    2.44456768
   0.68655229  2.74359369  0.32868424  1.2275697   3.63231802  1.34238613
   1.21754408  2.04397774  1.60076094  1.73631322  2.37419987  1.07207525
   1.11609125  3.29235053  0.89753199  3.02724385  1.01972544  0.568973
   2.65452456  1.55398488  0.51205486  0.5297519   3.28452563  1.87923694
   2.10021615  3.36786008  1.42234945  4.41192389  0.90034187  1.67524242
   0.771083    2.85339522  1.76452935  2.15988135  1.4813081   2.26626992
   2.51434445  2.77032447  0.46052474  0.20725098  1.90786159  1.59778857
   3.21677899  1.55033922  1.45473444  2.33643532  1.45202053  1.63818026
   0.57177067  1.00901091  0.7247718   1.0300616   3.58079934  3.41168141
   1.6059159   2.83505392  1.51108932  2.00004935  3.48923206  1.26885593
   1.00232875  1.24224162  1.74469817  1.12553155  2.92843485  1.06535637
   1.44571781  3.29194117  2.14993691  1.31073773  3.55965471  0.84076822
   0.348842    4.01223183  2.44388127  1.91578543  0.58967352  3.79480648
   1.40152204  1.3421911   1.72955525  3.01789117  1.28725684  3.65967417
   3.10194898  0.93858278  1.28052318  1.4710139   4.68655205  1.23276782
   3.0953536   0.86733001  1.16928899  1.28734851  2.69366884  2.97187328
   1.63413179  2.28600383  2.54950619  1.71824145  1.76274383  1.10870457
   1.48775852  2.5849371   1.45407021  1.15026343  1.47888422  2.00915909
   1.96117949  2.64666152  1.96859956  1.10895395  2.45371175  3.35241365
   0.81229144  1.4424113   1.60815454  2.40438533  1.16510367  1.42774391
   2.6175096   1.32315814  2.77026844  1.16978467  1.79122055  1.45698833
   0.8621639   1.46302128  2.11455607  1.74446332  1.83692873  1.31511521
   2.45067191  0.26029357  1.45000196  0.92487729  3.21467686  1.04771698
   2.45497751  2.37704325  1.50183022  3.15523863  1.4433701   1.62061799
   1.53930509  0.4344117   0.6898846   2.34943199  1.49563456  1.58604276
   0.46464133  3.2656858   1.20160985  1.70794225  0.99241394  2.6307714
   1.83231115  2.44709015  2.73125648  1.76639462  2.9948771   4.8249774
   0.88585824  3.41048026  1.10162282  0.5980103   2.88309836  0.92956227
   3.68245387  0.68366307  1.23967266  1.77551126  1.61204362  2.51136279
   2.12305546  1.32158673  1.21341193  3.34208727  2.44610453  2.96664333
   2.36211705  0.9206568   0.61510694  2.33151174  3.42405486  0.57868987
   0.8334924   0.73691088
