 0.71915311  2.04245138  0.75177205  3.66354036  0.81713873  0.97593433
   1.68281281  3.36346102  0.52503234  1.57629406  1.62549305  1.38906872
   4.05866718  2.20418167  0.61470383  1.43896639  5.18612766  0.51451772
   1.26680505  0.75034136  0.94349086  0.83184469  3.31068587  2.87345576
   2.08535337  1.12759864  3.07322764  3.44746113  1.77991259  2.37487912
   4.28029346  1.72702789  1.90838385  0.92142427  1.93447018  2.61374569
   1.69459927  2.09309101  1.390203    1.92566323  1.70051026  0.46998483
   0.54746276  1.01520395  0.84424478  1.42957067  0.54849398  0.92290288
   2.61514163  4.58499575  2.43841076  1.18821466  1.98997188  1.83446312
   1.54503715  1.80412817  0.76212615  1.91945207  1.65991187  1.96609092
   1.19938076  0.96800935  1.15751123  1.27868426  0.69201636  1.10909796
   1.02806401  1.0058459   1.64745247  2.06569839  2.89925814  4.21762276
   0.94542855  1.36778641  1.66377747  1.87995124  1.95002913  1.91269386
   3.00636411  1.05468762  2.00902963  1.01795745  1.37711072  0.70040369
   2.64555693  2.44900107  0.4810136   3.06269598  1.47047889  0.96262318
   2.99890709  3.3579669   1.31328297  0.8117429   3.61649275  3.15688252
   0.54893988  0.92467123  2.28017569  0.93195236  4.3101306   1.21807134
   1.46819198  1.5859971   1.62145972  2.01112819  0.78478312  1.88494694
   2.39913344  1.75951648  3.41891503  2.27881885  3.12765074  1.17449808
   3.39087605  0.93559468  2.66412592  2.22842312  2.25263119  2.41374683
   3.16072202  2.57211328  3.83662796  0.5800491   0.8116973   2.15117097
   3.57985449  2.25633597  2.49898815  0.79858518  0.64421242  4.6572547
   3.34684205  2.13333416  3.37041187  1.04807711  1.31528246  1.46875823
   3.52062559  5.28975201  2.71895003  3.65493751  3.08997965  3.56881094
   3.52873516  0.81678718  2.12933397  1.94536173  2.95298386  0.0903656
   2.08494592  3.68427896  1.7408216   1.44544423  0.40155652  2.15559053
   3.03519559  3.09458303  0.67038959  1.51338756  2.09411192  0.84252763
   1.16233814  0.92469436  2.28315473  0.33643523  1.75150418  1.7070539
   1.64956629  2.60571313  1.07338703  0.54868019  2.94477773  1.34786451
   2.31010652  2.52635431  2.55860972  2.00602174  4.17250109  0.83136666
   2.01040053  1.75865746  1.7903595   2.6863451   2.74541116  2.99024844
   1.90198183  3.40201378  0.76367074  1.20850146  3.47176552  2.88656807
   0.18950328  0.63404894  2.38157701  0.64479268  1.97057915  3.70815325
   0.56972283  3.99705982  2.4234035   1.57631123  0.65372074  2.49825025
   1.82169437  2.79519796  0.80386043  1.15409052  2.91789794  0.43428808
   2.56874776  3.34973931  1.18298352  2.20657802  2.27225709  1.022012
   3.1599474   1.1034615   0.7890234   3.31419206  1.26151776  0.89718407
   1.9909569   1.26590967  1.72714376  2.7618444   0.42908663  3.10135794
   2.95154309  1.12144721  1.75446093  0.66766679  2.61368728  2.50120401
   1.22278965  1.13167167  4.83317089  1.19837165  0.85446763  1.14154828
   1.70841217  1.12298727  1.12242103  1.80191815  1.8233887   0.7911979
   2.76161385  0.5305329   0.65793997  1.46802688  1.63677132  2.768471
   1.59123445  2.43168283  0.96672595  1.11687589  5.29880714  4.11924887
   2.00314355  5.13662815  2.92032051  3.66356492  1.52886271  1.73911703
   1.30308795  1.64860785  3.49715853  1.69482982  0.87548769  1.84977865
   1.63295305  2.30458665  3.29380941  1.74831688  1.76814282  2.44261885
   1.72330391  2.42324758  0.63440824  2.2430985   1.67802393  1.02976573
   3.90004539  1.17271149  2.14061999  3.06096292  2.41883016  1.14677238
   3.88684273  1.75256038  1.44097674  2.37550044  3.50865769  1.39863086
   1.00009978  3.82354546  3.60260057  2.74236155  1.04543686  1.2651211
   1.79399705  0.89055449  1.40219116  1.49440026  1.5809871   1.51757026
   2.19030309  0.8756215   2.81141996  1.89850986  4.15689945  2.61013246
   1.0821017   1.43568993  1.01851249  2.31225348  2.38224006  2.51262474
   2.72531033  4.00561094 -0.02498841  0.74299932  0.48301348  1.88571572
   0.89375079  2.59122801  0.30843237  0.74537313  4.07434177  1.7381016
   2.14504528  2.16851664  1.25679207  2.021065    2.16316652  1.7540859
   1.04759967  3.05029392  0.95358944  2.53457975  1.11828196  0.75303692
   3.55251718  2.34409523  0.97229618  0.55750847  3.71738815  2.08931494
   2.26072645  3.68125916  0.44327307  4.51983261  1.82801306  2.17958093
   1.53512383  3.72010493  2.09247923  2.46605945  2.63377118  2.03105426
   2.61246395  3.47781897  0.65318483  0.0146686   2.4042995   1.66634488
   4.0804081   1.31953931  2.28841448  3.38093686  3.01588273  1.56300724
   0.611292    0.54005742  0.61510068  1.18394053  3.24727035  3.22587633
   1.54596961  2.60797     2.01950955  1.57585227  2.97752118  1.68772137
   0.7221511   1.31855762  1.82848585  1.19774711  3.40912485  1.86658359
   1.9936409   4.25376225  2.89078188  0.76741809  3.88249755  1.37307894
   0.42776787  3.94475198  3.04190421  2.04591846  0.57261378  3.97022986
   1.39619863  1.01027477  2.09158611  3.16658974  1.88062334  3.60736704
   3.130723    0.55497122  1.97717309  1.79230905  4.53344536  1.09240603
   3.26615     0.82263494  1.70178556  1.27470458  3.16621161  3.24604011
   1.79790366  3.06515718  2.57752419  2.59857965  1.593238    0.71182829
   3.06047606  2.91565156  1.14934433  0.85978317  2.18989396  1.47941899
   0.96549118  2.6914022   1.5249604   0.34165925  1.81100357  3.03088284
   0.78664458  1.99180281  0.9770478   2.38299918  0.89518136  1.65343988
   2.31904864  1.63030469  2.39998198  1.25626421  1.52805138  1.68404162
   1.69639719  1.50771284  2.17852783  1.97955716  1.90604079  2.60778093
   2.91180873  0.23477268  1.79388475  0.92211878  3.54059768  1.0400281
   2.81276917  3.12708473  1.03428066  3.09932733  1.76136565  2.73394108
   1.57804942  0.7009806   1.26793361  2.60002375  0.88651931  1.88541496
   0.70033491  3.16544867  2.06133485  3.03879857  1.2123878   2.87895679
   1.31072915  2.87769151  3.38184881  2.10784817  2.95123243  5.96295261
   1.08410621  3.26207542  1.10769391  1.1574477   3.49420381  1.15086091
   5.07968044  0.24020183  1.20752704  1.67849422  1.52399647  2.28672361
   2.71145988  1.04687989  1.40309739  3.95310092  2.44325161  3.28227687
   2.5618546   0.92634577  1.02979207  2.47507501  3.46125722  0.66122842
   1.01796317  1.68576527
