 0.99175435  2.443362    1.758757    4.25835466  1.21365035  0.85361671
   0.64424187  2.94201183  0.54629087  1.82017899  1.16820312  1.2595551
   2.67693353  1.74949336  0.45253697  2.37794185  3.80303454  0.69985712
   1.22073889  0.87673181  1.02766919  0.82894552  2.61592245  2.79619598
   1.80328679  0.79038042  3.65439534  3.53476763  1.7587316   1.44035411
   3.02825212  0.92835557  2.44477916  1.09812856  2.11485863  2.66147447
   1.66150391  1.70814133  1.17142367  1.42905831  1.54762578  1.36020792
   0.75627607  0.96215314  0.81840038  1.08347678  0.43059528  0.9154399
   1.48803234  4.52633047  1.56562424  1.13039482  1.07588303  1.63928521
   1.45791888  1.86437559  1.26728284  1.17789865  1.68064892  2.01035666
   1.234043    0.8255828   1.36080921  1.33514202  1.09176958  0.64555967
   1.06525934  1.01354122  1.37134027  1.26991141  3.14740086  3.52925467
   0.87610883  1.0114367   1.40499365  1.68468416  1.33045936  1.41317105
   2.64348173  0.76789147  0.9513151   0.93844026  1.17347634  0.44355068
   2.7415154   2.39239168  0.3144058   3.54334068  1.58137512  1.26262426
   3.85421968  2.51465058  0.92841125  0.58802444  3.0892427   2.86059451
   0.71851099  0.81286603  1.94478142  0.84852982  3.80740643  1.18734276
   0.86403     1.71819878  1.69139886  1.6450659   1.23054016  1.74449492
   2.41401911  1.66523731  3.25725222  1.69948304  2.91875434  1.14080644
   3.08336926  0.87545735  1.64136851  1.66978073  2.87148976  1.81141031
   3.05147696  3.77432489  4.34483385  0.6541791   0.8011086   2.65427351
   3.52981424  2.83155155  2.52301359  0.72871017  0.59367156  3.71434855
   2.29122066  3.05799222  2.9478991   1.12325418  1.46768606  0.54160303
   2.16358972  2.790694    2.42982388  3.83612013  2.57232237  3.26395416
   2.68429446  0.8368777   1.84551442  1.76287353  3.63605428 -0.02369212
   2.4632256   2.71105599  1.33004928  0.99593312  0.04674007  1.88455582
   2.20723391  3.19695234  0.80339545  1.61853838  2.10227323  0.46599144
   0.97491139  0.95176208  2.30757928  0.23246703  1.37731016  0.66521376
   2.12299466  2.47203922  1.12095332  0.84041089  2.48710799  1.09007037
   2.78275418  2.39576125  2.46618152  2.59262586  3.42335343  0.92644191
   2.46420717  2.06971979  1.55545878  2.96400285  2.70757413  2.83287334
   1.78329146  2.87287903  0.59751034  1.21742237  2.91079521  2.86513758
  -0.00614979  0.56978303  2.41747737  0.76413876  0.75356448  3.96097279
   0.59977543  3.75936866  1.76967931  1.5346508   0.45300215  2.32481003
   1.17692041  2.06886673  1.32231045  1.4010191   2.59941673  0.64451772
   1.3778007   2.34217262  0.63161999  1.42511308  2.34519529  1.03487301
   3.30998325  1.01073253  1.01351225  2.62872243  1.38309562  0.6472308
   1.89346778  1.82916069  1.13189816  1.32726943  0.78283709  2.28559923
   2.76078558  0.98463869  1.24438274  0.73908234  2.09520149  2.5455339
   1.67959225  0.97542864  3.83348966  1.12434709  0.97008616  1.18476391
   1.60783017  1.18084729  1.1271323   1.63616753  1.64065623  1.24178565
   2.22140098  0.71011651  0.15526959  2.16099191  1.78424573  3.86413336
   2.96967435  2.67933488  0.95658678  1.20895565  5.47589159  2.95328832
   2.12441826  4.0772295   2.39451146  2.76218843  1.55762219  1.91450417
   0.9680658   1.01547217  3.00821972  1.22835219  1.38981044  2.32429814
   1.80337155  3.09648275  2.97702146  1.25539529  2.13093233  2.17214704
   1.47860384  1.92791593  0.34097713  2.67156386  2.33571458  0.31760103
   3.49202132  1.23136985  1.75335765  3.00453496  2.44027376  1.68045211
   2.94941258  1.26467013  1.68054605  1.67660654  1.92829871  1.29285908
   1.14843321  3.75320721  3.50465679  2.57237148  0.61134666  1.09133518
   1.01586449  1.15332758  0.83697391  1.31602824  2.15042305  1.38128328
   1.34990871  0.90572762  2.32425904  0.85857767  2.26407599  2.16399145
   0.7779628   1.50800216  1.3440367   3.02953053  1.96300066  2.39521646
   2.37173724  3.61996579  0.21601281  0.6979875   0.46737483  1.62712586
   0.8231883   1.36776316  0.28867888  0.94687366  4.00151587  2.02859163
   0.87212521  2.41357803  1.59821475  1.40473962  2.47729659  0.87802255
   0.75496274  3.09100008  0.9257437   3.10859275  1.14327061  0.46078113
   2.67756152  1.8779186   1.463503    0.57659155  3.95214868  1.43453944
   1.23286259  3.04847169  0.12522322  4.67216778  1.95375299  1.8014704
   1.85400319  2.39947629  1.80649292  2.437603    1.41300237  2.4045949
   2.18695688  2.28480315  0.47878796  0.11630053  1.59861219  1.56105745
   2.52926445  1.77800691  2.7186358   2.4614253   2.18069029  1.79373586
   0.64600825  1.33553958  0.98782301  1.24478316  3.10095382  3.3142724
   1.53110993  3.17216015  1.54256189  1.99111676  2.9715898   1.3876884
   1.10029864  1.20736313  1.8191402   1.17786205  3.31581068  1.92080796
   0.8717013   2.4587338   2.00522733  0.75207406  3.1830461   1.07833147
   0.17419045  2.73578167  1.25575984  1.53327906  0.32114604  3.99657536
   1.62478769  0.75729269  1.81149888  3.27425694  2.17781854  3.77583051
   3.2232933   0.48853651  1.73404598  1.59955478  3.6862905   1.44710219
   3.07574272  0.90068948  1.25120413  1.1839509   2.78167057  2.48341799
   1.72030866  2.05658507  2.73669529  2.40245938  1.74310064  0.56578821
   2.95155692  1.53774989  1.11665785  0.64435744  1.26388001  1.21334589
   1.45121288  2.56071019  1.21085346  0.6743238   2.02977324  5.01832008
   1.09109938  1.32964861  1.09127843  2.06216192  1.19654703  1.57011199
   2.40488458  1.55283296  3.2456708   1.16424525  1.43933511  1.53993738
   1.37715995  1.24776649  1.94825125  1.88476384  1.77888334  1.43542266
   1.57778287  0.65292621  1.17371297  0.97941846  2.5068059   0.97059953
   2.73084688  2.53492975  0.8302511   2.78521681  1.98430777  2.56961083
   0.87459737  0.7131573   0.71701586  1.95887661  1.44317603  1.79928303
   0.35684559  2.92094398  1.72993326  2.8108995   0.93617505  2.72071457
   1.2312398   2.51824212  2.47292733  2.50349855  2.90409398  4.71648979
   1.68709517  3.17736077  1.25246525  1.5048157   2.58322215  0.9615097
   3.8087976   0.10558367  1.49303877  1.73764396  1.96757555  2.32599115
   2.34691167  1.45347118  1.4173522   2.96154189  1.60777593  2.6628716
   2.19023633  0.93340248  0.77890211  2.31206799  3.61885762  0.35169592
   1.04312778  1.36295021
