 1.76367092  2.96007419  0.93979836  3.68903017  1.86242437  1.11314213
   1.43651485  3.66710973  0.49587542  2.21092868  1.53815424  1.02849746
   3.00555444  1.67631757  1.01313388  2.12837172  4.21239853  0.53541166
   1.5204972   0.93708968  1.58772302  0.85245764  2.61107564  2.70511365
   1.44797742  1.12398219  3.67192078  2.9809413   2.23168707  2.11680341
   3.95215988  1.02797186  1.21476674  1.97100794  2.20955133  1.67341244
   3.49486709  2.43230176  2.33578444  1.94817543  1.63124251  0.39525995
   0.63831908  1.10687995  0.79232854  1.23806655  0.39665559  0.9839955
   1.82078969  4.52830458  1.33684587  1.6531074   1.55016959  2.09604383
   1.39545488  2.10487342  0.79128003  1.69954777  1.72538948  2.06078029
   2.25557375  1.37770772  1.38920379  1.48646593  1.19387043  0.69690186
   1.10342157  1.28484249  0.61030394  1.11921644  3.46650267  4.03226376
   0.65045768  2.42179108  2.44871759  1.79819798  2.05855441  1.60859001
   2.70401049  0.69835293  2.5994935   0.90716463  1.20385063  0.56816643
   2.65068674  2.3733809   0.38135147  3.77298069  1.60423958  2.04506016
   4.3484025   2.10290956  1.09381771  0.55059373  3.81500673  3.19343185
   0.53508943  1.19124186  1.96029997  0.88155842  4.68171978  1.06267202
   1.34243119  1.95751417  2.05629063  2.22382069  1.12268412  2.37599897
   2.92389727  1.12908304  3.68251467  1.8877666   3.40685153  1.11354613
   3.75358081  0.63400495  1.92882812  1.81475425  1.83256578  1.30593491
   2.80861807  3.25199795  4.57712793  0.95311105  1.00910103  2.0763526
   3.97828889  3.42224932  2.18314338  0.76478779  0.55202836  3.97254753
   3.14901352  2.79679513  3.8029387   0.4837079   1.90597641  1.11037612
   2.97534156  1.97017062  2.4704504   3.83610415  3.21109009  3.96795225
   3.13866472  0.74555784  2.08109426  1.69261491  3.18461871  1.03668749
   1.83882499  3.09678364  2.75522566  0.99487406  0.06213228  1.24757934
   2.69176078  2.39837003  0.62250155  0.56040484  2.70965075  0.561535
   0.81675243  0.92944419  2.1352396   0.38781536  1.99729753  0.87986332
   1.14291549  2.34064341  1.08158302  1.3223151   2.54113173  1.23043132
   3.68406487  2.0330565   2.02320552  2.72838831  3.40372467  0.62945122
   2.35034275  1.88068807  2.66725111  3.06324458  3.05836034  3.13906002
   2.2295506   3.15471244  0.69467324  1.28168511  3.03463578  1.94713104
  -0.03565096  0.65237927  3.23963404  1.01343679  0.9450708   4.35809994
   1.06634164  4.4259429   1.23667037  1.38046837  0.51455283  2.54810286
   0.65761691  2.22719479  0.49125555  1.15421236  2.42044282  0.45027572
   2.47460771  3.52245784  0.87924784  2.41323972  2.56837988  0.93420911
   3.47962689  0.96577722  0.95533359  2.93777466  1.24259353  1.46176565
   1.86966884  1.31808698  2.9972589   2.7019732   1.05193484  2.67712855
   3.26071954  1.01936007  1.1762979   0.71834093  2.77227426  2.35020208
   1.62240434  1.72832811  4.36847973  1.10893476  0.92497802  1.18650067
   2.03644252  1.30182278  1.10172212  1.74042785  1.64801085  0.87510645
   2.18781543  1.25309825  1.40389729  0.73301655  1.10683668  4.30971575
   1.20643723  2.42556357  1.08049524  1.37231863  6.99104118  2.64989448
   2.20286632  4.75442028  2.84103727  3.57260704  1.7300297   2.17353249
   1.59240901  1.23319089  3.66789842  0.48608911  1.3952179   2.25078464
   1.14901423  2.0313046   3.45295477  1.14458358  1.64804888  2.22077203
   1.64721501  2.58577919  0.17465419  2.94838071  1.74964654  0.51349819
   4.40051317  0.70947599  2.0539465   3.19203424  3.18210387  1.56649172
   3.26006269  2.31250048  1.96408236  2.93363142  2.0682385   1.25588512
   0.49976045  4.54636097  3.75583744  3.04918003  1.25572002  2.31153417
   1.12773645  1.23309648  0.88339192  1.35747814  2.88193274  1.36938965
   1.62425041  0.81268173  2.75579381  0.97649848  2.2642324   3.10243511
   1.50217354  1.41253376  1.21755803  2.34203625  1.39423168  2.50044918
   3.04364252  3.66300845  1.56630492  0.59998542  0.70354062  1.89480782
   0.65907311  3.1124599   0.31277364  0.69012362  4.1229887   1.95523787
   1.2121948   1.91848266  1.36086273  1.7809422   1.67268348  1.94559431
   0.83760816  3.88549685  0.86167252  3.12126231  1.08498979  1.28785682
   3.92364264  3.14177513  1.27137101  0.49907011  4.06642532  1.99886632
   1.5026865   3.30400252  0.61471653  3.74450898  1.59439313  1.51434469
   3.8945086   3.49477434  1.51162064  3.03464627  1.83478796  2.58019328
   2.39098525  2.38075233  0.64202601  1.52828634  1.69175088  1.87905347
   2.43153119  1.31612277  2.58792686  3.07830715  3.03499246  1.69168997
   0.72138178  0.79178166  0.75610822  1.17410576  2.23996544  3.57021427
   1.78614593  2.43388033  1.85118425  1.67661548  3.27574348  2.18901086
   1.19634604  1.18116248  1.9118228   1.11596465  3.37241411  1.93309617
   0.77895159  3.74275041  1.31461287  0.83633018  4.15601873  0.74817193
   0.84098148  4.29254818  1.82441521  1.82879937  0.75007802  3.99495482
   1.31197846  0.69690126  2.57376313  3.77021384  2.24097061  4.20437336
   4.05690002  0.23595592  2.5903964   1.94952548  3.92336845  1.71404803
   2.90111756  1.53468537  1.3360877   1.2000351   3.31613684  3.1898694
   2.19002986  2.16056752  3.13442492  2.31142282  1.68758667  0.67151189
   2.04782701  0.93149799  1.32128668  1.21636689  1.62818587  1.52051759
   0.8937121   2.51130891  1.67303455  1.21607721  1.05958295  4.65187788
   1.37699783  1.33243191  1.2784946   2.7619524   1.30910301  1.33362591
   2.02774906  1.87927485  3.19231558  1.30110872  1.76719666  1.37709367
   0.92479146  3.57191968  2.58680105  2.02559805  1.83539867  1.54589355
   1.87671268  0.48936054  0.98400342  0.66676199  3.2857182   1.00809836
   2.64028454  2.57509494  0.62854218  3.11918354  2.50837398  3.08007526
   1.4171524   0.91701055  0.84987932  2.69862962  1.63120329  1.72269106
   1.96951735  3.203511    1.22968841  3.5227983   1.00580418  3.15759945
   1.2957356   3.01567173  3.07904935  2.14468718  3.38761711  4.38682461
   1.00725269  3.81457853  1.12126625  1.57750511  3.0441184   1.12257779
   2.6714325   0.39365774  1.21590662  1.483284    1.57407618  3.05179858
   2.73722672  1.71934164  1.38108611  4.45110798  2.22220755  2.59735823
   0.837363    1.3123529   0.62498683  3.47029161  3.7049458   0.45041239
   0.97872388  1.51425171
