 1.93203831  2.5972991   0.84060109  3.50160527  1.8434751   1.04237533
   1.06908345  3.25887728  0.66608644  2.03029037  1.3456068   1.11296153
   3.39472604  1.65753663  1.13261867  2.14577103  4.45675993  0.63536096
   3.01845813  0.7548548   1.05318666  0.92816114  3.47951269  2.65222645
   1.77962959  0.70077717  3.48074555  2.79593873  2.0412519   3.68417549
   3.37131023  2.63758898  1.22773314  0.61852688  2.578547    2.98543787
   2.49741983  2.72179317  1.20795405  1.2267729   1.38823581  0.18026188
   0.04985404  1.06852138  0.80247957  1.31403089  0.89710128  1.12420869
   1.28389287  5.24443102  1.55672944  0.62058049  1.36084938  2.96387935
   1.16601217  1.57407868  1.36837292  1.64442003  1.37575734  2.10034585
   1.65101779  0.93109345  1.05265021  1.08093178  0.87210637  0.69415903
   0.95250171  1.73056293  0.94312263  2.51195693  3.05804753  3.95663023
   0.46599621  3.24322867  1.99258542  1.89681888  1.86356473  1.96104383
   2.3065536   0.62506247  1.71304774  1.00299513  1.41604781  0.92475015
   3.00557232  2.54208946  0.49657777  3.80504727  1.55302751  2.06396246
   4.47216129  2.35578203  0.90849388  0.84529179  3.30957484  2.88576531
   0.4944782   1.49205446  2.48253274  0.98007321  4.46081734  1.07802904
   1.28318477  1.994946    2.29421592  1.97557545  0.7471869   3.11331272
   2.62958503  0.97994286  3.30731726  1.96029615  2.3585031   1.11382079
   3.71176958  0.47171465  2.66967702  2.58147192  1.07131827  1.16070592
   2.91936731  3.08694935  4.09871626  0.81026405  1.0233959   1.69961703
   3.43580818  3.93010402  1.90578449  0.80630344  0.44402555  3.50268793
   3.25676489  3.12907052  4.08411312  0.3144044   2.79420948  0.95384681
   2.53268218  2.85581326  1.96093225  3.05071545  3.96719575  3.88782692
   2.91869283  0.58829021  2.25758982  2.26014209  2.34101462  0.54025793
   1.52463841  2.64580441  2.06209993  0.73148245  1.59237218  1.54016531
   2.66997385  2.70784688  0.6545518   0.68301135  2.47534513  0.86364257
   1.14007258  1.15460205  2.91269231  0.99637812  1.42735422  1.18439376
   0.93730813  2.47221255  1.07897556  1.16564727  2.06525803  1.1695298
   2.45771861  1.86328638  1.84869695  3.17477679  3.52219629  0.70774823
   2.39274001  2.19036412  2.89498639  3.08345795  2.9898212   2.89905667
   1.98323202  2.94896936  0.96906012  1.25779021  3.01311827  3.10506082
   1.14147067  1.65327454  2.74010277  1.72403979  1.70193684  4.73625946
   0.65637559  4.23134327  1.17086005  0.97983682  0.41794431  2.72369075
   1.30522335  3.91015387  0.5160352   1.6243118   1.52990067  0.68836612
   1.95986199  3.37789297  1.20650935  2.0247333   2.51112604  0.87731391
   3.08278394  0.94250751  0.81357801  2.66304779  1.18723476  1.3056767
   1.5912962   1.66073692  1.5852946   1.76551723  1.22253072  2.68552327
   3.23592091  1.71300292  1.21044099  0.72678781  2.79104137  2.71438408
   1.96841753  0.83037037  3.89482594  1.12260044  1.44128096  1.13123357
   2.15558434  1.29865456  1.14933205  2.69552922  2.03443146  0.85128301
   1.91710699  0.68408823  2.14013314  0.68433505  1.01607943  3.69223166
   1.18071425  2.80146575  1.19501317  1.03663576  7.2051158   2.39161253
   3.2442472   5.01358509  1.82219744  3.26273012  1.50626814  1.91925526
   0.82431149  1.72658134  3.34051681  0.87485796  1.0577755   2.4735713
   1.55230939  3.57813811  3.0251615   1.16458094  1.33206344  2.03216219
   2.33267927  3.49674869  0.33262405  2.62088895  1.81345546  0.69409543
   3.37591982  0.90126425  2.32054448  2.95663524  3.08398366  0.72053283
   2.71722722  2.64116454  2.18624449  2.24520731  1.33514512  1.04494798
   0.41969153  6.47476578  3.33558488  2.62197852  1.16039729  1.77155447
   1.24309909  1.77739739  1.37395573  1.22083175  2.27640891  1.3656081
   1.29561651  0.98233581  2.92984319  2.14596868  3.43115187  2.5913825
   1.48378325  1.29482603  1.33611858  1.40979946  3.38535261  2.73268628
   2.17707777  3.35950184  1.74723995  0.65587944  1.47387052  3.0579915
   0.77117735  3.15364218  0.43492958  0.7831859   2.1705029   1.38351619
   2.22754955  1.36019599  1.71654129  1.3968178   2.03449583  3.30203271
   0.80569881  4.07939005  0.92709321  2.400635    1.17951846  2.06838584
   3.85589004  2.97558498  1.27757192  0.45681909  3.9104054   1.89236283
   2.43903875  3.165308    0.55450189  4.46981144  1.53463352  1.73087275
   2.56671286  4.3545742   1.66084909  3.12399435  2.02906799  2.71732092
   2.56316471  2.13074565  0.79808682  0.89582753  1.52802455  1.72900569
   2.51486039  1.61335564  1.05818594  3.23123431  2.98646593  1.61269641
   0.81893063  1.85099256  0.68016672  1.22141278  2.94957042  3.82412386
   2.99289536  2.31544805  2.09475565  1.52725697  3.71884513  3.93457317
   0.83168972  1.20001197  1.63561368  1.11943817  2.85770059  1.51896286
   1.00080335  2.92683125  1.19961071  0.90562183  3.91285849  1.03546667
   0.45425597  4.13967705  1.20489144  1.71946597  1.74968123  4.84659672
   1.19271636  0.95444566  1.65767169  3.87828159  2.55270982  3.98741913
   4.22697401  0.80838901  1.74472809  1.90951741  4.18658829  2.70501089
   2.53934693  1.36450589  1.28232682  1.24303448  3.56318283  3.79567122
   1.82560611  2.29723573  3.55471587  2.57494664  1.50827742  0.89683342
   1.50238955  1.31955206  1.52402151  1.16316915  1.72603726  1.00597417
   1.47924447  2.90011573  1.4535079   1.45679545  1.43192255  2.92895842
   1.06139171  1.57726705  2.01059008  2.45237851  1.58675301  1.21653605
   2.429317    1.99888527  2.7971735   1.39424729  1.49497461  1.56008184
   0.85518163  2.01666999  2.51405215  1.78530121  1.59217882  1.05364478
   2.45552754  0.18787226  1.20309627  0.91675144  2.85003686  0.98106402
   2.55054092  2.67119813  0.99007457  3.17397213  1.19683802  2.12873793
   1.05289018  0.77295482  1.32552588  2.92997766  1.63940346  1.5693078
   1.5584451   2.95022893  1.19362307  3.27111459  1.02553642  3.12027669
   1.56270814  2.54660797  3.48699951  1.90353703  3.62885785  4.8740015
   2.14508915  3.0660131   1.64996088  0.75789785  3.57508445  1.82656109
   3.04066515  1.97437084  1.26956511  1.69436669  2.5373373   2.4230485
   2.20794177  1.54533565  1.30321383  4.03565454  2.31912279  2.16128159
   1.34402788  1.25791013  0.77942449  3.07382298  3.9833684   0.33023405
   0.76382494  0.51348853
