  1.69909072e+00   2.65527558e+00   9.04780686e-01   3.47204041e+00
    1.16152084e+00   1.58383584e+00   1.08449471e+00   2.72461557e+00
    7.75351405e-01   1.50212908e+00   1.26634216e+00   1.14335489e+00
    2.60856414e+00   5.38483143e-01   2.90196925e-01   2.28783488e+00
    3.24832606e+00   7.00575113e-01   9.19269800e-01   8.42462838e-01
    1.06340790e+00   1.07185566e+00   2.14482975e+00   1.81898618e+00
    2.19694710e+00   6.39915586e-01   4.06979322e+00   2.48478103e+00
    1.45990956e+00   3.32292581e+00   3.05840898e+00   1.07622004e+00
    1.62464595e+00   7.83383787e-01   3.03945971e+00   2.99326754e+00
    6.70856416e-01   2.39281964e+00   1.08204925e+00   1.81495917e+00
    1.44581604e+00   6.89826846e-01  -4.83873021e-03   9.62196708e-01
    7.98019707e-01   2.11254978e+00   7.76308835e-01   1.08918417e+00
    1.29984736e+00   3.96396089e+00   1.74539471e+00   7.31570721e-01
    1.58715928e+00   2.00928020e+00   1.45172834e+00   2.02052832e+00
    1.08374798e+00   1.05215669e+00   2.11025763e+00   1.80652952e+00
    1.20123267e+00   8.01697016e-01   1.15973222e+00   1.60325301e+00
    1.49630499e+00   6.82485819e-01   1.08937657e+00   1.04492724e+00
    8.16313624e-01   2.36209393e+00   2.28445387e+00   3.16661072e+00
    1.29723346e+00   2.47817779e+00   2.14101648e+00   1.71502519e+00
    1.40319693e+00   1.30477130e+00   2.67699742e+00   1.66528177e+00
    1.46417427e+00   1.32867944e+00   1.54980063e+00   8.03772867e-01
    2.53031468e+00   1.84737217e+00   4.39779609e-01   3.08815575e+00
    1.60402560e+00   7.74393916e-01   3.24268317e+00   1.83048177e+00
    5.54832041e-01   9.32588875e-01   3.08034253e+00   2.76576042e+00
    8.12428653e-01   1.75130558e+00   2.39443111e+00   8.58557999e-01
    3.96074724e+00   1.13784587e+00   1.29316723e+00   2.02387571e+00
    1.92203271e+00   1.37056386e+00   1.06511378e+00   1.45366848e+00
    2.10567832e+00   1.40182877e+00   3.06389260e+00   2.20825148e+00
    2.54092741e+00   1.51959491e+00   3.66530681e+00   4.74651068e-01
    3.01391101e+00   1.92903638e+00   1.17371142e+00   1.48416138e+00
    3.37045383e+00   3.25515366e+00   3.09144735e+00   6.08494461e-01
    8.65504205e-01   9.22213793e-01   3.52152514e+00   3.18350482e+00
    1.73377645e+00   8.12255561e-01   3.63433391e-01   3.34175301e+00
    2.61063814e+00   3.13173747e+00   3.61989260e+00   1.62318957e+00
    1.35295308e+00   4.01175380e-01   2.55497336e+00   2.43548346e+00
    1.83888197e+00   3.57010555e+00   3.39799857e+00   3.27217078e+00
    2.49380445e+00   6.40898049e-01   1.42640579e+00   2.79951453e+00
    2.43274736e+00  -1.67609211e-02   1.19409084e+00   2.48254108e+00
    1.11942530e+00   1.00325823e+00   3.30761373e-01   1.56860888e+00
    2.43863797e+00   1.79349101e+00   8.22086990e-01   7.59137511e-01
    2.19969320e+00   1.18561792e+00   7.28244245e-01   1.14377630e+00
    2.78004837e+00   3.86717945e-01   1.45106149e+00   6.85621858e-01
    1.26008797e+00   2.29057407e+00   1.11680794e+00   6.25011146e-01
    1.02944100e+00   1.35806119e+00   1.58960760e+00   2.08535051e+00
    1.90635562e+00   3.00785160e+00   3.31346440e+00   4.37334776e-01
    2.45862460e+00   2.31075263e+00   2.77857542e+00   2.73250842e+00
    2.93270135e+00   2.82841229e+00   2.05326319e+00   3.66600871e+00
    8.28235924e-01   1.22370291e+00   2.16746497e+00   1.24411285e+00
    1.44782209e+00   1.77609789e+00   2.06519032e+00   1.32825506e+00
    1.68132925e+00   2.65338755e+00   6.64444149e-01   3.64253855e+00
    1.26700163e+00   8.88995886e-01   7.09411919e-01   2.22432613e+00
    1.33517838e+00   2.17548156e+00   1.09603930e+00   1.02450025e+00
    2.33011365e+00   3.65024656e-01   2.11994815e+00   2.96063638e+00
    1.14763594e+00   1.07610655e+00   2.27008939e+00   9.59618330e-01
    2.77051067e+00   9.19573545e-01   7.56696224e-01   1.93222666e+00
    1.12821853e+00   1.16446960e+00   1.23367202e+00   1.98146510e+00
    1.71502280e+00   7.69033611e-01   1.29531598e+00   2.63234496e+00
    2.77044082e+00   7.58745670e-01   6.24589324e-01   6.16407216e-01
    2.50104213e+00   1.58028507e+00   2.37403631e+00   1.69975674e+00
    3.30943227e+00   1.35261524e+00   1.58782232e+00   1.17233193e+00
    9.15498257e-01   1.37485743e+00   1.64083040e+00   2.07464838e+00
    1.90034938e+00   8.99060428e-01   2.51692128e+00   1.30705750e+00
    1.89115202e+00   5.64631522e-01   4.82803643e-01   3.03919315e+00
    4.95243400e-01   2.89999819e+00   1.49386251e+00   1.73066747e+00
    5.36563921e+00   3.08657408e+00   2.39125037e+00   4.07761383e+00
    1.67574060e+00   2.90572596e+00   1.65916169e+00   2.78586340e+00
    8.45820606e-01   2.96473503e+00   2.63498974e+00   1.16710198e+00
    1.01255500e+00   1.98914003e+00   1.85840428e+00   3.42978859e+00
    2.65759587e+00   8.92024338e-01   6.92127168e-01   2.21403027e+00
    1.07980561e+00   2.03469419e+00   2.25687966e-01   2.17458177e+00
    1.17376971e+00   8.92082930e-01   3.08648419e+00   6.18692935e-01
    2.42933631e+00   2.54520559e+00   3.26527238e+00   7.17572272e-01
    2.90758061e+00   1.70145869e+00   2.22998667e+00   1.83632278e+00
    1.26668584e+00   1.63897884e+00   4.87862408e-01   3.90382433e+00
    3.12263012e+00   2.19844627e+00   1.07525587e+00   1.06283593e+00
    8.69818091e-01   1.52829897e+00   9.44892883e-01   1.27853930e+00
    1.66442442e+00   1.41605675e+00   1.38273811e+00   1.17936230e+00
    2.23115063e+00   1.10875952e+00   3.12932420e+00   2.30501437e+00
    1.17919672e+00   1.48981237e+00   1.26559508e+00   1.56658697e+00
    2.41796112e+00   1.75415730e+00   2.56251979e+00   3.36148643e+00
    5.09885907e-01   6.89380109e-01   8.91713679e-01   2.47458434e+00
    6.49634898e-01   1.80748165e+00   4.25840646e-01   7.92520881e-01
    1.69559050e+00   1.28715241e+00   1.94875157e+00   1.75841463e+00
    1.73474073e+00   1.71965551e+00   2.03810000e+00   2.59677148e+00
    9.33391213e-01   3.16893649e+00   8.72078896e-01   2.88193583e+00
    1.17386532e+00   1.52822983e+00   3.56056428e+00   2.11380124e+00
    9.79203343e-01   6.17237568e-01   3.99106431e+00   1.25227821e+00
    1.96604776e+00   2.96729851e+00   6.09516203e-01   4.01498318e+00
    1.90815187e+00   1.28920019e+00   2.27300119e+00   3.99418974e+00
    1.24631882e+00   3.06002951e+00   1.82300377e+00   2.40898371e+00
    2.94603205e+00   2.00224566e+00   8.09013724e-01   4.38404948e-01
    8.47804010e-01   1.24352968e+00   2.37405562e+00   1.50061285e+00
    1.70068514e+00   2.94626808e+00   3.07098484e+00   1.57912433e+00
    7.42330432e-01   4.01269019e-01   6.08730793e-01   1.27662289e+00
    2.41463089e+00   3.89552307e+00   1.02277422e+00   1.64217496e+00
    1.84752560e+00   1.48742187e+00   2.72899938e+00   2.20206594e+00
    9.72618997e-01   1.44805551e+00   1.78025138e+00   1.09640896e+00
    2.84487987e+00   5.82426906e-01   1.68298304e+00   2.13178349e+00
    9.62502837e-01   9.75278974e-01   3.61795616e+00   1.20001483e+00
    6.99930608e-01   3.48656082e+00   1.17912781e+00   1.59963870e+00
    5.80745578e-01   6.56823349e+00   1.10220921e+00   8.89199257e-01
    1.56988239e+00   3.19363475e+00   2.03399062e+00   3.73952198e+00
    3.12931371e+00   8.63937080e-01   1.46057475e+00   1.49769890e+00
    4.00088596e+00   2.04134464e+00   2.40467906e+00   1.72122300e+00
    1.79534376e+00   1.44186306e+00   3.44188118e+00   1.51729345e+00
    1.86628640e+00   2.26331139e+00   2.47647262e+00   1.87598896e+00
    1.29440629e+00   9.99907553e-01   1.93815589e+00   2.01238680e+00
    1.07096636e+00   8.85010481e-01   1.01769483e+00   1.18388748e+00
    1.68399346e+00   2.35838771e+00   1.11276400e+00   1.58012390e+00
    1.28997386e+00   3.88530397e+00   8.85341585e-01   1.20469403e+00
    1.70480049e+00   2.67627573e+00   9.82630670e-01   1.15533090e+00
    2.68167067e+00   1.80244255e+00   2.48802209e+00   1.29117513e+00
    1.69054127e+00   1.31160533e+00   1.87063313e+00   2.67849755e+00
    2.82131195e+00   1.16902983e+00   1.84958780e+00   6.95963144e-01
    1.86590111e+00   4.55803841e-01   1.36668050e+00   7.96968520e-01
    2.59001589e+00   1.00882196e+00   2.73255873e+00   2.59596515e+00
    1.33822811e+00   3.48284268e+00   1.62033892e+00   2.56299949e+00
    7.29108751e-01   9.39526141e-01   8.45589459e-01   1.90327835e+00
    1.00598598e+00   1.66327405e+00   1.08138061e+00   2.89036179e+00
    2.01186013e+00   2.93794894e+00   1.02668881e+00   2.95580316e+00
    5.32788038e-01   2.62377572e+00   3.47104073e+00   1.34422576e+00
    3.44670820e+00   4.67211866e+00   2.47004414e+00   3.16913795e+00
    1.29111421e+00   1.31261432e+00   3.78949428e+00   6.61737263e-01
    4.27206135e+00   8.73540938e-01   1.04265988e+00   1.64133775e+00
    1.87854254e+00   1.82999742e+00   1.99348927e+00   9.35185969e-01
    1.37989223e+00   3.94680619e+00   3.44021392e+00   1.79368389e+00
    2.43650365e+00   1.16309154e+00   9.28164124e-01   2.49891710e+00
    3.66709590e+00   6.03374064e-01   8.61125708e-01   1.87954831e+00
