 1.71938741  2.56427026  1.12304866  3.55929756  1.4719907   2.01228952
   1.54959941  3.13682795  0.73607081  1.71201658  1.09918118  1.64014041
   2.88530779  1.26672256  0.28369269  2.08580494  4.24459934  0.67342484
   1.52161789  0.85474038  1.84664166  1.13636327  1.80560255  2.98320031
   1.69315469  0.67298025  5.43369484  4.17335701  1.14003241  2.72521758
   3.32976818  0.93152976  0.97730887  0.98452634  3.30466771  2.06643701
   1.15146255  1.09557247  2.06475639  2.12443328  1.36814058  1.84306622
   0.48536918  0.94712597  0.81406528  1.4545213   0.5409075   1.11432552
   1.90791273  4.52966976  1.73139417  1.09270656  1.16506839  1.81080949
   1.19917369  1.67035758  0.59184766  1.57959056  2.17959642  1.88314116
   1.6592114   0.8944658   1.82540023  1.90259528  1.32196188  0.6490981
   1.04822159  1.13430691  0.92383599  1.97609377  3.13927078  5.12115097
   0.96490359  3.4840889   3.53111649  1.51766598  2.62750268  1.78261101
   3.26930165  0.594576    1.98810244  1.10854435  1.50892246  0.57654816
   3.15888453  1.89085364  0.52673566  3.66728616  1.55637264  3.18226099
   1.96035564  3.09380126  0.94433975  0.66035426  2.94182396  3.14205956
   0.58857191  2.0947485   2.03131294  0.81267452  4.27628183  1.12738895
   1.40933454  2.01354027  2.68350434  1.85730565  1.018291    1.47215831
   3.40944076  1.90949023  3.19555593  2.26676941  2.33816576  1.18292344
   3.97973228  0.50282031  3.01872659  1.58565748  0.99372703  1.94370973
   3.37288308  4.35142422  3.39494109  0.72597176  0.98890281  1.68714607
   3.68770432  3.3042233   1.34883821  0.8167004   0.60524768  3.58517909
   2.63314033  2.89777517  3.80640125  2.70316887  0.7309081   1.00276911
   3.26774263  1.17880023  1.77725422  4.5335598   2.60867858  3.4197762
   2.60212922  0.85226363  2.03509641  2.86875916  1.90831304  0.47754714
   1.21194875  2.83733296  1.06299162  1.02140474  0.7336145   1.31408823
   2.28755498  1.60452259  0.6147995   1.23502505  2.7752583   1.44210362
   0.80245656  1.34368968  1.53407991  0.89639336  1.41320813  1.21139395
   1.31941223  2.22770905  1.20409882  0.65614754  1.23299813  1.50606024
   2.19546342  1.85205603  1.9301548   3.02743006  3.34750676  0.27398005
   2.23874807  3.09547758  2.40291667  2.92357135  2.7869854   2.77465677
   1.39607227  4.77438402  0.98989493  1.20491564  2.20188284  1.51083016
   0.78755093  1.57502139  2.38387728  1.59829855  0.46357572  2.06075168
   0.66299063  3.63011432  1.20492399  1.79288721  0.36870927  2.81720257
   0.64793611  2.21662688  1.59425807  1.13393879  3.12616158  0.46976492
   3.02074099  3.29966259  1.23647976  2.13048887  2.31998348  0.87956709
   3.2257936   0.89462692  0.367603    2.63326693  1.80501986  1.04706264
   0.98071295  2.67301702  1.32723129  0.89929104  1.3293457   2.56769466
   2.86427116  0.53820431  1.61746299  0.39468375  2.70667052  1.89765334
   2.11709499  1.41888058  4.58402491  1.12855554  1.13062751  1.23009789
   1.45361495  1.18908608  1.52530742  2.53668618  1.61720204  0.96000594
   2.81243992  2.49372506  3.19409132  2.71931672  2.14513612  4.43101025
   1.76866198  1.92612123  1.20393074  1.36978662  7.16785145  2.37604904
   2.56564331  3.72238731  3.31217217  3.47062612  1.57092142  2.64996481
   0.8357302   2.64703369  2.88804221  1.3767029   1.44335234  1.36088896
   1.16407216  3.09539509  2.65290093  0.7941516   0.77914828  2.14067626
   1.57455099  1.27268887  0.27741921  2.59172201  2.08314633  0.89921337
   3.32450986  0.9679448   2.29201531  2.94534397  3.22171354  0.88284254
   3.97197318  2.84677505  1.52743411  2.52306223  0.91056794  0.79751736
   0.66021508  4.69509935  3.34436345  2.29314423  0.41565719  1.19940162
   0.98329633  1.77622449  0.76503497  1.1090467   3.28370857  1.55131018
   1.53206348  0.92676955  2.79406381  0.64881831  1.30016565  2.82286859
   0.81707132  1.38814723  1.19853747  1.68401051  1.90781736  1.57412159
   3.12039518  3.32971478  1.35360646  0.75395787  1.20534992  2.18165636
   0.71925163  1.54043198  0.3730275   0.91535741  0.98944831  1.35594809
   2.00297904  2.52304292  2.99388003  1.52447188  2.05381632  2.99884033
   0.87766951  2.98538017  1.10942757  3.56067204  1.23586845  2.00594902
   4.21144485  3.29806519  1.40311277  0.49798349  4.19449043  3.00563598
   1.90749395  2.68688917  0.92459393  3.56848288  1.43702805  1.24520838
   2.94648004  2.98727179  1.89153409  3.75107288  2.26319385  2.45246673
   3.66327238  2.11588883  0.68438977  1.08602333  2.41713572  1.03570712
   2.37142205  1.61539376  2.00104833  3.09726906  2.89354897  1.54697311
   0.67628545  1.14809239  0.58519495  1.28209293  2.95285201  3.74869108
   1.41100788  2.34902644  2.52535081  1.70927048  3.79277754  2.95338726
   1.01851535  1.39889908  2.2923882   1.09011924  2.92554212  0.94261718
   1.83468616  2.94402385  1.22836876  0.87300164  3.88954306  1.38120615
   1.03399801  3.69791794  1.26975691  1.87394834  0.78860676  5.52473879
   1.4988296   1.0550971   1.41523635  3.25463796  2.51511955  3.40765882
   3.05897021  0.74726385  2.00527883  1.58097708  4.1707983   2.96927738
   2.66807461  1.11495697  1.270432    1.19878864  3.27377796  1.14014363
   2.53939009  2.27129149  2.54016829  2.14213514  1.45541298  0.76858711
   1.49574256  1.73193777  1.4286592   0.98472893  0.81873912  0.82718492
   1.9531579   2.41645527  1.6796875   1.98162854  1.46303821  6.63736391
   0.74922776  1.33211005  1.53173149  3.25746083  2.32621217  1.69957888
   2.7968657   2.40987158  1.97589695  1.02358091  2.09348083  1.85614133
   2.00114226  1.85946846  3.39597344  1.1693095   1.63847113  1.9366554
   2.51625896  0.26715982  1.30302     1.59292674  2.90113115  1.02625668
   2.73028421  2.14760518  1.44403434  2.71013093  1.92886221  3.41352391
   1.42424512  1.23120093  0.95277905  2.05856967  1.10864711  2.20349026
   1.0616008   3.60000157  3.33426905  3.80982494  1.03433955  2.82293415
   0.42758802  1.90313947  3.2657001   1.72675443  3.61738515  5.30844593
   1.11453247  2.02585912  1.326998    1.50382435  3.40229774  0.69815689
   3.73858476  0.85386652  1.15980065  1.52317572  1.99541306  2.23696589
   1.8241967   1.00588846  1.55831885  3.86043334  2.72178602  1.36312902
   1.89416099  1.30332255  1.08523107  3.03161931  4.28364944  0.45012042
   0.6837486   3.84378862
