 2.47105217  2.36193538  1.12077701  2.81606984  1.65422547  1.5746063
   1.83808267  2.57890105  0.79632938  1.52213752  2.79496169  2.21075439
   2.64612913  0.33284691  1.82607734  2.028332    2.75386691  0.64103836
   2.91804266  0.80120718  1.69432497  0.98203051  1.99359071  2.91618323
   1.79095781  0.88745141  5.06850386  3.38489079  1.86525416  3.16582179
   2.49492478  0.88107693  1.69712353  0.87689281  3.46682978  2.19626069
   1.41392493  2.46644068  1.1395601   1.31518543  1.66940761  1.58069396
   0.77462143  0.82934189  0.80014855  1.42511296  2.43867421  1.15877056
   0.75086296  4.84554815  1.20728278  1.65584719  0.8344295   2.7938211
   0.9527303   2.38803482  0.50842708  1.0754025   1.57109427  1.59534323
   2.00809813  1.33493125  1.67582953  1.38868272  0.70809215  0.60184044
   0.98381394  1.01270115  0.82155633  1.35298264  2.81477618  4.77533817
   1.86473203  4.07332993  3.05260277  1.21179318  2.39911866  2.08576608
   2.96128607  0.98506999  1.24622846  0.99701232  1.55282164  0.51545656
   2.27048945  1.99041438  0.63950938  3.71366787  1.63516033  2.98952603
   2.18682408  1.98335302  0.88593835  1.18515933  3.17988205  2.79984069
   1.18307066  2.32062173  1.69773781  0.97089046  3.98540854  1.19862568
   1.57584941  1.43821359  4.32156229  2.04352951  0.92073345  1.034554
   1.70247614  1.91938448  2.92323112  2.07685256  2.88707709  1.10542095
   3.50284672  0.49290779  2.89543605  1.26438761  2.32203817  1.90080273
   2.32454681  3.59611249  3.07036424  1.33632064  0.91906345  1.16673172
   3.32308531  1.89479005  2.32890201  0.78652215  0.48728868  4.58700895
   2.29973984  2.43078017  3.31938338  1.47921205  1.84511769  0.81615973
   2.73723149  2.94789982  1.55879867  2.80667353  2.19149232  2.23034763
   1.91158903  0.94500798  1.95320606  1.95534849  3.04370284  0.79999244
   0.80273581  2.31731677  1.1792047   0.97778434  0.67405593  1.59339547
   2.30426145  1.97116935  0.78406096  1.41671014  2.68378973  0.86598408
   0.97231376  1.46142554  2.71849608  0.83579427  1.53970575  1.50848436
   2.45497227  2.1763463   1.10946643  1.15672219  1.43472564  1.77364814
   1.98147881  1.21743977  2.00776362  2.59192681  3.34378481  1.33394659
   2.10682344  2.12211394  1.77857709  2.60673571  2.77997017  2.30122542
   1.2045846   4.48445988  0.85327274  1.09849155  1.8216114   3.42005396
   2.40006161  1.92110014  4.43291378  1.55996811  0.7716229   1.74875724
   1.038311    3.09859776  1.2986927   0.85695153  1.05771089  2.47008228
   0.97834879  2.73055696  1.69632566  1.18207204  2.88359332  0.62704396
   1.73886526  2.24399328  0.8394624   2.11857438  2.53713107  0.94376302
   2.16410685  0.89495903  1.0811528   1.90392876  1.05670989  1.79681098
   1.16969633  2.15426922  1.97066033  1.40670931  1.82555294  1.86039293
   2.39409399  0.96324307  1.82293916  0.46459389  2.37985015  2.28190207
   2.21525621  0.79647648  3.21853495  1.29997587  1.00012839  1.61926603
   1.98774886  1.121454    1.41386819  2.67285204  1.94425428  1.00158954
   1.22946084  1.39355159  3.02145863  1.12348068  1.58263218  4.35770607
   1.48209965  1.66501033  1.35177183  1.92618477  7.74912119  2.43884659
   3.21514273  3.14773822  1.67767489  2.76085591  1.67574215  2.81137156
   0.77118635  0.92179352  2.77109432  1.49666655  1.69294274  0.84311724
   0.68293214  3.08880234  1.96315014  1.05445886  0.49402466  2.17866373
   1.48721516  1.26870382  0.44689324  2.6761632   1.40510297  1.80010307
   3.61918068  0.64178437  2.21114612  2.8121748   2.90354538  1.2230525
   2.43589306  3.61181545  2.71056414  2.59176493  1.27101362  0.08745912
   0.71188343  5.82913589  3.07737327  2.00861311  0.97628224  1.75207126
   0.50277621  1.72399426  1.6729424   1.17569041  2.1385138   1.59510195
   0.9356764   0.81293792  2.46735501  2.88906026  2.49843645  2.29470491
   1.84181416  1.2636385   1.41319609  1.73222327  1.09823012  2.57107306
   2.72678852  2.3460474   2.73787832  0.7323246   1.73751116  3.40711808
   1.0014497   2.83534598  0.44094762  0.78166765  2.11126614  1.51125979
   1.49252748  2.57228446  3.00913596  1.48866701  0.91830057  3.16606092
   0.90480292  3.34816766  1.20424843  2.25085282  1.02912211  2.27321672
   3.54121757  2.8710041   1.03689861  0.42238665  3.93930483  3.19477034
   1.86007917  2.62786818  0.41908494  5.95677567  1.72107267  1.53962636
   3.42421412  3.35498452  1.42001081  3.6910975   2.75300074  2.71961403
   2.53993917  2.16793561  1.11449361  1.75148153  1.52005064  0.65455395
   2.33684731  1.61527348  2.07198048  2.86278963  3.14633989  2.1611135
   1.17571259  0.96603847  0.82723689  1.4837929   3.00479722  3.0019834
   1.43800759  3.03578424  2.92809534  1.49475491  3.73503709  3.26775861
   0.98367745  1.08454621  2.2620976   1.05301356  2.56825089  1.94315314
   1.6507163   2.68094206  2.11882615  0.65710324  3.61289001  1.00003362
   0.92349982  2.21646452  2.11241317  1.56658566  2.45246363  5.67310619
   1.55449438  1.0112766   2.13068676  3.31109262  2.38370323  3.21339488
   2.223634    2.29453588  1.85553265  1.33417916  3.58709335  2.02713394
   2.22095537  1.27717841  1.56053448  1.3637569   2.18950677  2.15556383
   3.37140536  2.11180687  2.68135476  1.80667913  1.89374852  1.02669501
   1.30577159  1.13078606  1.25672793  0.56170696  0.94749761  0.94856018
   1.51371872  2.083915    0.94660962  1.89360654  1.67213619  8.23765469
   1.07508504  1.23587406  1.91688251  2.54807782  1.5174644   1.86208606
   2.78827     2.0818882   2.75523186  1.11572444  2.64272046  1.77536094
   2.74707103  2.9858222   2.76267362  1.40529025  2.12940478  1.07236874
   2.51178789  0.38328713  0.92668235  0.74385345  2.23297215  0.89824492
   2.35829711  2.31946301  1.07294405  3.61105037  1.64189601  3.05539107
   0.8906188   0.33943     1.05132043  2.34505224  1.76163471  1.13079977
   1.43075597  2.69713473  2.70717216  5.08881426  1.09806013  2.99538922
   1.18341351  2.49143147  3.23850513  1.8205514   4.12027645  3.66843653
   1.38049006  4.03000546  1.24539912  1.95454478  3.33396602  0.84291375
   3.68731236  3.27540326  1.49236143  1.60976028  3.45045996  2.03367257
   1.58592844  1.26470494  1.85620451  3.19393277  1.87562811  1.70807004
   1.51353753  1.21617472  0.27782759  2.39512134  3.12783861  0.42948791
   0.68102235  3.61530137
