 3.56017113  2.45532823  0.96415538  2.46495485  1.66054547  0.94710571
   2.28249574  2.80391693  1.35338688  2.2282517   1.39029372  1.14661741
   2.72871184  1.18916678  1.10555327  1.66191554  2.21663117  0.69818747
   1.65621889  0.99513811  1.68407595  0.98879433  2.78517079  1.68930233
   1.32745612  0.98107797  4.21026993  3.15105653  0.74276197  4.16141653
   2.53953171  2.95190096  0.49919623  1.16792691  2.59678292  2.90546894
   1.98700643  2.55054188  1.87356269  1.92140317  1.28758168  1.36131179
   0.50773466  1.02184165  0.79258865  1.62404871  0.68433702  1.1591289
   1.15751052  4.92998219  1.34078121  0.88528359  2.56850696  3.00100684
   1.01510084  2.32979321  0.66720092  1.95484853  2.48267269  2.26773572
   1.94484603  0.22583756  1.54473245  1.5520525   1.12358427  0.53452814
   1.03907275  1.20170319  0.94474226  1.7736398   2.72139788  3.53616834
   0.67821866  3.11276865  2.28081632  2.40030646  1.4809159   1.1244998
   2.64085221  0.67039013  2.43517971  1.077582    1.44017065  1.11043203
   2.26760006  2.5257175   0.76918304  3.31411195  1.51036537  2.16859984
   1.72987771  1.63275158  0.95068067  0.64956051  2.20850396  2.14147663
   1.07211983  2.37851858  2.03124475  1.23635364  3.98684978  1.14402485
   1.54697371  2.17009664  1.82786798  1.44755685  0.95653594  1.17307889
   3.01943541  0.93873918  2.95877814  1.41470361  1.57586622  1.12514508
   3.85075831  0.53266066  2.10255837  1.10961211  1.13587594  2.45534825
   2.83459997  3.54854894  3.13519001  0.55438268  0.67171395  0.79974455
   2.95565605  2.07459688  1.67097008  0.84292114  0.51171166  3.91651344
   2.19216275  1.92312777  3.35820746  0.24582724  1.41441453  0.0926646
   2.46519208  3.31916142  1.64062309  2.64657211  3.63846946  2.7221446
   2.35501003  0.81089324  1.49226296  1.87867308  1.80156732 -0.01051723
   0.84476691  2.17529202  2.11418772  0.96744812  1.1044805   1.64515603
   1.77518415  2.02588725  0.72267509  3.2442522   2.41217375  2.20753479
   0.55093133  1.71974766  2.53844476  1.7856065   1.18411493  1.72241127
   1.13065696  1.55866075  1.22457993  0.43069312  1.26905513  1.66394281
   1.81035125  2.26364207  1.87454844  2.36946058  3.16950417  0.48603359
   2.03805923  1.82164454  1.97374344  2.5600431   2.43808079  2.17521644
   1.13731134  4.1104331   0.62246782  1.13708258  1.91718376  2.01482534
   1.32374489  3.03622913  4.04752159  1.05584407  2.63718963  2.02706337
   0.6324861   2.5302515   1.42650282  0.71420395  0.2937676   2.57756853
   0.78587121  1.79220366  0.76669502  2.03406978  1.79093087  1.6950084
   1.58616006  3.4138031   0.98362362  0.99601042  2.68014503  1.26895356
   2.03481197  0.92393053  1.38720787  2.12951589  3.522017    2.16306281
   1.06167901  2.04829335  2.63967991  1.72615242  1.64656043  2.48103094
   2.37032795  1.06204593  1.32806826  0.39249888  2.05481005  2.82648563
   2.65508986  2.23490548  3.23425984  1.3060118   1.98532426  1.26283062
   1.77150202  1.18792307  1.17236948  1.25163114  1.72382104  1.15077722
   1.86531246  1.23645139  3.36416173  0.98164183  1.68414795  3.38571167
   1.23106492  0.76362723  1.75155246  1.22537959  7.97123671  2.12609243
   2.86003256  3.05144501  2.89142299  2.67557287  1.62479496  2.77120733
   0.74680531  2.44640613  2.37300038  0.78886414  1.28441906  1.2317971
   0.76694381  2.93168139  1.10821295  0.94408405  0.38856247  2.11085272
   2.88673663  2.07252789  0.60209823  2.1242187   1.75126088  1.95121205
   4.12155962  1.15357637  3.0639205   2.81022501  2.45480728  1.40395331
   2.4038105   2.28254867  1.09533596  1.40498269  0.75145406  0.34551999
   0.42847234  5.39133978  2.43848681  2.27251768  1.02278399  2.28859782
   0.75718814  1.70643425  1.31949806  1.22955549  2.88533092  1.61278427
   1.26115322  0.80904984  3.06237435  2.79457927  1.5330472   1.83798146
   1.54339576  1.29492497  1.31401563  2.29762125  3.61474061  1.66614354
   1.39124572  3.1646595   2.11929655  1.05769503  1.96932244  3.03662562
   0.63350272  2.93590689  0.53933114  0.92457277  1.03030515  2.10621428
   2.44985628  2.1702826   2.25834465  1.42806494  1.70778131  2.68677354
   1.49356544  2.70227242  2.18008566  2.27013612  1.52265012  2.49052954
   3.0688045   2.48268294  1.98068404  0.46972454  3.88929486  2.73190331
   2.63415146  2.63778424  1.27121937  4.38467407  1.14872754  1.85398173
   4.05741024  2.85406661  2.44222713  3.88166976  2.28246927  1.8945812
   2.54951549  1.71708739  1.2270087   1.57158065  0.90212363  0.54185545
   2.25264812  1.49721193  0.87611341  1.68299043  3.00419426  2.04927039
   0.78250289  1.85046923  0.66185164  1.54374528  3.15775776  2.86864829
   0.8163473   2.73450541  1.5500586   1.00457251  2.90204239  4.29222727
   0.9497394   1.24436176  2.29816771  1.08866012  2.04463053  0.30719605
   1.38181651  2.5038383   1.55607557  0.75399101  3.63643837  1.9135257
   1.40883493  2.23365331  1.26147866  2.31534123  0.55920744  5.74411917
   1.73159266  1.01007509  1.6369822   2.50134516  1.95230806  3.37208629
   2.89514589  1.53974938  1.71131945  2.0233283   3.97020102  1.52970314
   2.55320525  1.68018973  1.31334293  1.40508139  2.60776782  1.97029245
   3.07385087  2.24650478  3.55130911  1.83887887  1.41355336  0.9408145
   1.50449097  2.51357794  1.4735297   1.12231767  0.97990465  0.92966783
   1.46595395  2.0963769   1.10085762  2.16823053  1.49164701  5.54297924
   1.54136348  1.24632144  2.1833446   2.34044266  1.45405877  1.03583443
   2.57742405  2.2079668   1.8338598   1.09779263  1.64078844  1.709535
   1.8343904   4.12076044  2.38772678  1.18919528  0.97415197  1.44104338
   1.91349995  0.43948671  2.04648733  1.75960135  1.92020738  0.98486626
   2.81484056  1.98761809  0.88885665  3.16940451  1.91714966  2.04517508
   0.81664789  0.34346455  0.85892564  2.53236532  1.67078996  1.41874552
   1.98534644  2.94945621  2.76912379  3.63924694  0.89116824  2.69375563
   0.19855019  2.42641377  3.31567335  1.18433809  3.10664058  4.07318783
   2.63592696  2.25897646  1.44634032  0.81663513  3.80497074  1.77279472
   3.1120131   3.02490473  2.53513551  1.17704332  3.3628943   1.90059781
   2.24737096  1.19443452  1.46203995  3.68469262  2.09201455  1.68704474
   1.56878448  1.53257012  1.26752353  2.89299846  3.28034377  0.64460218
   0.84861773  2.03486347
