 1.55757225  3.34196782  0.87384129  2.65671349  1.60565364  1.8199873
   1.83854532  2.64298606  0.724922    1.24148464  1.16114128  1.03281295
   2.03254747  1.9438405   0.16745606  1.73672569  2.70650625  0.71053106
   1.24125206  0.81898522  1.45766914  0.93933553  2.06426883  2.10753965
   1.29952228  1.55693257  4.49963474  2.13567495  0.52516955  2.7170825
   2.30108857  1.61458993  0.91613168  1.47377467  2.76117301  2.43436837
   0.50704366  1.65342712  1.21943378  2.36447144  2.06867242  1.1174258
   0.59240103  0.93668789  0.81739455  1.37299514  1.01648974  1.1135844
   1.48217058  3.23066568  1.4593097   0.42888033  0.93329382  2.06721091
   1.2004807   2.06712222  0.56692964  1.14741266  0.96848619  1.57223749
   1.98729336  0.74080217  1.63656425  2.18368626  1.18874419  0.69491512
   1.0074476   0.92064017  1.46103203  1.78738701  1.93555689  4.20395803
   2.05544853  2.30813241  1.78406417  2.34326124  2.08137178  1.50948918
   1.92337251  0.3566753   1.93811011  1.10403204  1.33774412  0.58107901
   2.58615661  1.89734101  0.59414017  2.43758059  1.43229198  1.47512877
   1.82903981  1.58419633  0.90256071  0.73440385  2.94420934  2.53732586
   0.69864273  1.5356276   1.52840388  0.93814123  3.97311211  1.14089
   1.35174644  1.525702    2.20118785  1.04658079  0.92573071  1.79058146
   3.266222    0.93758136  3.27277565  1.71378565  1.67242014  1.31514883
   3.32187867  0.51006782  2.9671483   1.47946239  1.28415489  1.44138968
   2.41885352  4.22805595  2.28698158  0.61232013  0.76243281  0.72464246
   2.92014766  2.23011708  1.52899981  0.80590725  0.93459076  3.15117669
   2.25584078  2.18446159  2.80432701  1.15493226  0.85418892  0.41908333
   2.45440459  1.17111647  1.82098663  3.46653867  3.17180109  1.80459285
   1.94907677  0.75314134  1.70946181  3.33086133  0.77336788  0.79634076
   1.04941118  2.08537626  0.77064186  1.1024462   0.56200987  1.49687982
   1.9673152   1.90534067  0.77160805  1.78835738  2.83129454  1.38188899
   0.63142276  1.66939163  1.00458169  0.88372332  1.18258214  0.48303011
   1.14190936  1.7146976   1.33033419  0.89326859  1.37392008  1.31970859
   1.74407613  2.23565984  1.82442331  3.69564533  3.34105635  0.20376793
   1.98037004  1.51659989  1.57439172  2.49430966  2.35962129  2.10940504
   0.45453361  3.54080772  0.84646028  1.20757198  1.27243733  1.79500473
   1.08341074  1.81839597  2.37508154  0.65990192  0.53429604  1.93170381
   0.71631932  2.5057199   1.16517675  0.72964561  0.55565619  1.86169374
   1.37359738  1.17050016  1.09525967  1.07952058  2.51308632  0.80486608
   2.05219102  2.25031066  0.88392931  2.35871625  2.28061533  0.98863292
   1.94959462  0.98767632  1.78080106  2.12704349  2.32846689  2.20309591
   1.21863067  1.8720305   2.22982526  0.87856531  1.52138305  2.87137389
   2.32128215  0.58412504  1.533517    0.37995958  2.54552341  1.78497565
   1.3140043   2.36005139  3.42744684  1.17427027  0.8413617   1.09721315
   0.84748948  1.07198727  1.19033074  2.51756358  1.19997263  0.76368225
   1.10945511  0.79395372  2.49077368  1.28554356  0.70265698  3.13230848
   1.26733434  0.56968844  1.26087165  1.00829864  6.94254208  1.30067253
   2.0637579   3.72073174  2.9060905   2.55436897  1.56063056  2.4135232
   0.67465794  3.15227246  3.17340994  1.56358993  1.04243731  1.12399328
   0.85286111  1.86681724  1.33004916  1.23883653  0.41633058  2.21081924
   1.37258124  1.71267021  0.6071232   2.43346977  1.75517726  1.93316329
   2.91000962  0.95923424  2.32600904  2.4894712   3.02080774  1.73770833
   2.19348788  1.62088764  1.33197021  1.69529486  1.25733268  1.00328171
   0.40700758  2.82796454  2.29005837  1.81299341  0.31175342  1.12489212
   0.33903521  1.87788904  1.37373781  1.23371398  1.33852804  1.50689459
   0.87664896  1.01102221  2.96590972  0.80245972  1.41743302  1.46649444
   1.39128304  1.18880808  0.95430577  1.59800172  2.09025216  0.83642215
   1.5726577   1.75700438  1.4955163   0.91327125  1.27562141  3.07704091
   0.65735823  2.28965712  0.4376795   1.14407575  1.9237268   1.68339813
   2.59089947  1.95048571  1.31191456  1.18928027  2.78555369  3.26149178
   0.83344537  1.56060481  1.91254997  2.86651349  1.34839475  1.19706321
   2.8748455   2.06964159  2.57371712  0.36232829  3.86752248  2.7188127
   1.13681376  2.33489442  0.98148197  4.38306189  2.67639017  2.78719592
   3.08487201  2.13786483  2.0800786   3.85785985  1.37715173  1.70786619
   3.10776949  1.15768063  0.87447137  0.91053408  0.78482896  0.90673018
   2.6220417   1.55783474  1.63662314  1.71007299  2.63702273  1.48062038
   0.71862811  1.27744913  0.55044371  1.95068264  2.40771914  2.86671019
   1.04105568  2.40779829  1.65387607  1.37000823  2.84743285  4.51621008
   1.02607119  1.21437395  2.57691073  1.13990855  1.65530765  0.59421498
   1.56427777  2.00126314  1.18624032  0.77561343  3.22726727  1.91053534
   1.57061791  2.25374961  0.67906904  1.46113396  0.89903724  5.74359465
   1.61730027  0.88664871  1.59865284  3.39641428  2.61824751  3.84498048
   2.58540034  1.28218305  1.48193204  2.30035496  3.40692043  1.71618426
   2.16973019  1.80446494  2.13118362  1.71795654  2.74502635  1.75744832
   2.81915283  2.22589326  3.00573421  1.66622031  1.35139942  0.94250375
   2.59035134  2.41398025  1.56493628  0.80373228  0.97317034  2.12298918
   1.13077891  2.37967825  0.89339542  2.4937973   0.88826334  3.37246299
   1.40245414  1.17800426  1.84477448  2.68350649  1.91509283  0.9731608
   3.19748235  1.43666101  2.60796762  1.14168954  2.67806244  1.74641514
   0.99604857  2.28382492  2.92100525  1.06719577  0.41367656  1.13980603
   2.29877543  0.44202107  0.96525651  1.37402582  1.87830114  0.97032547
   2.99984932  2.28768563  1.36716211  3.16975069  1.68551648  1.77961802
   0.43964705  0.6559431   0.67419112  1.91567373  0.97025633  2.20127487
   1.00891101  2.42929411  2.93114734  2.34713149  1.23443019  2.71135759
   0.76009226  1.69490159  2.66459703  1.8721689   3.64736438  3.24884582
   1.06915867  2.7240262   1.20008504  1.54078102  3.62402105  0.83281094
   3.56378579  1.59464312  1.03358269  1.54230094  3.27559757  1.38036954
   1.11061394  1.48884976  1.21609962  3.18635249  2.75054264  1.66053617
   2.05761075  1.58904982  0.80906928  3.18206954  3.18394709  1.251531
   1.14980054  4.12350798
