 2.47540474  3.27883053  0.98115093  1.95822477  1.88868582  1.82049489
   2.32915211  2.32077861  0.7481333   2.12227869  0.95408171  0.84113109
   2.50101042  2.8910799   0.57642615  1.94229746  3.54725552  0.67763889
   1.71420491  0.9379344   2.29572988  1.20603526  2.64153719  2.32657194
   2.34616041  1.48819423  4.38535786  2.33545089  1.00654125  3.20479465
   3.25901556  0.71665978  1.864272    2.55347037  3.19633079  2.46095634
   0.09781434  2.86698174  1.79912317  1.15362084  1.45764136  1.89552069
   2.05110931  0.95541143  0.84520203  1.48201776  3.11117435  1.18242586
   1.37722826  3.59365273  1.26096845  0.26963878  0.93643403  2.08163285
   1.01153505  1.41145992  0.65473229  3.0289793   1.57755935  1.56669331
   1.2064383   0.45722041  0.94973963  1.4955343   1.128721    1.61673391
   1.05967247  1.48192644  1.41034865  1.31689179  2.27543378  5.26988602
   2.08033895  3.34471583  3.10215759  1.71771872  2.08128786  1.77987623
   3.05149508  0.82942337  1.18985891  1.1849035   1.36996603  0.59578753
   3.51281095  1.64660871  0.72813308  2.51841474  1.45331144  3.51835442
   1.67808461  2.74734449  0.77405387  0.64051783  2.87482548  2.76354909
   1.18033969  1.79561198  2.27761984  0.83312052  4.27368259  1.14292061
   2.17315531  2.54937768  4.6106081   0.94455987  0.99512023  1.89148986
   2.23848128  2.08426976  3.72682214  1.22044528  1.85883582  1.21766663
   3.28365159  0.59234369  2.02731085  1.85809755  1.38897848  2.81027007
   2.77600193  3.32473207  2.75041628  3.21012211  0.64328599  1.35332239
   3.65193105  2.05472279  1.91518474  0.81931508  0.84889263  4.31350327
   3.71234465  1.86020613  3.12711048  0.39228123  1.71482718  1.76996243
   3.05214119  1.18851447  2.2772994   1.12101197  4.10408163  1.89724517
   2.33128071  1.03591478  1.46539152  2.81580687  2.29807687  1.68518162
   0.95653224  2.67522621  1.2608515   0.81493723  0.33824977  1.52454889
   2.3255024   1.62593031  0.75099766  1.2617979   3.075037    1.18447483
   1.47112501  1.83484757  2.36078429  0.86115289  1.07971513  2.12086248
   1.77901554  2.00821948  1.29609442  0.49202624  2.1216588   1.31289113
   1.56803191  1.04002047  1.93680561  3.15303516  3.02885151  0.22601229
   1.90723455  2.19075942  1.9623239   2.53656745  2.96713567  1.96012914
   0.37037694  3.9358716   0.9200424   1.14670658  1.41211903  1.64001036
   0.6884079   2.57507539  2.86543751  0.94846272  0.59930837  1.75904942
   0.66735148  3.04161024  1.14543355  1.75160372  0.70178258  1.98808825
   0.97966105  1.79527199  1.58408737  0.90646845  2.71840501  0.88767815
   3.08576012  1.79039121  1.00622869  2.45520234  2.56071234  0.89914423
   2.81346154  1.00015593  1.56347835  1.72307658  1.87721348  2.17474914
   1.04415286  2.2668314   1.68546271  1.82057941  2.03987861  1.90644813
   2.16994047  0.83697164  0.71872699  1.04621494  2.71002531  1.43053246
   2.82757068  2.79966712  3.16099429  1.28123927  0.9654482   1.15317833
   1.58981669  1.11199176  0.89032567  2.95523119  1.79696774  0.82119584
   1.77270842  2.68071127  4.34315348  2.44612217  1.80426741  4.29121113
   1.40743065  0.7847392   1.35345864  1.09770322  6.95077181  1.90628946
   2.04008889  3.48924637  3.41954279  2.66520143  1.50374997  2.09717703
   1.0921036   3.06653643  3.07542372  2.91666198  2.29200578  0.98304933
   1.17836463  2.1182344   1.4619838   1.38236725  0.40674937  2.00323081
   1.39918828  1.82306385  0.57155192  1.78302681  1.11256659  1.41126239
   2.11812425  0.95297039  2.4456737   2.76422906  3.60300517  0.89361012
   2.62818003  3.28822041  1.6236968   2.54236388  0.77829731  1.30085194
   0.63679302  4.89193153  2.11449361  1.76677132  1.12250197  1.88767862
   0.62628293  1.7180593   0.94065499  1.27260244  2.29565597  1.54378867
   0.94505459  0.84741169  3.57359195  0.86370832  1.24022257  1.57881117
   1.73584402  1.21439648  1.85460365  1.9767276   2.77154493  0.99459785
   1.81446338  1.84243679  2.5892179   0.83862126  1.45461965  3.1711731
   0.95592248  2.45465136  0.40567899  1.18732011  1.40565467  1.96297514
   2.76508832  2.73693204  2.52491951  1.10607481  1.68926978  3.13318062
   0.83574337  2.00842714  1.08099234  2.96340799  1.65648651  2.23625278
   2.85305953  2.78739858  2.45514703  0.54517919  3.89138246  2.98715758
   1.57067657  2.83667064  2.04917073  5.577672    3.35513973  1.6396606
   3.57609534  2.23089075  2.19248772  3.45404935  1.89570045  2.2904377
   2.54930949  1.16232586  1.30170012  0.5158388   1.85783851  0.62572187
   2.17391968  1.87214959  2.50443745  1.44159436  2.43818665  1.49350977
   0.73420739  1.81456697  0.64518577  1.80535638  1.95943916  3.02317929
   0.86804271  4.68955183  2.79606557  1.0449512   3.324862    5.37799263
   1.05909455  1.0353688   3.02098799  1.11415708  2.11861944  0.77055579
   1.23330057  2.77568412  2.24779558  0.8336038   2.85521293  1.62740374
   2.02463365  2.22885966  1.15332389  1.77976131  1.85187638  6.10480404
   1.76024151  1.03976822  1.32767141  2.86272478  2.61586118  4.09301376
   3.15204024  1.63618374  1.70887423  2.93506479  3.76269913  3.24366736
   2.71427178  2.31856108  1.31366539  1.56264651  3.49160862  1.0096122
   3.43017125  1.97371268  3.28836513  2.00041223  1.67596936  0.78518194
   1.16977632  1.71194565  1.77652419  1.23091805  1.0411787   1.8054986
   0.74387813  1.98198307  1.18799412  2.77331471  0.89847606  6.11603689
   1.70519722  1.27953589  0.93389994  2.84818411  1.71552646  1.09049118
   3.03022599  2.89528799  3.43187547  1.25486767  2.07348371  1.91665232
   2.33958864  3.37458515  2.96071053  0.92914498  0.55702031  1.58743548
   2.59340882  0.48623735  0.95012599  2.46472883  1.83121026  0.83642411
   2.61123133  1.79645061  1.57422554  2.95082879  2.10633397  2.42509484
   0.58258075  0.45038104  1.14453709  1.95569265  1.22772408  1.88173366
   1.13731122  4.71343946  2.73589587  3.39384604  1.44871807  2.53289533
   0.41042703  1.59740698  3.13542199  2.72343397  3.43951726  3.8773098
   1.10127568  2.84711933  1.31759059  1.2872746   3.71528196  1.17196453
   3.83170247  1.33269835  1.38511252  1.75365031  3.90511107  1.73553991
   1.10797834  1.66552365  1.20478964  3.2703867   2.36601782  0.97754627
   2.04887938  1.6110456   0.57356983  2.81879306  2.95589805  1.02089739
   0.77408302  4.28642893
