 1.65914595  2.76611781  0.93914598  2.6212821   1.34965789  1.55680132
   2.47236037  2.11578226  1.15089452  0.89992279  1.78526199  0.90763372
   1.54742515  1.97353208  0.11151794  0.9643923   3.13523412  0.72105473
   1.12570024  0.8572281   1.91868186  1.13601255  2.32285166  2.00202179
   1.83176816  0.86806834  4.40143061  2.10469294  0.62864196  2.82678056
   2.32231498  1.87837327  0.95780957  0.94819653  3.61962533  2.32897949
   0.76564395  1.7656976   1.68143141  1.19158387  2.27606034  0.7251572
   1.14688528  0.79940808  0.83182532  1.43895936  1.86559284  1.07672834
   1.16646016  3.43515801  1.30948222  0.51098067  0.77546978  1.87978518
   1.278211    1.87347221  0.71092135  1.80350697  1.42079139  2.12982225
   1.85460043  0.69760209  1.64963222  1.13727927  0.91386491  0.71880329
   1.05629098  0.90651137  0.87266064  0.97519797  2.93013191  3.42170763
   0.7594133   3.27629471  2.37999201  1.42584419  1.18598258  1.0309335
   3.09193158  0.84876686  0.9249925   1.30445397  1.57959569  0.86124253
   2.34523845  1.86350024  0.56707335  2.2657795   1.50645721  3.73575377
   1.57430434  1.69894886  1.30100572  0.83361483  2.60938311  2.3818748
   1.08513069  1.66907358  1.73880422  0.77952868  3.93502426  1.16714025
   1.94827747  3.0997467   2.75779653  1.3061893   0.92847669  1.69844162
   2.12676692  0.95891619  3.2833643   1.29678297  2.22494316  1.31527579
   3.41303301  0.41154447  2.72686338  1.31332171  1.56274211  0.75098133
   1.64816856  3.02739644  2.81285334  0.47988752  0.58486658  1.18806624
   3.06495142  1.59856391  1.96284461  0.80793631  0.91389185  3.57809114
   2.25033498  1.76448095  3.00368738  0.90731257  1.11575031  0.55955857
   2.22574043  0.95738554  1.84650207  4.16888332  3.47584605  1.38880205
   1.32781744  0.98864603  1.0543977   1.85672009  1.15236938  1.16175771
   1.00493395  1.79184043  1.47223568  1.25690913  0.9093321   1.34841502
   2.64168406  1.82953644  0.75768661  1.22055113  2.59144926  1.65586853
   1.41506088  1.52729726  0.69820696  1.4585799   1.25280547  1.00779951
   1.37389612  1.57359123  1.26373851  0.82143033  2.2113421   0.86385059
   1.82226765  1.18849349  1.95163333  2.51346421  3.24412298  0.28963551
   2.08897066  2.33651781  1.65479159  2.4730413   1.81012475  1.95647359
   0.25439799  4.12232065  0.81237137  1.11983728  1.1022265   2.28461313
   1.54403901  1.47168744  2.80715013  1.03562403  0.76650119  1.62902367
   0.91334867  2.77588511  1.11720562  1.18653989  0.85432184  2.5456481
   0.97989428  1.35444701  1.25276792  1.06772482  2.43089128  1.62257278
   1.45292771  1.5616616   1.005077    0.75160718  2.71970677  0.97918552
   1.74676847  1.00610292  1.01424873  1.97447276  1.92888725  2.11171293
   1.67939651  1.88799894  2.10494447  1.69780123  1.04245603  1.73842466
   2.1944201   0.76168352  0.61615825  0.43619266  2.07219338  2.51770854
   1.70010674  2.37234163  2.65846229  1.26667297  0.96244442  1.13479221
   0.76055312  1.12210345  0.89940321  2.25497031  1.69275403  0.79446101
   1.63849318  1.42165411  4.08236122  1.84273744  1.37329054  3.79799175
   1.37382805  0.70076287  1.26294219  1.170385    5.94907522  1.3205663
   1.24696362  2.51184678  1.93146741  2.27509356  1.54412711  2.49834633
   0.78413826  2.4513607   3.11824918  1.41024911  1.45227551  1.33324456
   1.46992934  1.61309659  0.88572276  0.87689191  0.55019951  2.43629074
   1.53375149  2.89388466  0.58145446  2.35846066  2.15119672  1.94631279
   2.26302862  1.34809542  1.89526975  2.05786419  2.25333691  1.5029943
   1.85334551  2.80546641  2.35451937  1.4684751   1.14256287  0.93787265
   0.50868416  2.52225757  1.68011165  1.94151914  2.14885569  0.85232073
   0.43655083  2.27795219  0.97226506  1.22960663  2.03725743  1.44862664
   1.03640521  0.99053252  2.89004159  1.22204864  1.27221119  1.08539224
   2.23451567  1.33137178  1.15037894  1.86192131  2.3198514   0.91275072
   2.02088165  2.24480319  1.2116555   0.84440613  1.44027674  3.0287776
   0.79349381  2.67411423  0.33721524  1.30500114  1.58489013  1.42967236
   2.65149355  3.08705807  2.24737644  1.38913524  2.40893888  1.9730494
   1.66987038  2.39577222  1.38629484  1.50820518  1.19934297  1.84510708
   2.66038895  2.02308917  1.64902174  0.59378755  4.00262213  3.11908937
   1.28702843  2.72247362  0.94817436  5.71927023  2.11208892  2.60152268
   3.1869936   1.80893886  1.40544021  3.11668611  1.68690777  2.24961996
   1.87806606  1.48514724  0.72110248  0.88054061  1.03473377  0.75474089
   2.56081557  1.83248615  1.43801522  1.45631146  2.44604635  1.57177818
   0.69099373  1.36871803  0.80834955  2.17526293  2.59881306  3.08044314
   0.60347009  3.17809868  2.16373706  0.9984647   2.22959828  3.99319696
   1.07368124  1.74988782  3.30954075  1.00341988  1.93171978  1.63396013
   1.01983237  1.75731862  2.02674866  0.83522761  2.84104037  1.24182653
   1.93036461  1.77029538  1.84740913  2.24094677  1.70887148  4.1834898
   1.8041445   1.04439569  1.07278693  2.26115942  3.87488937  3.91545916
   1.90684724  0.87156808  1.7763381   2.48203659  3.26621103  2.59273052
   2.33870959  1.63514042  1.24835813  1.94637525  1.83046877  1.6034894
   3.41002297  1.9691627   2.50408673  2.36227679  1.74045503  0.82666236
   2.1367209   1.18875086  1.68065143  1.97166669  0.83624417  1.13034976
   0.97109103  2.22796202  1.55050147  2.8620913   0.87661093  4.47158813
   1.12574518  1.52688646  1.17549157  2.2518971   2.13880229  1.57935584
   3.14942598  1.6671133   2.59222078  1.13113213  1.76460969  2.09056735
   1.5571636   1.60441422  2.71563196  1.33304298  1.83260846  0.89476812
   2.17118502  0.37733266  1.77994382  0.79982448  1.7304461   0.71960878
   2.27432251  1.66876507  0.47519949  2.46304512  1.54365122  2.84272146
   0.47769579  0.84283227  0.83707809  1.97664547  1.08184302  1.7539537
   1.97775674  3.3839643   2.9337647   2.90017104  0.90288782  2.12181902
   1.34096885  1.87777615  2.50469398  1.52359033  3.07653761  2.94603515
   1.26525021  1.95620525  1.25420535  1.53098357  4.22656059  0.54246247
   2.59123969  2.40235043  0.91854745  1.22727907  2.79064751  1.08110738
   1.38635945  1.57924724  1.34901476  2.20722771  1.40572262  2.14350796
   1.12709618  1.70418024  1.24580276  2.46515131  2.59015584  0.8914386
   0.70751578  2.70166683
