 1.8321358   2.59353423  1.09638441  2.17382622  2.44569063  0.9834916
   2.40129113  2.26804399  0.72578251  1.46499574  1.45497477  1.09776747
   1.72241926  1.72429335  0.16371255  1.13942981  1.23910415  0.71761835
   1.10564971  1.03494     1.83062291  0.96255755  2.78747129  2.0547893
   1.46564889  1.03494573  4.30068398  2.13171864  0.83069539  3.72961211
   2.37606144  3.71926188  0.46926874  1.068277    3.1628406   2.20155978
   1.26789474  2.30097771  1.12903762  1.39133668  1.47513163  0.29402336
   0.62719393  0.77934825  0.86016363  1.24506247  2.22324514  1.22701776
   1.9925245   1.78780699  1.21907258  1.91702795  1.06483543  2.55040359
   1.19094598  1.25520027  0.69589794  1.6462276   1.84564364  2.03019285
   1.15274572  1.11694396  0.87334275  1.87476015  0.94472456  0.55194509
   1.22177935  1.48948801  1.23445964  2.36984181  3.26324534  3.52893901
   0.64215988  2.01709771  2.44883513  2.21952891  1.01968968  1.44498599
   2.03096461  0.75189638  0.87949955  1.22568035  1.38957369  0.37692812
   2.26458144  2.69748068  0.7461518   2.63496828  1.3957895   1.96887183
   1.07673275  0.65256971  1.22398329  0.92901361  2.69995332  2.66698074
   1.13254011  1.78981161  2.01454782  0.89575195  3.61339355  1.1926254
   0.97653103  2.03411746  1.93951035  1.51373637  0.83461881  2.25570917
   1.15902293  0.98869181  2.99060059  2.04430318  2.44361305  1.25382543
   3.10113382  0.49530616  1.94705629  1.33582985  1.72608006  0.77524287
   1.98409593  3.70133758  2.76458311  0.90381098  0.27100065  0.94105047
   3.04243398  2.21388888  1.43462515  0.8413043   0.98865956  3.7144258
   2.49272418  2.31050324  2.99518633  0.78997332  2.84564352  0.51384848
   2.09021521  3.14305568  2.13176823  2.44547534  3.12079692  1.83484375
   2.81161499  0.89423424  1.11827588  2.22960091  1.57049775  1.0659622
   0.93445879  1.70645034  1.46860576  0.99723905  0.55850524  1.63633072
   2.74961567  1.58196676  0.57786453  2.56373048  2.0811069   2.38474822
   0.77897382  1.45818532  2.22740936  1.04224563  1.16320097  0.94668293
   2.1337049   1.42390049  1.13974023  0.9391557   1.70423627  0.9165287
   1.63705719  2.20545769  1.92504895  4.00640774  3.1383121   0.24438517
   1.87647128  3.15409732  1.78626001  2.71043754  1.84918225  2.2032876
   0.41840771  3.04786897  0.60321873  1.14570558  1.30940318  2.68138027
   0.82718045  1.61824608  2.23777509  0.86410075  0.98119479  2.21117735
   0.7581318   2.14329791  1.43550634  0.84675539  0.61763227  2.26367784
   0.32636362  1.07571316  0.72937185  0.90475285  1.3918364   0.65653384
   1.95286393  1.87407434  0.8975935   1.73135746  2.77304792  1.30202568
   1.99780905  0.93000591  0.41859394  1.87270844  1.26635039  2.08060122
   0.98402154  1.10127056  2.01339173  2.00895596  1.09635746  1.98684525
   2.09819627  0.83449137  0.78478354  0.34289375  1.57423902  2.27087569
   1.4138155   2.25019622  2.4071939   1.56651378  1.47711933  1.19812512
   1.20778596  1.07558274  1.19823968  2.54230833  0.97470492  0.84091878
   1.58768833  0.65689731  3.5089848   0.36784932  0.79219198  4.05049181
   1.0022248   0.55500948  1.08707595  1.12497938  5.38430738  1.16387963
   1.76355612  2.38736773  2.89322996  2.02000046  1.57649517  2.45453
   0.83154809  3.30879807  3.11863875  1.4379878   1.44054258  2.33933425
   1.26144183  2.49029732  0.89741737  1.80514538  0.58322352  1.72818387
   2.30645514  1.39232516  0.97898954  2.07863498  1.61950386  1.10160458
   3.001055    1.51519668  1.68956482  1.80347109  2.89211392  0.88482672
   1.46761942  2.38863134  0.99623895  1.52017307  1.09617054  0.30306223
   0.50702095  3.16863322  2.47416115  2.06073546  0.52866983  2.15610552
   1.27835441  1.73917592  0.95852548  1.2116555   1.72475266  1.41771841
   0.9021793   1.07325351  3.41588426  2.56824327  1.91026115  1.00468814
   1.42415798  1.43953395  0.95832926  1.59589946  2.94798255  1.14581823
   1.20730126  2.65010786  1.06905437  0.81721032  1.44434369  3.34312248
   0.57266051  2.35301614  0.80813259  1.34786606  2.69922018  2.06797123
   2.11452055  2.38044953  0.87944162  1.47619426  1.04791784  2.43205047
   1.73118341  1.36686444  1.27328086  1.64786458  1.39022541  1.70163715
   2.14885855  1.92316842  1.8536036   0.58546662  3.9602859   2.93847108
   1.04864347  2.84446239  1.64597917  5.80014944  2.11964464  2.86680007
   3.5170269   1.97653127  2.92861938  3.05856538  2.13124013  2.4094317
   1.92175126  0.37183225  0.73432016  1.04949486  0.92885721  0.80769295
   1.54511976  1.60272121  0.55539948  1.84146857  3.02722287  1.62552607
   0.74589807  1.69534802  0.6837635   1.9659425   2.6950295   2.62727404
   1.11703789  2.73299551  1.15099287  1.03937185  1.74595332  3.60155845
   1.22611928  1.50262249  3.24552202  0.93131721  1.90708923  0.97737849
   1.77970743  1.5723182   0.78215587  0.96756357  2.45169592  1.99962759
   0.77151436  1.11675894  0.88762271  2.34641647  0.45212105  4.87736368
   1.69569743  0.98190749  2.09505057  2.82467079  2.88781667  3.24993515
   2.44624567  1.65462506  1.63323867  3.02072024  3.18548489  2.1867888
   2.14277554  1.81449378  1.18872607  1.54024339  3.04217935  1.91668677
   3.2640624   1.95352757  3.28904438  2.28184509  1.68687439  1.03792572
   2.2340312   2.66890764  1.34881306  0.10234875  1.03582072  1.289294
   1.43287849  2.19684792  1.07929039  1.82108772  1.72780681  3.60229421
   1.35998416  1.37260795  2.44184899  1.78495038  1.47961974  1.46128881
   3.1236465   2.20029283  2.86468887  1.14200854  3.17150021  1.98066783
   1.28282094  3.45307636  1.75907409  1.11049867  1.40773976  1.42081714
   2.43530941  0.47009584  1.43696201  1.07381582  1.48773551  0.69001079
   2.41669941  1.35449708  0.49291557  3.39435625  2.51738596  2.73295689
   1.67581034  0.576998    1.61794889  2.31276822  1.34424067  1.41151667
   1.29249215  3.1897285   1.10161293  1.87236834  1.4113946   2.18433166
   0.93182611  1.64144754  2.82761002  1.08547294  3.24564457  2.8586576
   2.83217597  2.84380245  1.42985749  1.17080379  4.14149523  0.79028863
   1.49853098  1.98157108  1.32079637  0.98566401  4.9923315   0.80184954
   1.10158503  1.64562273  1.37830901  2.08491468  2.04899073  1.46844316
   1.56363964  1.49843693  1.11255145  1.81614578  3.33605003  0.82151139
   0.74310833  1.63941467
