 1.6743834   1.84590793  1.03652847  2.81352162  1.26124132  0.88455033
   2.35113907  1.99764657  0.74784964  1.82815599  1.196208    1.18909013
   1.90631294  2.02209616  0.25463569  1.45146024  2.66014266  0.68108135
   1.27520096  1.08675754  1.60673821  1.14669812  1.75343561  2.24889159
   1.22115195  0.89587969  4.02805901  1.48605597  0.87231743  2.93903685
   2.41088986  2.10764694  0.52370369  1.75328839  2.96815157  2.34219289
   0.64448065  2.35728073  1.16456008  2.33016443  1.96374059  0.51738572
   0.85640794  0.72874552  0.83207226  1.34413135  1.88235223  1.23750615
   1.56945252  3.17410111  1.29317737  0.97595024  0.78478897  2.01923537
   1.09770453  1.61726415  0.66205114  1.46657944  1.15432298  1.70183468
   1.65778863  0.62406927  1.42928004  1.88667595  2.32184458  0.39966619
   1.00903177  1.9219712   1.03945947  2.85189652  2.58887362  3.99882317
   1.20503724  2.51781106  3.22547126  1.65394747  1.74458873  0.64727825
   2.19321275  0.81201613  0.21915659  1.17188728  1.32804072  0.91685998
   2.55754423  1.51146841  0.90161115  2.20533681  1.23840725  4.23202276
   1.04674304  1.68481612  0.89593011  0.61485809  2.36325359  1.82100701
   0.43283159  1.76578462  1.4938134   0.84325379  3.2222476   1.0986346
   2.41534472  1.60779166  2.438205    1.1543169   0.87707222  1.47473669
   1.68187916  0.97696036  2.56267405  1.2856313   1.44625854  1.12417209
   3.30569005  0.49272659  1.40209424  1.4972291   1.19313169  1.37379622
   2.27602148  4.30393314  2.46151114  0.58449471  0.35073775  0.93969434
   3.17735219  0.73246461  2.06480861  0.8418538   0.75324196  3.65952492
   2.52035356  0.95990562  2.60843921  0.80689603  0.98499393  0.52695513
   2.3971138   1.30300367  2.66391587  1.57323253  3.42635703  1.78741586
   2.26914954  1.20146644  1.43378615  2.14960837  1.65061593  0.40250835
   1.11947179  2.32164145  2.08844638  1.02700305  1.13702667  1.97631669
   2.32665086  1.64455116  0.49073878  2.62670112  2.27098989  1.25741589
   0.75333965  1.47272062  0.9493534   0.96582216  1.35685229  0.3698867
   1.25654662  1.39105487  1.00306571  0.49634883  1.58368361  1.33199441
   1.88436472  1.31419218  1.95689988  3.04355669  2.66784668  0.4407745
   2.22068286  1.29633641  2.19513941  2.35153961  1.8932749   2.18316197
   0.47372091  3.38122439  0.60426003  1.17338157  1.13302732  1.93826711
   0.74517971  1.42219853  2.20347548  0.90769398  0.84123957  2.11905694
   0.64003915  2.06618404  1.54141319  1.18890846  0.73779023  1.74004316
   0.47477341  1.23372555  0.43478939  0.6066823   2.5463419   0.70990074
   2.25078678  1.71620464  0.94322234  1.06177211  2.46397328  0.96471775
   1.78071451  1.11799014  1.89228523  1.9820019   1.48186707  2.3780601
   0.92528754  2.05661798  0.96046567  1.58248329  1.8998698   2.68261862
   2.01962852  0.75292653  1.85582042  0.74732888  1.61692262  2.65140271
   1.68476105  2.05918145  3.3203156   1.24092579  0.9446466   1.2137574
   1.31388295  1.0791043   1.34564209  1.45395195  2.45863271  0.85209292
   1.38590562  0.99319267  3.46462893  0.38490388  0.64409161  3.92030835
   1.98738909  0.68326801  1.2897898   1.26401472  4.56659412  1.62341297
   1.14522111  3.04577136  3.33211255  2.45206952  1.54645061  2.33734202
   0.80233341  2.5072763   2.80733705  1.91618466  1.3050462   1.20625126
   1.51763368  1.62613142  0.7218805   1.24685931  0.82061332  1.48942089
   1.42328334  1.21058261  0.70098424  1.63881552  1.52438068  1.48596108
   2.31116056  1.08201802  2.15912724  2.40510106  2.9281311   0.81371564
   1.19404006  2.57187867  1.38722813  2.65602636  1.63220227  0.41828921
   0.54516429  2.89244628  1.69522262  2.24929619  0.4092626   1.05138457
   1.30610597  1.73648894  0.90914458  1.51141143  1.16712272  1.41440272
   1.08657742  1.0643034   2.56664228  1.06631458  1.30238914  0.83086687
   1.24483049  1.36874652  0.96505791  1.60957038  3.3088212   1.08171725
   1.90278506  2.31136084  1.45405948  1.01270401  2.27589989  3.58857965
   0.52678007  3.84495115  0.45889831  1.23328841  2.45553303  1.33586395
   2.11878967  1.98267078  2.4142189   1.14424396  0.87363321  1.99362397
   1.33611894  1.74092388  1.73242021  1.70843363  1.26742125  1.6347357
   2.43232679  1.90962577  1.8800931   0.6441943   3.60776877  2.54046702
   1.9115169   2.70581293  0.71411735  5.32664537  2.18587828  2.75168085
   1.9728961   2.56270409  1.58902812  2.84962749  1.70094573  1.50365913
   2.32336497  1.01634049  1.0335865   0.5599159   1.18363237  1.00015211
   1.42377484  1.4740504   1.78921688  1.81805634  2.12367845  1.60235298
   0.75072831  2.18812108  0.72067124  2.06860161  2.42988634  2.00734162
   0.98536891  2.19807315  1.53339314  1.84867322  2.44237685  2.68997431
   1.15209866  1.214167    2.98473048  0.97561467  1.93687701  1.14463472
   1.82943809  1.66035688  1.19997513  0.69523787  2.79970431  2.22291064
   0.78993922  1.98606277  1.17759132  2.24272847  1.62941706  3.81479692
   1.53864932  0.83276856  1.84817195  2.78200793  2.82683182  2.55243087
   2.15421295  1.67367017  1.09421444  3.28292012  3.27260351  1.41568518
   2.16120815  1.38201678  1.94817603  1.26097     2.94448066  1.11838281
   2.83025146  2.63862062  2.43640804  2.47669005  1.39621902  0.89668357
   1.55629647  3.4600172   1.38745534  0.49090707  1.17790139  1.23943698
   0.57216805  2.58124495  0.62642229  1.58279085  0.82050067  4.29822206
   1.0980984   1.24158621  1.65566206  2.40698361  2.14703965  1.11143744
   2.02146363  1.71336734  2.84766722  1.27056611  1.6501509   1.94312668
   2.16189623  2.5063076   1.7563802   0.94411796  0.6588859   1.31915963
   3.56197286  0.56153411  1.95422816  1.59387767  1.47770393  0.6841225
   2.59281468  0.99060422  1.3680172   3.15380239  1.05351365  2.03657293
   0.87060785  0.67651856  1.19949889  2.78597713  1.26713717  0.81693107
   1.70324457  2.0256834   2.00328851  3.00008249  1.22611403  2.22876096
   1.24560845  1.47186995  1.66743743  1.56304634  2.88561821  2.36740017
   1.96657765  1.93852532  1.36164916  1.26256275  3.71868968  0.98577565
   2.90581942  1.71519828  1.65170491  0.7479465   4.0674119   1.46512222
   2.82546616  1.58460987  1.1979351   3.04167533  2.88740563  1.12477636
   1.13709795  1.58518863  1.32112229  2.30576062  3.29036999  1.51614773
   0.82628089  2.3270638 
