 1.46455574  2.57055449  1.10395038  1.45197988  1.56146646  1.45576656
   1.51041591  2.01467681  0.77337915  1.3573786   1.7179513   1.27255154
   1.71062601  1.63654125  1.00485921  1.16207397  2.84477711  0.72142375
   1.06873357  1.03523576  1.85502601  1.23765123  1.66519797  2.33872318
   0.55656719  0.67480987  3.53932714  2.15470099  1.4425602   2.32982183
   1.69901359  1.00334489  1.82969117  0.74272323  3.05425763  1.50969791
   0.62829286  2.20920897  0.72762299  1.31754827  1.33008862  0.81312644
   0.52013993  0.96834719  0.82466644  1.49942982  2.49806976  1.20673788
   1.50537658  2.68010092  1.44542134  0.7339946   0.96186852  1.39507747
   1.18011057  1.50162816  0.65504056  1.83251607  2.43217206  1.24876487
   1.53560901  0.11742535  0.93388337  1.30430877  2.15483785  0.58396453
   0.99170154  1.29212046  0.90895212  0.98247129  1.87204266  4.51103401
   1.34169304  2.97623253  2.15571499  2.48060966  1.73682296  0.75264555
   3.04502153  1.10255516  0.98161191  1.08660436  1.20168209  0.39481786
   1.71468222  1.70736468  0.79351521  2.12833619  1.11565804  1.88908088
   1.29605532  1.40678692  1.0726217   0.73055106  2.10671139  1.84815311
   1.16155052  1.95503783  1.38557136  0.85870522  2.16918254  1.13069916
   1.66421306  1.05036294  2.28903913  1.53520072  0.8018856   1.44285703
   1.21028841  0.9690662   2.10091424  1.29319322  2.38267541  1.143332
   2.64887023  0.58884388  1.8952713   2.56955266  1.71392488  2.15265679
   1.69568729  3.02721763  1.12336683  1.26237869  0.50411737  1.54260886
   1.75959396  1.43897831  2.12171435  0.80249846  0.54244524  2.85798573
   1.8444705   1.41089547  2.42182541  0.15696031  0.94707906  0.59860712
   1.96876979  1.73982525  1.73165941  1.22649312  2.67343783  1.71447337
   1.82601428  1.06918347  0.79021001  1.8198514   3.61324883  1.42931426
   0.98986298  1.74585593  1.50867009  1.83597052  1.30264759  1.95017159
   1.58145547  1.64542925  0.52338028  2.55380392  1.36467218  0.88889289
   1.58253908  1.47781837  2.62049961  0.56758034  1.03531194  1.33399975
   1.22457087  1.521855    1.29088616  0.43597841  1.55737197  0.80942672
   1.18362057  2.21964979  1.95756757  2.55380678  2.70287967  0.61326772
   1.22586811  1.62905955  1.82410347  2.18611956  1.46781206  2.154037
   0.28849599  3.48873234  0.95447576  1.27860606  2.11480069  1.30901861
   0.68763924  2.0453229   2.97171617  0.70474666  0.91119665  1.77701628
   0.6321767   1.82099497  1.78680468  0.97018433  0.73340982  1.65969121
   1.00324965  1.49435616  1.27418101  0.67941618  2.4486177   0.71973324
   1.39265668  2.20028663  1.24866807  0.86347461  1.9163512   0.99953556
   1.84694672  1.03206158  0.99361295  1.66820753  1.37008715  1.50084698
   0.8319304   1.65808332  1.38098836  1.12499475  0.91734648  2.45705724
   1.75724316  1.21225655  1.43050289  0.43819177  1.56855094  1.76300645
   1.05400729  1.799178    2.30807376  1.20167685  1.52248597  1.17955887
   1.40142429  1.14823472  1.3923924   1.98806846  0.74721748  0.8253721
   0.88242543  1.38012981  1.88792121  2.22510028  1.17379069  2.07984328
   2.66235423  0.5741061   1.02593541  1.54793394  4.91721678  1.58858752
   2.43630791  1.80655313  1.93580472  1.50640821  1.53847623  1.44258749
   0.86953849  1.91079533  2.36489391  1.808411    1.99086487  1.16553879
   1.34326792  3.16381073  0.74435663  1.17688453  0.50310493  1.93396068
   1.79090261  2.17718577  0.66783887  1.47158885  1.09104943  1.45176876
   1.30063677  1.13950872  1.55451035  1.85119617  2.60995483  0.68855214
   1.93399346  1.38498747  1.31985903  1.61563849  0.77803469  1.14230514
   0.45003113  4.29721642  2.34517717  1.74993527  0.75557637  0.74698335
   1.07447302  2.07354403  1.41191256  1.28316712  1.42570615  1.48503041
   1.27591336  0.9267503   2.48505712  2.05678749  1.52076602  0.6550321
   0.51485586  1.29617965  1.30363882  2.26081014  1.97302759  0.61051464
   1.20084918  2.20962238  1.85013139  0.91717315  2.18733549  3.38908148
   0.45070472  1.76402462  0.38289765  1.19149792  1.22365272  1.31291103
   1.20206833  1.57600415  1.02711153  1.57264924  1.02116311  1.67745829
   1.34781563  1.85839713  1.24767184  1.60539937  1.56491804  1.59217906
   1.91339993  1.57117367  1.01322293  0.78129888  2.4979713   1.89720976
   1.54921532  2.2321732   0.95274043  4.81743336  2.99246883  2.00415111
   1.83395648  1.77241516  1.08506     2.30863881  1.13108981  1.97494888
   2.39941025  1.34932947  1.15410709  1.47718024  1.29452848  0.97820324
   1.81617939  1.6382823   0.79869038  2.14683151  2.49495721  1.57223654
   0.75431037  1.55479658  0.98276258  1.57234204  2.18426967  2.11311913
   1.14595091  3.28791761  1.2982111   1.17383218  2.41658044  3.94318557
   1.23663139  1.12440491  1.85492635  0.9997797   2.23113871  0.90997684
   1.80344725  2.62619829  1.67630601  0.75021875  1.86618125  1.59953916
   1.45778441  1.19210851  1.10455298  2.02077889  1.13605201  1.55319881
   1.72912407  0.87750846  1.05957365  1.89660811  1.37265563  1.8716377
   1.53429306  1.14283085  1.86466551  2.23489833  2.61968255  2.03360581
   2.12908673  1.72842681  1.23348093  1.46166158  2.04744148  1.09102547
   2.48836541  1.74406028  1.86359012  2.93728471  1.77124548  0.7924301
   1.59379733  2.32968426  1.44441533  0.53508288  1.53379941  1.11010003
   1.07726979  1.53267312  1.92931008  1.81556594  0.80739397  4.98411369
   1.29075205  1.38488078  1.76411879  2.16148734  1.48173225  1.13927746
   1.7341311   1.39732039  2.97006321  1.1162796   1.85488617  1.8610158
   1.59097624  1.6950202   2.05166173  1.38499773  0.94348222  0.89037883
   1.93389738  0.42465866  3.03516889  1.17785263  1.05795372  0.80894804
   2.14584661  1.25299716  0.91597372  2.31424785  2.27338743  1.92614722
   1.01528895  0.68500358  0.51325142  1.64061058  1.70837426  1.63278949
   1.55821836  2.57339025  1.96528542  3.24078894  1.24683702  1.88495791
   0.96693796  2.29522228  1.56933105  0.96887982  4.05868387  2.26490784
   1.73269498  1.80234277  1.19561696  1.16433716  4.13807487  1.34392548
   2.89405298  1.09700656  1.28311014  1.39212275  3.2174964   0.80909556
   1.83141243  1.07146966  1.04637444  1.89513838  2.60857654  0.56375891
   1.82308805  1.27503598  0.7304827   1.73464155  2.41223383  1.26190114
   0.75601983  1.90769553
