 1.40010715  1.61499023  1.10339713  1.12182927  1.82673061  1.26196098
   1.45529807  1.96287334  1.09183609  0.89075428  1.30404747  0.546184
   1.38509941  2.31156373  0.2473323   1.37112248  2.02326632  0.66123074
   1.52437508  1.0702219   2.10994267  1.12275863  2.31919885  1.5155046
   0.89482945  0.69691402  4.13441467  2.37722683  0.8404668   2.17176986
   1.78489971  1.79611123  0.38967654  0.98070377  2.36949897  1.91183889
   0.95242053  1.73908412  1.20362294  1.62703013  1.58375096  1.22198069
   1.63238847  0.87655973  0.7789588   1.45352256  0.95610261  1.16894126
   2.10627985  2.28854251  1.56138802  1.10277069  0.72251469  1.36240029
   1.28821576  0.99168795  0.64474851  0.73011661  1.92695343  1.39079249
   1.14013958  0.4416413   1.28970647  1.48005521  0.99640399  0.65989655
   0.96562219  1.32136548  0.77863348  1.62255192  2.30015779  3.22944665
   0.55875772  2.0764513   2.30515885  2.11079931  1.64703667  0.8418237
   2.68830061  0.74688798  0.43600863  1.12804115  1.25446224  0.3150301
   1.83549368  1.81308603  0.57330024  2.64692593  1.1938864   2.60348058
   1.22185338  1.02155185  1.31097841  0.62128103  1.91461945  2.25458431
   0.98111278  1.80692804  1.16491687  0.8560006   1.97143757  1.15814805
   1.14572024  1.2683816   1.43538296  1.02473903  0.88618851  1.57015312
   1.29619527  1.00992     2.27147126  1.97043478  2.23037577  1.12847304
   2.61232424  0.60292512  0.75425965  1.67697871  1.40148246  1.48668814
   1.17867994  2.43992186  0.62696242  0.81419224  0.55819267  0.73925728
   1.73894501  1.45879996  1.40187955  0.82373291  0.70100802  3.18391418
   1.48668039  1.12714386  2.85339642  0.97810912  1.26904345  0.61096227
   1.66295159  1.70168948  1.65232801  1.6156522   2.04050493  1.08605933
   1.45737052  1.06778193  0.6652981   1.59200406  1.93299913  0.38651833
   1.14795554  2.20023632  1.10233414  1.28477073  1.83013821  1.9511472
   1.34741759  1.52948952  0.4659971   1.63780773  1.23485374  1.99238503
   0.81273872  1.41303301  0.86239994  1.01823461  1.24980402  0.27700466
   1.99773586  1.33508027  1.35814965  0.98492795  1.94514179  1.27298772
   2.07029533  1.32171941  1.78793049  1.65802789  2.71207809  1.09487879
   1.11618257  1.9175204   1.60634398  1.91699338  1.54895759  2.2010994
   0.0675076   3.27718759  0.95900834  1.11717141  1.91270494  1.85768199
   1.11669981  1.24685276  2.67123985  1.07760835  1.31040454  1.61421597
   0.93806988  1.17723119  1.31962574  1.01778042  0.6032995   1.60515881
   1.08993578  1.18761837  1.33487988  1.31272554  1.38644099  1.28903461
   1.90069902  1.6183151   0.95494676  0.36194852  1.42746484  1.28319681
   1.84713256  0.9716627   1.02704978  1.31925213  2.5100584   1.1751014
   1.09805059  2.03283834  1.32180572  2.12692571  0.94470668  1.86514246
   1.87413168  1.14821672  1.27023423  0.46503586  1.35055614  2.94790912
   1.85345602  1.93777323  1.72280204  1.2484827   1.282058    1.25384045
   0.89321321  1.18899703  1.57531488  2.67689276  0.9015519   1.18855262
   1.55769837  0.77345216  1.73865473  0.71484601  1.60775089  2.62038255
   1.40974224  0.6827296   0.73825276  1.39926112  5.18803453  1.46449733
   1.45551097  1.86440587  1.44159758  1.66715789  1.63818669  1.69698668
   0.80166692  2.29303956  2.84245205  2.16370845  1.7339226   1.06325161
   1.34524775  1.09017122  0.81389022  1.07570553  0.67132348  1.85440469
   1.86065209  0.50887197  0.7311675   0.99177611  1.48742497  1.29879558
   1.49195719  1.16510975  0.78372121  1.60071218  1.92760742  0.76892906
   1.202474    1.59770977  1.24837935  1.20869136  1.31973755  0.93417209
   0.47090006  3.04549003  1.12199938  1.59706676  0.87657362  1.29623592
   0.26680773  1.57487345  1.25629532  1.22945595  1.52557981  1.48545587
   1.13199472  0.92807126  2.21325994  1.746369    1.6272043   0.90869892
   1.07104027  1.47259831  1.40770316  1.54293227  2.41571093  0.97638738
   1.41172969  2.30240917  0.52347648  0.89716172  1.16264451  2.93221474
   0.61054325  1.60061467  0.50789922  1.0681355   1.73695624  1.35843182
   1.59844482  1.82999575  1.69416022  1.42108345  1.15212667  1.64482725
   0.98272139  1.60191083  2.34338522  1.20837331  1.27863586  1.85333169
   1.23377132  1.70073354  1.89383543  0.95803565  2.07930493  2.38470078
   0.93609399  1.74186254  0.34364319  3.8558259   1.84075952  2.88511777
   2.8453021   1.62164056  1.69424903  2.21081424  1.24981642  1.06666481
   1.5858326   1.54900992  1.15676963  0.12752245  1.34832442  0.66591734
   1.72103631  1.72872007  0.76420933  1.67449665  2.24338365  1.54514384
   0.73204225  1.22263384  0.9035213   1.48522687  2.02226639  2.29272175
   0.8756938   1.83420277  1.13823605  1.30201387  2.41782737  2.43441176
   1.16086864  1.13739979  1.94672549  1.06808197  2.06485653  1.09032655
   1.88159895  1.9698354   1.20535457  0.88308811  2.0488739   1.34689939
   0.64795953  1.02511287  0.97129971  1.35993814  0.79512298  1.4267118
   1.51613545  0.77084208  0.98465794  2.25294948  1.80920064  3.16507339
   1.57184458  0.69658458  1.47155011  2.42267323  2.65842319  1.3984983
   2.02414346  1.57595217  1.18282866  1.421332    1.85055327  1.29885209
   2.45807147  1.64700341  2.06272101  1.48302925  1.81497633  0.71747416
   1.63241267  1.71357238  1.37006462  0.00813625  1.47245753  1.55424094
   0.85795063  1.50357962  0.82100135  1.60913122  1.77703965  3.22952366
   1.34180343  1.32176995  0.68424797  2.26428223  1.29842901  1.57879937
   1.63347411  1.81283164  2.42003465  1.56174111  1.49600422  1.32431757
   1.62717175  1.93732452  2.55053711  1.27445376  1.14454496  1.26862657
   1.19987154  1.00347805  2.00476265  0.68571669  1.08198786  0.87349278
   1.53940427  0.82621086  0.83700025  1.69036293  2.7515564   1.59795237
   0.79054922  1.13836098  0.66248709  1.47379386  1.65108395  1.62414861
   0.68794686  1.66834569  1.49167573  2.05186868  1.45424092  1.48284817
   0.70850974  2.29300141  1.40399623  1.00864899  3.1095767   1.71026778
   1.84499896  1.17867923  1.47203326  1.87557077  3.98821759  0.70789188
   1.07108355  1.06895077  1.38690341  0.53157151  2.90177298  0.95207006
   1.61959386  1.24678338  1.26654017  1.43219244  0.98580599  1.08823979
   1.02337158  1.43300462  0.51599503  1.77857172  1.79534197  0.52983767
   0.76125985  0.97718942
