 0.97899604  1.84321678  1.33694506  2.11374879  1.9764235   2.10577774
   1.0658679   2.67779756  0.75710344  1.05012059  1.24796844  1.56647861
   1.06121206  1.42602944  0.25252792  1.84050107  2.05015302  0.68651813
   1.39119482  1.06080973  1.78995347  1.20316386  1.43593359  2.22462821
   1.3376087   1.57860184  4.18493986  2.5811789   0.73921347  2.23214531
   1.31825268  2.24125147  1.29395008  0.70124871  2.78259325  2.13788247
   0.83163065  1.43638599  1.04609025  2.46584368  1.38568771  0.89266789
   0.49489033  0.86421013  0.82840455  1.38659799  1.99216866  1.11776769
   1.74068511  1.71643627  1.56329727  1.57887936  2.26474333  1.58463085
   1.2483145   1.04401076  0.54511303  1.038885    1.16104031  1.6103127
   2.13626075 -0.0183461   1.21488225  2.58157682  1.13248575  0.57060456
   1.00445151  0.86488336  1.5790807   1.65320623  1.94960344  2.96248698
   0.66488647  1.46042442  2.574687    1.76691234  1.25883567  1.05161119
   2.2248342   0.94494057  0.54429632  1.29594994  1.21146846  0.32080868
   1.90814936  1.97468638  0.54016274  2.67852545  1.19624496  1.34990716
   1.35064912  1.00853562  1.52100503  0.80590838  1.24939835  1.97817039
   0.83617932  1.39791214  0.87456155  0.94347835  2.22995973  1.12776506
   0.90792096  1.25435841  1.09372294  1.5821476   0.74969178  1.46262801
   1.7099936   0.94716388  2.14049363  1.11007798  1.53778851  1.14429891
   2.73432279  0.64293343  1.57664013  1.65596163  1.68031633  1.1911037
   1.95927596  3.92223573  0.991041    1.85990393  0.68601346  1.64893937
   1.30864513  1.63160753  1.37103117  0.82471222  0.52092731  3.47063017
   1.25293732  1.3868109   2.37855887  0.79790485  1.34674478  0.55863178
   1.40840888  1.79611814  2.1731596   1.79909015  3.0090723   1.11545897
   2.03507614  1.03150058  0.36618876  2.6088891   1.41616929  0.0768948
   1.42245567  2.64682961  1.8831563   0.99463409  1.7766397   1.58015096
   1.28602207  2.19089055  0.73185778  1.61252463  1.32680583  1.91436374
   1.3705827   1.52826035  0.99014294  1.29622471  0.65820187  0.32063121
   1.70429933  1.21737671  1.29744101  0.83722585  1.65656841  2.05023789
   0.64827639  1.70265996  1.85642564  2.34796429  2.00543714  0.25869811
   1.58368313  1.50978291  1.32194781  2.0640533   1.49998522  2.19120669
   0.09102219  2.51524162  0.83634299  1.33878458  1.92645884  1.7191298
   0.90617591  2.24713969  1.76636231  0.86047214  1.41612113  1.64334571
   0.86651266  0.62311906  0.97245491  0.89100963  0.50207156  1.91788638
   0.60380894  0.9096483   1.00226688  1.17911899  1.76693833  1.27868974
   2.96793246  1.60069966  1.63998997  0.38817626  1.22658634  1.01942849
   2.14769793  1.03464293  0.97675842  1.31386471  2.56842375  1.5411067
   1.1408633   1.19855964  0.97129279  2.75887656  0.78955954  1.14877617
   1.44350684  0.96363091  0.84640223  0.68334305  1.59154367  2.45157671
   1.63883853  1.12387991  1.80260158  1.23563349  1.5033505   1.34346342
   0.57111597  1.10190225  1.32079768  2.18121743  0.79812735  0.91103333
   1.51523602  0.96478224  2.48350596  0.4542321   1.16871345  2.90749025
   1.01137316  0.72331446  0.9995755   1.77414858  3.70230889  1.35238731
   1.23109579  2.41812205  1.42303741  1.4652164   1.67761195  1.14447725
   0.77686155  1.88157952  2.38694072  1.61707246  1.29017103  1.40762627
   1.35758269  1.64965665  1.41050684  1.60609341  0.66039544  1.49799907
   2.4298408   0.740933    0.76136786  1.42475402  0.87976247  1.69715846
   1.66028619  1.0632956   0.78217441  1.80492604  1.87317014  0.77859163
   0.70882595  1.85377574  0.50622761  1.79187095  1.41033888  0.37337616
   0.51516521  2.55702114  1.76439202  1.76615381  1.57629538  2.11785412
   0.27128604  1.83101606  1.12693632  1.21564007  1.7665844   1.46065176
   0.92760605  0.81578314  2.39769626  1.58428931  1.48787916  0.89671087
   1.31879151  1.46885157  1.03783584  1.66918027  4.12729597  0.73704576
   1.05582428  1.99201107  0.65393835  0.85362601  1.46202826  2.70635438
   0.46511269  2.10005593  0.47341156  0.92942911  1.16130257  1.73603129
   1.99266851  1.36948287  1.22918534  1.62938797  1.06434345  1.34216392
   1.99535882  1.15647674  2.35803485  0.82155657  1.28289509  1.3886081
   1.74054229  1.59175289  1.62161267  0.90043443  2.07841396  2.63398337
   0.66351002  1.58038712  0.88288397  4.43468714  3.32460523  2.50776291
   2.43947816  1.91332138  1.60262883  2.49500751  1.46979666  2.6043458
   1.5433706   1.31282961  1.41827559  0.70664185  1.32991445  1.03036308
   1.2246809   1.5578835   0.87426805  1.47465169  2.75997639  1.55122495
   0.72256249  1.73976183  0.81501257  1.68583322  2.64310765  2.27802634
   1.65399635  1.77827954  0.51185054  1.7938031   1.85674739  4.53983021
   1.08840525  1.19723296  1.56835437  1.07512498  1.97475719  0.934187
   2.25037527  2.12815309  1.20198226  0.79669911  1.63624132  2.86158419
   0.82089257  0.82281935  0.67027152  1.58843255  1.06319618  2.6937983
   1.50058722  0.81683016  1.65019965  2.24522185  1.9534111   3.30685353
   1.62027109  2.22637224  1.67536688  2.79605794  1.89690042  1.66309667
   1.6474874   0.82870322  1.17666316  1.65413439  2.15071917  2.10892844
   2.40188813  1.90253413  2.85531139  1.89391291  1.52489424  0.627388
   1.40649855  1.81818998  1.20425916  0.27542794  0.98477244  2.3132925
   1.10534739  1.52473664  0.39631063  0.84481919  0.93864447  3.44398785
   1.23956811  1.49960327  2.38943839  2.04452491  1.42616916  1.03055906
   1.85326791  1.71250284  2.2079618   1.26649034  3.26408291  1.09065783
   1.32326531  3.17478538  1.34012175  1.46318138  1.13359332  1.30087566
   2.06651115  0.39879471  2.10048103  1.38144159  1.26182747  0.9827643
   2.00809956  1.09454179  0.56062359  1.89526248  1.81949663  1.73500729
   1.13695633  1.19594491  0.47009721  1.45649123  1.85308909  1.86006892
   1.03307009  2.0221386   1.76928949  1.71850586  1.55320466  1.49636519
   0.30962449  1.79014587  1.2614224   1.12937868  3.16758204  1.42816806
   1.68341935  1.50775731  1.23125446  1.03696573  2.98244953  1.25904596
   1.84612131  0.61044627  1.13057899  1.18135881  3.60854626  0.76546758
   1.42164898  1.29769111  1.22523558  1.48149848  1.51998353  1.20338321
   1.60249674  1.50150871  2.15504575  1.11042261  2.20944357  0.87189424
   0.9538511   1.81872964
