  7.47364402e-01   1.91991687e+00   1.13834989e+00   2.03715253e+00
    1.16512096e+00   1.56971455e+00   7.18815267e-01   2.25187349e+00
    7.89922416e-01   8.37310970e-01   1.02472472e+00   8.37623119e-01
    1.29786181e+00   8.86402726e-01   3.40845615e-01   1.34015262e+00
    2.69354677e+00   7.06574023e-01   1.68088233e+00   1.05399477e+00
    1.67497039e+00   1.06992602e+00   1.01932514e+00   1.68753719e+00
    9.59808111e-01   6.36612236e-01   4.07467937e+00   1.90003014e+00
    6.80212855e-01   6.05973542e-01   1.72284961e+00   1.31269217e+00
    7.47361839e-01   9.84052896e-01   2.65630603e+00   1.72563124e+00
    4.83840823e-01   1.63716841e+00   1.05425310e+00   1.39680088e+00
    1.15847003e+00   8.57080579e-01   5.30363739e-01   8.62270534e-01
    8.04756701e-01   1.90030706e+00   9.34553087e-01   1.04851818e+00
    1.61077142e+00   2.35311604e+00   1.27033985e+00   8.96716654e-01
    7.53086269e-01   1.56259167e+00   1.44635642e+00   1.16727614e+00
    5.46600640e-01   8.58289361e-01   1.95148695e+00   1.21096492e+00
    1.75132012e+00   6.06102869e-02   1.41153181e+00   1.99238205e+00
    8.83323252e-01   7.34553635e-01   1.03155792e+00   1.12460458e+00
    8.56821835e-01   1.11526275e+00   1.46611512e+00   4.13668013e+00
    2.46717763e+00   1.86392927e+00   2.08092952e+00   1.94633651e+00
    9.59347963e-01   8.53604734e-01   1.81723452e+00   9.32074726e-01
    6.35598719e-01   1.30494905e+00   1.39664268e+00   2.63683289e-01
    1.77742314e+00   1.63086748e+00   6.51340365e-01   2.58139515e+00
    1.05534697e+00   9.96136606e-01   1.39610445e+00   1.73028898e+00
    6.52478278e-01   5.59843898e-01   2.01815271e+00   1.98577642e+00
    4.87926185e-01   2.03029203e+00   1.22702730e+00   9.79612708e-01
    1.78735018e+00   1.19402599e+00   1.29736173e+00   1.13364339e+00
    1.65039694e+00   1.51993966e+00   8.97665143e-01   2.24709082e+00
    1.57964218e+00   9.17782366e-01   2.12702203e+00   1.11337447e+00
    1.53980732e+00   1.19803429e+00   2.34055519e+00   4.27457750e-01
    1.61570013e+00   1.29765344e+00   1.32477546e+00   1.25384080e+00
    1.39372909e+00   3.13693786e+00   1.11675203e+00   1.16220975e+00
    7.34970033e-01   1.22115493e+00   1.26688373e+00   2.30853081e+00
    7.82654226e-01   8.13262224e-01   5.97273469e-01   2.74040341e+00
    1.97563708e+00   1.35809350e+00   2.10634184e+00   2.28271350e-01
    4.51380283e-01   2.94069827e-01   1.46554506e+00   1.08890259e+00
    2.01190495e+00   1.15763426e+00   1.83602774e+00   1.33021629e+00
    2.09252548e+00   1.03818464e+00   6.99478924e-01   2.81060457e+00
    1.39310169e+00   6.48300231e-01   9.50415552e-01   2.67072296e+00
    1.08529091e+00   1.65761650e+00  -3.16192023e-03   2.10460711e+00
    1.66802180e+00   2.53388047e+00   7.04913080e-01   1.02775717e+00
    1.65512776e+00   1.41634202e+00   7.03625858e-01   1.33727467e+00
    1.67176795e+00   9.48357761e-01   3.50627929e-01   1.20362401e+00
    1.73251820e+00   1.51259923e+00   1.43585134e+00   5.68352938e-01
    1.49567020e+00   1.24363112e+00   9.66070175e-01   1.98020887e+00
    1.86710346e+00   1.70203006e+00   2.33428192e+00   1.79333353e+00
    1.11371624e+00   1.25062907e+00   1.35215211e+00   2.55175471e+00
    1.62652075e+00   2.09814453e+00   3.50253969e-01   3.18775344e+00
    6.94038928e-01   1.18053150e+00   1.83101499e+00   2.36333108e+00
    9.06198621e-01   1.69671142e+00   2.09318662e+00   2.64169097e-01
    1.17693996e+00   1.61288929e+00   8.28047097e-01   2.53172112e+00
    1.30062711e+00   5.97015142e-01   4.46982116e-01   1.31745207e+00
    8.07921410e-01   1.70789516e+00   1.08869314e+00   1.26082647e+00
    1.91397774e+00   9.64559793e-01   2.35946274e+00   1.49994767e+00
    1.21197891e+00   1.05160689e+00   1.56712222e+00   8.53184164e-01
    1.77521074e+00   8.77678931e-01   1.47179484e+00   1.55494618e+00
    1.43011582e+00   1.39017344e+00   8.61344993e-01   2.17156887e+00
    9.84051764e-01   1.17620933e+00   8.52983594e-01   2.27721381e+00
    1.58352411e+00   9.36564147e-01   9.46362257e-01   4.70429540e-01
    1.65965331e+00   2.35694790e+00   1.04251218e+00   2.51814580e+00
    2.21461844e+00   1.16090143e+00   1.04787707e+00   1.37346256e+00
    6.71739936e-01   1.20692563e+00   1.41795433e+00   1.43415737e+00
    6.86955094e-01   9.08513665e-01   1.22484088e+00   1.00589824e+00
    1.54272127e+00   2.46544933e+00   8.25062513e-01   1.68410373e+00
    1.21144021e+00   1.54607868e+00   4.66052502e-01   2.12318921e+00
    5.01734352e+00   1.86165190e+00   1.81800652e+00   1.64680731e+00
    2.03255868e+00   1.69875753e+00   1.66004741e+00   8.62451017e-01
    8.80620658e-01   1.48063767e+00   2.09208941e+00   1.20882773e+00
    1.26258540e+00   1.61019528e+00   1.57904732e+00   1.21871829e+00
    1.01565468e+00   1.29863572e+00   9.26409125e-01   2.03465033e+00
    1.28868651e+00   2.11438370e+00   5.70108235e-01   1.16472447e+00
    1.14552486e+00   3.00649810e+00   1.61218166e+00   1.09085965e+00
    5.85205913e-01   1.74641442e+00   2.09173727e+00   7.80977488e-01
    9.29582477e-01   1.46246636e+00   1.08301067e+00   1.81367064e+00
    7.85508037e-01   4.96530801e-01   4.72844720e-01   2.00864005e+00
    1.22749794e+00   1.84831047e+00   9.84801278e-02   9.74987090e-01
    7.41107881e-01   2.76421165e+00   1.22178245e+00   1.22511590e+00
    8.13519657e-01   1.48593640e+00   1.37461448e+00   8.96346509e-01
    2.00700092e+00   1.07119060e+00   1.38442540e+00   1.56106532e-01
    4.41202581e-01   1.65308142e+00   9.82846737e-01   2.59180021e+00
    3.26347780e+00   5.73512852e-01   1.87156773e+00   2.40514922e+00
    4.26767647e-01   8.80841613e-01   1.60736167e+00   2.63139749e+00
    4.53257442e-01   1.46244109e+00   3.83080333e-01   8.97031069e-01
    1.19482934e+00   1.48260593e+00   1.20394790e+00   1.24052203e+00
    7.51280308e-01   1.46024704e+00   1.53609085e+00   1.71249163e+00
    9.33032274e-01   8.39540422e-01   2.30325079e+00   1.26267600e+00
    1.23185313e+00   6.25705183e-01   1.81238151e+00   1.35087800e+00
    1.18043149e+00   9.24988925e-01   2.61379790e+00   1.52585077e+00
    7.77906299e-01   1.68796372e+00   7.35586524e-01   4.39098072e+00
    1.57398593e+00   1.85375130e+00   1.07159197e+00   1.41998959e+00
    1.29604912e+00   2.39645886e+00   1.37397194e+00   1.56341624e+00
    1.15851557e+00   1.62899804e+00   6.29851401e-01   1.33826137e-01
    1.29827547e+00   1.05816233e+00   1.10421789e+00   1.62457514e+00
    1.02905667e+00   1.82003999e+00   1.66004956e+00   1.53241324e+00
    7.63116777e-01   1.55650413e+00   9.21734393e-01   1.67122054e+00
    1.88112867e+00   1.89946651e+00   1.86575902e+00   1.23536789e+00
    5.90902686e-01   2.76038361e+00   1.27264261e+00   2.10398746e+00
    1.07192421e+00   1.13251364e+00   1.64115810e+00   9.84938264e-01
    1.77516985e+00   1.25490677e+00   1.38203382e+00   1.83971071e+00
    1.02166629e+00   9.57781553e-01   1.80320966e+00   1.90918159e+00
    8.92501652e-01   1.06341994e+00   7.90568650e-01   1.03064084e+00
    1.82943702e+00   2.18518877e+00   1.58498514e+00   1.03078544e+00
    1.27960360e+00   2.29280138e+00   1.86290693e+00   3.05337501e+00
    1.44092965e+00   1.62209690e+00   4.60994780e-01   2.24492168e+00
    2.17686296e+00   1.58936822e+00   1.96032274e+00   1.30810297e+00
    1.24030435e+00   1.41228235e+00   1.89167809e+00   1.47608662e+00
    1.77656329e+00   1.74062455e+00   1.56123734e+00   2.80785894e+00
    1.47371995e+00   6.12569690e-01   2.00672245e+00   1.31407964e+00
    1.25029290e+00  -4.52384027e-03   1.55045116e+00   1.80373311e+00
    1.17150307e+00   1.26724815e+00   1.17074537e+00   1.94340682e+00
    1.04177237e+00   2.24499559e+00   1.18808222e+00   1.26035988e+00
    2.08317184e+00   1.85631955e+00   3.40297484e+00   1.52437961e+00
    1.53337145e+00   1.18675792e+00   1.60131979e+00   1.31062496e+00
    1.91664660e+00   1.23630607e+00   1.30424809e+00   1.85095954e+00
    2.69613552e+00   1.38751400e+00   1.03216696e+00   1.73436379e+00
    1.61823833e+00   3.68403673e-01   1.96190894e+00   6.87525690e-01
    1.85348189e+00   1.07744062e+00   2.02065468e+00   1.09944737e+00
    4.89648432e-01   2.04900193e+00   1.32715762e+00   1.41337931e+00
    8.85185838e-01   1.14443195e+00   2.30887100e-01   1.40858412e+00
    1.42287576e+00   1.66174269e+00   6.46120131e-01   2.10700059e+00
    1.44424284e+00   1.82094872e+00   1.75024509e+00   1.78478336e+00
    4.39917952e-01   1.44234157e+00   1.36951029e+00   2.15249705e+00
    2.81895757e+00   2.44033480e+00   1.64883077e+00   1.77497125e+00
    1.16991270e+00   2.02047849e+00   4.06593800e+00   5.41476071e-01
    2.09794116e+00   4.59189713e-01   9.42999244e-01   1.39039791e+00
    3.33510447e+00   8.14123094e-01   1.60320604e+00   1.03188598e+00
    1.23539126e+00   1.53065121e+00   1.87724173e+00   1.22033656e+00
    9.00090516e-01   1.50434446e+00   6.41277730e-01   1.65132236e+00
    1.97757578e+00   1.17908740e+00   1.26658237e+00   2.48471403e+00
