 1.3562957   1.65720677  1.04220831  2.31798077  1.41983831  1.38868284
   0.18844864  1.91669273  1.10571098  1.12427795  2.08120275  1.20200515
   0.61506039  0.31481555  0.80670327  1.67061996  2.07931161  0.65684056
   2.16561341  1.06950319  1.44867599  0.95771796  1.73624194  1.75502253
   0.77453309  1.03768313  3.47419572  1.91216028  1.43080509  1.01781702
   2.05365014  1.58729315  1.76451099  1.48180056  2.27195907  1.58076847
   1.77833748  1.51452494  1.07215691  1.48569667  0.98482043  1.73166859
   0.85674286  0.86143386  0.81916046  1.91693604  1.02460301  1.01703155
   1.67044163  2.19057035  1.5082674   1.02207327  0.34555981  1.97741973
   1.49911118  1.1706692   0.55583775  1.05646825  2.65031981  1.55340517
   1.3177402   0.70738113  1.10809124  1.20273709  0.69032961  0.67160493
   0.9973281   0.74992275  1.32453096  1.45821464  2.51373959  2.77432156
   2.30829382  2.29023147  2.4547174   1.26609182  1.49834239  1.53039086
   1.80951023  1.17165625  1.13164091  1.09396923  1.90545464  0.35566595
   1.54231942  1.69287705  0.74719125  2.48480654  1.1787113   3.00249672
   1.20240533  0.9736014   1.11521971  0.54544199  2.13311362  0.79482144
   0.54378349  1.75078011  1.6982857   1.1513896   1.83734155  1.13561642
   1.3240664   1.02330756  2.34354925  2.07353234  0.97769713  2.13041496
   0.917822    0.9771986   2.09518838  1.29161608  2.46537113  1.19942284
   2.34156704  0.64496779  1.99168861  2.4336729   1.10868204  1.75937903
   1.53020537  2.07556987  1.14986098  2.11274028  0.82086456  0.79886103
   1.28508019  1.81990516  1.08052588  0.87323391  0.54503489  2.50513124
   1.95960939  1.19189024  2.72609448  0.4317601   2.35870314  0.29807255
   1.7806623   0.77856457  1.93420637  0.90279949  1.89960158  1.78431165
   1.17424893  0.97958606  0.08373394  2.16531634  1.83584034  0.79214752
   0.98707432  2.12117696  1.36835694  1.61910355  0.43562117  1.58551884
   1.17214775  2.74835944  0.75067866  2.31838155  1.39654696  1.42979097
   0.52577144  1.50547743  1.55666029  0.57483208  1.13782191  1.46689236
   2.64077616  1.16493821  1.25886154  0.52852905  1.29025674  1.0669663
   0.86321408  2.84236646  1.81808412  1.77282596  2.25274086  1.34568822
   1.27094781  2.33740711  1.64109218  2.14908695  1.71753585  2.57953858
   0.57147658  3.79222178  0.62764651  1.19065726  2.64601111  1.98275959
   0.44140393  1.22050452  3.48043704  0.72253627  1.65510166  1.57600462
   0.76627946  1.63389921  1.82199478  1.1557647   1.02517533  1.72667682
   0.99244231  0.71879089  2.0174315   1.01568675  1.76081085  0.11813987
   2.03257871  1.17936957  1.12707591  1.01685333  2.87120056  0.70538288
   1.86450303  0.95535797  1.48349464  1.12512422  1.4939841   1.136729
   1.09780037  1.89998209  1.41695917  2.62843823  0.99847817  2.48670912
   1.96920025  1.0306561   2.35280013  0.8603307   1.72432113  2.47825742
   0.81874436  2.20642924  1.76029861  1.25264418  0.990062    1.36271942
   2.12643385  1.28168714  1.12170374  1.79696107  2.04749346  0.9285394
   1.87014353  1.54443729  0.57921469  1.87703586  0.81337088  2.45510626
   2.08441854  1.04053497  0.52506632  1.56723356  4.55648375  2.85357428
   1.57352543  1.58894122  1.56014431  1.43629897  1.71210945  1.17729652
   1.79807913  0.56949538  1.57832873  3.07361174  1.10421276  1.59110868
   1.52785575  2.85062194  1.15713441  1.39900279  1.01031113  1.67021
   1.78201473  1.33737826  0.65280294  1.33754873  1.84768927  1.19222963
   1.86271834  1.65387154  0.90414643  1.88326812  2.28152108  1.08274043
   1.11170948  1.15036917  1.645491    2.11611938  2.06702065  0.55419749
   0.44978443  2.42422938  2.12636471  1.99195659  0.02258953  1.98941171
   0.58188593  2.54272079  1.45835364  1.31505322  2.07068944  1.44417989
   1.23304474  0.99140048  2.05397868  1.32475829  1.42090857  0.47200912
   0.46224025  1.84929025  1.90400243  2.12834597  1.79815745  1.03076339
   1.59659708  3.72678518  0.91510129  0.94542855  1.24552596  2.33975935
   1.2466563   1.92626262  0.58166754  0.83108181  1.31794417  2.08469892
   1.29311991  1.69384122  1.36581552  1.690768    2.01380873  1.04502082
   0.94412607  1.18049622  2.47531533  1.02699435  0.9173826   1.50246716
   1.33303678  1.87001777  1.31139386  1.01175344  1.98145866  2.40103054
   0.79070491  2.03676271  1.28058052  5.30736351  1.49485052  1.32437265
   1.44570971  1.01559317  1.52057803  2.27507281  1.313905    1.85802555
   2.32568622  1.95855272  0.59748977  0.16880554  1.85243249  0.81139499
   0.90585005  1.55465937  1.06528544  1.04609764  1.90190041  1.49123394
   0.75258118  0.93863416  0.85828602  1.57411909  1.78410876  2.60388947
   1.95150387  2.14505625  0.3190487   1.28833938  1.29804254  2.92802739
   1.00768125  1.16143668  1.36762345  0.93050504  1.99410355  1.44622064
   1.26798654  2.22513747  1.75476301  0.90667796  2.01752257  1.16162705
   0.27335361  0.5342657   0.95191944  1.63597524  2.05371666  2.01831007
   1.51660013  0.79595083  1.67578554  1.84952807  1.58982289  2.21338558
   1.71246946  1.62703717  0.81342304  1.84510946  2.06628752  1.30426311
   2.56671548  1.47017443  1.21330214  1.50442922  1.69202077  1.61717451
   1.82903445  1.71716464  1.76803541  2.50603724  1.86884785  0.58023989
   1.42709148  1.79727924  1.51710975 -0.04442845  0.92666519  1.34207571
   1.21388066  1.30289865  1.52703655  2.2974422   1.44279397  3.84118915
   0.60759515  1.44992089  1.22914588  0.89383703  2.20183253  1.12983263
   2.01427841  1.17182875  1.36779368  1.32689011  1.3761586   1.08405328
   1.25793028  2.64686537  1.35739553  1.60581005  1.23502135  0.75111198
   1.75990438  1.11500883  1.71838713  0.74176329  1.42502701  0.95719063
   1.97365284  0.77969843  0.97518808  1.9620291   2.55739284  1.93695724
   1.89340496  1.64138186  0.9823944   0.85736448  1.8414377   1.71522319
   0.61796767  1.4598608   1.12528658  2.25902987  1.45908391  1.59688926
   2.23274755  2.46265602  1.86489248  1.45434737  3.13071752  1.76526773
   2.79614639  1.22888267  1.17141938  1.74820161  3.351439    0.71948296
   1.69314754  2.02020001  1.38079298  0.51446277  2.68870568  1.25420368
   2.01177001  1.1655941   1.41130507  0.94481033  0.88318145  0.7525351
   1.40259349  1.70553195  0.54684401  1.09221292  2.07058191  1.07377779
   0.86183435  1.67257857
