 1.86881566  2.09404635  0.81106448  1.69879448  1.21954536  2.2690444
   0.96019447  2.54556465  0.71316046  0.83597279  1.34390044  1.17012823
   0.81600177  0.64917833  0.56743038  0.93713915  1.97621262  0.69129419
   2.80879068  1.04440331  1.74305868  1.11169708  1.39744008  0.88910139
   0.92345786  0.92764151  3.10262966  1.60640526  0.81959248  1.91277456
   1.71358836  1.61667907  1.5970881   0.94481343  1.78494442  2.27858973
   1.1192739   1.35725367  1.91828692  2.23907304  1.35630357  1.1779871
   1.33216107  0.98018324  0.84837669  1.55438673  0.89613819  1.02804673
   1.88335526  2.14762282  1.30505574  0.91695517  0.58925366  1.82431591
   1.47700179  1.85348022  0.61686504  1.35027397  1.43555582  2.17083049
   1.96848595  0.89125675  1.02198648  1.3127234   1.43918252  0.82854331
   0.99987942  1.276317    1.40135598  1.37601149  2.13117933  1.12823963
   1.35902846  2.44856954  2.84058738  2.24106574  2.09058332  1.45261037
   1.7251178   1.30218399  0.23493396  1.07623529  1.44321775  0.44997239
   1.43427289  1.76882005  0.46725518  3.11277747  0.96490169  3.2017169
   1.4227109   1.93435693  0.84051353  0.69525009  1.84114993  2.18711782
   0.86427498  1.3918817   1.61940193  1.33015954  1.64996147  1.19488728
   1.36269271  2.02044773  2.218678    1.8746084   0.78869575  4.52474499
   1.19052339  1.00197661  1.97758079  1.02018464  1.4910872   1.21158934
   2.35410357  0.72434819  2.44646692  2.00450873  1.41537285  1.0885185
   1.26345158  2.15970349  1.76530194  2.26774931  0.70239353  1.23854804
   1.12335873  1.7501353   1.25616372  0.87455815  0.42060262  2.57569003
   1.77193356  1.07170355  2.69785261  1.39532471  0.93007112  0.56243086
   2.21767569  1.25579369  2.00275731  0.8736257   2.74634218  2.16957521
   1.27221286  1.18269444  1.19833744  1.88649321  2.60632563  0.26781976
   0.95048749  2.90160632  1.65869522  1.4779613   1.61582661  1.69554567
   1.66711307  1.20785892  0.5496648   0.84374601  1.60297179  1.81350148
   1.17594886  1.50985289  0.73065484  0.90282083  0.62079167  1.02762687
   1.54510796  1.48293543  1.38510478  1.37577367  2.50140333  0.62913901
   1.46577382  2.47204375  1.80943179  2.13584781  1.92846704  0.89941287
   1.51892257  1.55666852  1.99406433  2.63353515  1.92094767  2.28510666
   0.52412903  1.9938587   0.59627175  1.00296819  2.22139215  1.87651527
   0.46897027  1.05683327  1.92469418  2.11711407  1.53752744  1.56600702
   0.71490085  0.68405753  1.27474797  0.93290544  0.55056226  2.1430316
   1.47600186  1.50075734  1.42977297  1.18570173  1.8862623   0.4034982
   2.48248935  1.76757908  0.97270501  0.5080291   0.9810223   0.71425104
   2.4270196   1.05747879  1.45337188  1.29103124  2.69872093  0.97459191
   1.09954488  1.53233981  1.53543055  3.35799599  0.98001468  2.26103044
   2.48609233  0.99022347  1.75146163  1.36469197  1.64257884  2.20609999
   1.86814106  1.62346172  2.19425869  1.49342978  1.05644929  1.49659336
   1.34663498  1.24017966  1.10267293  1.33174121  0.50764453  0.94452018
   1.78785443  1.2485739   0.88538331  0.50664133  0.96011484  2.29075599
   1.3550365   1.09280479  1.14001894  1.47141266  4.33548117  1.72641039
   1.26138127  2.00063562  1.30614853  2.06077576  1.66802073  1.12960064
   1.48044121  1.1440233   2.54797697  1.35866904  1.02662241  2.11267447
   1.50815547  1.76657033  1.23264921  1.16026819  0.86076289  1.4670428
   2.01040006  1.82225096  0.74089152  1.5130564   1.15685391  1.22480714
   2.44121814  1.15290523  1.3429352   1.6339792   1.76118851  1.08145595
   1.05635619  1.10565901  0.63817048  1.10185039  0.84985155  0.35277277
   1.01894581  1.80691779  1.40723467  1.79901147  0.6525017   2.49850821
   0.39487776  1.22895932  1.51825261  1.22374642  2.2431457   1.4182117
   1.48163998  0.90536046  2.10751033  0.51231319  1.68304348  1.58528805
   0.71634227  1.60187614  1.26755404  2.75911045  1.50801301  1.49386227
   3.22684503  3.32085872  1.1071068   0.89688879  1.01188254  2.61091208
   0.55319881  1.94476664  0.70745939  0.98917466  1.72797847  1.92984414
   2.25586128  1.02705979  1.09113145  1.68115389  1.23843348  0.82075554
   1.70681334  1.14724863  1.40334606  1.12284052  1.02305973  1.40480804
   2.04549432  2.21183038  2.10406351  1.04958081  1.9006989   2.05534291
   1.92513943  2.05262065  0.61745781  2.0898447   0.98359102  1.36404181
   1.50263393  1.19441736  1.08863437  1.85685956  1.47010958  1.65181077
   1.546808    2.04998589  0.69321483  0.74516201  1.75095308  1.02734292
   1.75398219  1.7782681   0.98259705  1.13841677  2.27580309  1.524822
   0.73198313  1.45841444  1.03259265  1.87312031  2.63167906  2.6968689
   1.36449504  2.05493498  0.80950052  1.3342303   1.98481131  2.2088151
   1.1434288   1.26346099  1.73856997  0.92704827  1.66072631  1.78884292
   1.31002963  2.45507097  1.09143305  1.016415    1.87492323  1.20567143
   1.36385131  0.43647218  1.3403089   1.29148579  1.15546966  1.40851045
   1.66185546  1.13145721  1.43104815  1.95432746  1.58010173  2.63804507
   1.38719177  1.06121528  1.22751307  1.67986131  1.99806762  1.32073224
   2.32945704  1.10738623  1.39952481  2.09041739  1.76572168  2.07157063
   1.53323829  1.73913968  1.24669993  2.26062298  1.79893649  0.58548301
   1.51093161  2.40366411  1.08987224  0.69539136  1.58137608  1.50586605
   0.82985675  1.26015735  1.31849635  1.67855072  1.30513287  1.09376538
   1.23736942  1.72723973  0.66295159  1.80587077  1.88036251  2.58144927
   1.74523151  1.80052686  1.16158414  1.26372433  1.24086809  0.93266213
   0.84516138  0.98794454  1.37058747  1.36248922  0.90640879  1.20578504
   1.61761248  0.42919469  1.11524129  0.65229309  1.54787242  0.85335988
   2.74236155  1.11362183  1.14818251  1.39958835  1.55286932  2.15432787
   1.72265673  2.19127655  0.99398011  1.33329284  1.50154066  2.08991432
   1.88071096  1.84836113  1.8883785   2.00896502  1.07174861  1.18390667
   1.26575279  1.83621156  1.75823772  0.63555551  2.32191586  2.71954131
   1.31946492  1.93575478  1.82442236  0.90130562  3.18285656  1.03662777
   2.00555086  1.60779023  0.97146797  0.90024489  2.91642594  0.87462217
   1.66768992  1.14862287  1.84232426  1.03697503  1.01099789  1.80031812
   1.0845077   1.77262521  0.5368259   2.08921075  1.99866831  0.93895346
   1.30367959  0.76865488
