  1.51531804e+00   1.56235707e+00   9.33942139e-01   1.73200357e+00
    1.88515913e+00   2.88462925e+00   3.19294333e-01   3.00238848e+00
    7.27076113e-01   8.85239661e-01   2.81509233e+00   1.81715274e+00
    8.93519163e-01   2.37569466e-01   7.10976303e-01   1.45744848e+00
    1.63320065e+00   6.86735451e-01   2.81644273e+00   1.06822443e+00
    1.20495772e+00   1.33314049e+00   1.41905081e+00   1.27815914e+00
    1.14263439e+00   1.05513000e+00   3.00522423e+00   1.60916102e+00
    8.80015552e-01   2.79455233e+00   1.66962397e+00   3.07841873e+00
    2.79886246e+00   9.43860769e-01   1.46385658e+00   2.53634048e+00
    1.32302558e+00   1.11619127e+00   1.50217819e+00   1.85070884e+00
    1.42919970e+00   1.06404400e+00   1.60972261e+00   1.40671027e+00
    8.16392899e-01   1.46961248e+00   1.01625323e+00   1.04215777e+00
    2.64475989e+00   2.81651235e+00   1.53867042e+00   1.17481208e+00
    6.96790993e-01   1.47464383e+00   1.69376898e+00   1.51159000e+00
    8.42855453e-01   7.34133124e-01   1.75938964e+00   1.41434276e+00
    1.54976583e+00   5.84022254e-02   1.07962263e+00   9.41831172e-01
    1.31717455e+00   8.86690557e-01   1.01247644e+00   6.47262573e-01
    1.37941480e+00   1.21253586e+00   2.32567525e+00   1.73657334e+00
    1.63263774e+00   1.19604409e+00   1.44728303e+00   2.49031901e+00
    1.81179655e+00   1.35042453e+00   1.51122880e+00   1.63737226e+00
    8.73653531e-01   1.07054615e+00   1.43541121e+00   4.33248609e-01
    1.92692757e+00   2.37886953e+00   4.42427009e-01   2.70045829e+00
    9.41421211e-01   1.62690294e+00   1.16116321e+00   2.66914916e+00
    9.52052057e-01   8.30768287e-01   1.73585081e+00   1.55950928e+00
    7.52199054e-01   1.71545887e+00   1.28854847e+00   1.39604080e+00
    1.52129138e+00   1.38499022e+00   1.02860972e-01   1.55349219e+00
    1.49134648e+00   1.53400743e+00   9.94255900e-01   3.78787899e+00
    1.30538082e+00   9.72123802e-01   2.23077893e+00   2.09780645e+00
    1.26875913e+00   1.35708737e+00   2.26080513e+00   6.69778407e-01
    2.14600658e+00   2.73627567e+00   1.93358755e+00   1.19613552e+00
    2.15884495e+00   2.18629837e+00   1.53841901e+00   3.14609981e+00
    6.85665190e-01   1.14243042e+00   1.23115444e+00   1.96442461e+00
    1.11423981e+00   1.03815258e+00   5.89676738e-01   2.22446036e+00
    1.57137358e+00   7.09909022e-01   2.64632535e+00   5.56520522e-01
    1.72953331e+00   5.09818435e-01   2.18829799e+00   2.67772985e+00
    2.13132119e+00   1.52787673e+00   2.54983449e+00   2.37347531e+00
    2.17183757e+00   9.20473993e-01   1.59190565e-01   2.27263784e+00
    3.38759995e+00  -2.16705035e-02   9.94014561e-01   2.76167107e+00
    1.94659245e+00   1.15860665e+00   6.15543783e-01   1.86749136e+00
    1.57146347e+00   1.97856736e+00   6.70142591e-01   2.12861490e+00
    1.30150664e+00   1.62847292e+00   1.39466870e+00   1.77820694e+00
    1.83196008e+00   9.53326464e-01   3.90519500e-01   9.24702525e-01
    1.43548274e+00   1.35620642e+00   1.50274432e+00   5.28614342e-01
    2.50057936e+00   1.32430243e+00   2.02381277e+00   2.77002954e+00
    2.04034948e+00   3.06094956e+00   2.65310764e+00   7.55426407e-01
    1.63354266e+00   1.33605516e+00   2.07750773e+00   2.74201941e+00
    1.86077130e+00   2.22828341e+00   1.00019383e+00   2.01589108e+00
    6.28770769e-01   1.08315802e+00   2.50896978e+00   2.56987906e+00
    2.76236653e-01   1.46148908e+00   1.76855171e+00   1.37858522e+00
    1.50111139e+00   1.76519549e+00   8.78028393e-01   1.07669568e+00
    1.70529079e+00   8.08009982e-01   3.48385125e-01   2.38947606e+00
    1.56377149e+00   1.09708416e+00   7.79290199e-01   7.27251589e-01
    1.77813292e+00   3.29845756e-01   1.84614432e+00   1.70541799e+00
    1.02094603e+00   1.27834344e+00   9.96274114e-01   6.71869457e-01
    2.68579888e+00   1.01795995e+00   1.22193861e+00   1.82639682e+00
    2.10876346e+00   1.20969880e+00   1.25364304e+00   1.36296630e+00
    1.58499575e+00   2.86749625e+00   9.57858503e-01   2.15945435e+00
    2.57830358e+00   7.66464055e-01   1.47925568e+00   1.40902185e+00
    2.17494988e+00   2.03749037e+00   1.39003992e+00   2.20945907e+00
    2.28434181e+00   1.67901051e+00   1.49513400e+00   1.75369966e+00
    9.96980309e-01   1.22598827e+00   1.47802448e+00   1.85379255e+00
    6.18611097e-01   1.01696277e+00   2.07567000e+00   6.05546355e-01
    9.28033113e-01   7.84486175e-01   6.62708342e-01   2.44012594e+00
    1.35368013e+00   1.15289879e+00   1.57221749e-01   2.10290480e+00
    2.87689137e+00   1.86206913e+00   2.44214630e+00   1.87337685e+00
    2.01809359e+00   1.69428217e+00   1.66684151e+00   4.55798596e-01
    1.31648290e+00   1.37156630e+00   2.23198485e+00   1.47755754e+00
    1.04702175e+00   1.56658614e+00   2.37162757e+00   2.90473771e+00
    1.37619126e+00   1.15189743e+00   6.53053463e-01   1.48653507e+00
    1.27889860e+00   2.46569872e+00   1.07680702e+00   1.26109731e+00
    2.03899479e+00   4.20331091e-01   1.99717820e+00   1.36415398e+00
    1.06716490e+00   1.54400015e+00   3.04689622e+00   9.51261759e-01
    7.45793521e-01   9.66811895e-01   9.53682184e-01   1.31902432e+00
    8.50426853e-01   6.15645170e-01   9.64288890e-01   1.93360603e+00
    2.01430607e+00   2.08857036e+00   2.97794402e-01   2.56122327e+00
    4.44108903e-01   1.73799992e+00   1.98726690e+00   1.40984678e+00
    1.86032879e+00   1.44579589e+00   1.67188907e+00   1.10792804e+00
    2.29303360e+00   1.00908577e+00   1.73668826e+00   9.02839601e-01
    5.10835230e-01   1.40428793e+00   1.84327519e+00   3.49755955e+00
    3.99258137e+00   1.33934939e+00   1.58947754e+00   3.20252085e+00
    1.31812489e+00   1.08069360e+00   1.16539359e+00   2.08277798e+00
    4.81671125e-01   2.13929319e+00   6.13274515e-01   1.25384617e+00
    1.17754805e+00   1.83120942e+00   1.22132874e+00   6.95345938e-01
    1.08615065e+00   1.25132895e+00   1.03989232e+00   8.95940840e-01
    9.27445889e-01   1.25847328e+00   1.51777899e+00   7.14596331e-01
    1.03746974e+00   1.30561292e+00   2.32301593e+00   2.13055897e+00
    1.46219325e+00   1.28267288e+00   1.53846896e+00   2.15434933e+00
    1.61140847e+00   1.88026810e+00   1.29950511e+00   2.75349975e+00
    2.29856992e+00   1.32297516e+00   1.45424390e+00   1.05669034e+00
    1.80321300e+00   1.85852408e+00   1.53795230e+00   1.19051790e+00
    1.45906258e+00   1.60011888e+00   6.46185994e-01   6.15841746e-01
    2.16815925e+00   8.45028937e-01   2.37920022e+00   1.96241629e+00
    1.57894671e+00   1.63033330e+00   2.45404792e+00   1.54393256e+00
    8.01128328e-01   1.72473490e+00   9.45139527e-01   1.59401023e+00
    1.77550745e+00   2.61138797e+00   1.03037715e+00   1.94457173e+00
    1.08382022e+00   2.13440967e+00   1.65207326e+00   1.87987208e+00
    1.35859978e+00   1.50591159e+00   1.54037285e+00   9.55361187e-01
    2.08774567e+00   9.58851397e-01   1.23418021e+00   2.84504390e+00
    1.33311296e+00   8.68813694e-01   1.32533848e+00   1.06121111e+00
    4.54005659e-01   7.13197887e-01   1.68772948e+00   8.67911994e-01
    6.35632753e-01   2.72154832e+00   1.34216416e+00   9.24134195e-01
    8.82301688e-01   2.00048256e+00   1.59134960e+00   2.69487762e+00
    1.48085153e+00   1.62618303e+00   1.44191122e+00   1.83793354e+00
    1.81650257e+00   1.15219271e+00   2.01916552e+00   9.77346599e-01
    1.23475575e+00   1.63954473e+00   1.80044866e+00   1.95424294e+00
    1.61663365e+00   1.73836780e+00   1.72162986e+00   1.76930380e+00
    1.59422600e+00   8.54960561e-01   2.23716688e+00   2.67322016e+00
    1.08488798e+00  -3.08719557e-03   1.68482935e+00   2.20979166e+00
    9.63566482e-01   1.06342065e+00   1.42858064e+00   1.62888801e+00
    1.61472714e+00   2.46568441e+00   1.26305199e+00   1.86191344e+00
    1.31700981e+00   2.59961748e+00   9.32288706e-01   1.97979903e+00
    1.48646843e+00   1.68445504e+00   8.54790986e-01   1.26525331e+00
    2.05580592e+00   9.79778230e-01   1.27015841e+00   3.80380368e+00
    2.17061257e+00   1.69655824e+00   6.48180723e-01   6.09205842e-01
    1.89737284e+00   8.33060443e-01   1.23381591e+00   9.44204986e-01
    1.79172158e+00   9.30016875e-01   2.55772614e+00   1.33015943e+00
    1.00138235e+00   1.91454065e+00   8.25057685e-01   1.42462516e+00
    1.61907291e+00   1.82347226e+00   8.74410510e-01   1.24788165e+00
    1.08205736e+00   2.15599942e+00   1.53053272e+00   1.83832586e+00
    2.27587080e+00   7.12866485e-01   1.16120100e+00   1.09834146e+00
    1.26500320e+00   1.34155774e+00   1.73753977e+00   1.11647117e+00
    2.32360983e+00   3.87290096e+00   7.94575036e-01   1.01780736e+00
    9.47110415e-01   8.05739999e-01   3.98474932e+00   4.82547760e-01
    1.47650707e+00   6.90483689e-01   1.26746225e+00   9.12438512e-01
    2.69823813e+00   1.41412067e+00   1.66463637e+00   1.21034086e+00
    1.10074627e+00   1.02515054e+00   1.64778376e+00   6.01061404e-01
    1.69172311e+00   1.73061097e+00   7.24605262e-01   8.14713597e-01
    2.72306323e+00   7.61305094e-01   8.26140285e-01   8.19423616e-01
