 1.52735746  2.63301158  0.95156091  1.95874643  0.94340426  1.63791156
   0.61318117  2.43205357  0.9260875   1.44101858  2.19848371  1.34876359
   1.37347138  0.74612617  0.44587079  1.49824488  2.50311899  0.80324805
   3.46435404  1.12433124  1.33183634  1.38400865  2.05587935  1.97886801
   1.36358345  0.94095838  3.13262033  1.8869803   0.75110644  1.52326107
   1.75555968  0.90406048  1.720204    0.80234134  1.7400223   2.20646858
   1.49468887  1.86276031  1.75175405  1.65283453  1.06065726  1.32002842
   0.86907643  1.32410622  0.80660075  1.39690876  1.06865788  1.00912929
   2.43737841  2.8628211   1.60274994  1.32916081  0.56543928  1.55911827
   1.47983563  1.54508293  0.72843039  0.61905253  1.18488193  2.3747623
   1.60464907  0.33846927  1.26562858  1.60516739  0.82948232  0.80834931
   1.0340054   0.78947806  1.25769281  1.43526447  2.14032817  2.40267229
   1.3869282   0.89324933  2.09185719  2.28261471  1.20048249  1.2947191
   1.43532193  1.24587524  0.30076766  1.12960875  2.15227056  0.67198181
   2.29028392  1.47500718  0.60854942  2.17463183  1.22927761  1.93492186
   1.61309934  2.64573336  1.38269818  0.80199969  1.93392503  1.67620885
   0.92382276  1.75926995  1.86322165  1.47767377  2.1825552   1.36611319
   0.45992324  1.29543066  2.13574719  1.27129292  1.34693027  2.19644547
   2.12381077  1.0014112   2.90304327  1.60186684  1.32149649  1.52765644
   2.32084274  0.58772469  2.35372066  2.61075592  1.31546128  1.59507668
   1.48641407  2.74401498  1.77137172  1.87018979  0.72402447  0.75084871
   2.17935467  1.76567411  1.13888502  0.87653238  0.3953439   1.79844975
   1.41942143  1.31070852  2.98850346  0.77180243  0.79434687  0.25714424
   2.26553249  1.93516493  2.05791593  0.9155429   2.72857952  2.79986644
   1.40043044  1.03033733  0.39193052  0.88631243  2.79809761  0.38824147
   1.98176396  2.72910094  1.38904834  1.47719741  0.64792472  1.4574312
   1.95356524  0.76533389  0.71457523  0.58084309  1.74708629  2.34518766
   1.51714838  1.93507695  2.08261514  0.43039083  1.10303223  1.45766413
   1.89750743  1.23759472  1.48691225  0.67127758  2.15893984  1.14329219
   1.21457481  3.02546597  2.1615417   1.6547569   2.12771392  1.24138463
   1.63610721  1.2575829   1.97669196  2.29192448  1.93167531  2.86963964
   1.03050399  2.7217629   0.68104297  1.31264901  2.55936646  2.74395657
   1.2391609   1.43496847  1.4943186   0.18647158  1.8208493   1.54620361
   0.72536939  2.2254107   0.91279739  0.71769589  0.25359604  1.84965479
   1.09985805  1.20171309  1.10900629  0.55791932  2.47752833  0.99160498
   2.13779402  2.04941869  1.03373706  1.20352709  1.13129413  0.78861368
   2.8318274   1.09960353  1.08196092  1.86269093  1.79095531  0.8046692
   1.05842507  1.95746243  1.30927503  2.17248082  0.9661358   2.71494961
   2.38625646  1.27933216  2.19222403  0.81417036  1.90890336  1.52693081
   0.8462562   2.05422807  2.5467217   1.68598294  1.04719508  1.48420727
   0.93867421  1.24980175  1.18743396  2.99491286  0.83438289  1.03092396
   1.52634215  0.99080455  1.01997745  1.2988404   1.13932288  1.85517049
   1.5325619   1.71647596  0.67255652  1.96649373  2.75102258  2.8846519
   2.7120986   2.08457327  1.64248216  1.91533792  1.69793129  1.37465131
   2.65671945  1.16007257  2.13246655  1.06908643  1.01292765  1.8182863
   1.44787323  2.27436471  0.91913241  1.56165111  1.17367136  1.50637376
   1.3038336   1.59490955  0.58972448  1.20738113  1.23287797  0.50729346
   1.77364993  1.31638539  1.05613649  2.34089303  2.75161743  0.8190099
   1.51125932  0.62185419  1.38736475  1.49611521  0.82136285  0.3954286
   1.22607338  3.14983416  1.49456716  2.18478251  1.03544247  0.39121515
   0.40137303  2.32875371  1.75115502  1.21881211  1.34372127  1.47667694
   1.19999456  1.17543519  1.85020244  1.63390374  1.76076317  0.454135
   0.40233469  1.48585808  1.74286473  2.98363233  2.11776733  1.22141778
   3.44570589  3.34483933  1.61069489  0.97616553  0.88342553  2.18802953
   0.51548249  1.97792292  0.75783962  1.08641672  1.19088471  1.48226416
   1.38765562  1.57450521  1.78844941  1.43798006  2.09492016  1.0292834
   0.91916484  2.02562213  1.63715458  1.45603776  1.23803413  1.22069538
   2.29975653  2.04762793  1.0179199   1.2001394   1.41771007  1.21346295
   1.53758252  1.93666804  1.19402313  1.86995542  1.97329855  1.35252142
   1.12374544  1.32151341  1.3445034   2.4534843   1.47624004  1.87712348
   2.29061222  1.70585346  0.74713486  0.77818882  1.82290244  0.78981853
   1.67950964  1.88098907  1.50042641  1.85605145  2.37390018  1.50142777
   0.77662987  1.75894368  0.89374459  1.77945673  1.58875132  2.94157648
   1.00342703  1.29219973  1.1914258   1.95709801  1.57638633  1.47096264
   1.20456266  1.24065232  1.19762659  0.87101132  1.64865589  1.53861523
   1.71678007  2.13444471  0.94092518  0.89230531  1.64507425  0.59272867
   0.79733139  1.61341631  1.28351104  0.79101747  0.61347884  2.74077892
   1.35758913  0.9158752   1.46027255  2.81163883  1.50650001  2.51545763
   1.99517488  1.7364136   1.04500484  1.55709004  2.61899519  1.37896705
   2.45340824  1.77962291  1.25523472  1.60965359  1.69914627  1.49018991
   2.63854003  1.94364476  1.29447556  2.34332752  1.55715823  0.83643156
   1.66216397  2.02905989  1.23696756  0.07500732  1.49508703  1.79421818
   1.7524693   1.51479852  0.71174395  1.35484695  1.13572097  1.74742568
   1.94203913  1.56645358  1.56810451  1.73231089  1.34897196  1.769086
   1.78110528  1.61117399  1.8455869   1.25120676  1.0920608   1.04735518
   1.32911956  0.71314847  2.73960066  2.56017399  0.58826816  1.89056718
   1.52900338  0.58040589  0.74685961  0.73865181  1.90688396  1.07109761
   2.30875063  1.29932988  1.40303504  3.2783618   1.97279751  1.62711155
   0.45299178  1.59981847  0.84078169  1.35410583  1.28237927  1.69057798
   1.38823879  2.07059503  2.15356541  1.48334312  0.99654424  1.49418259
   0.68098474  0.73175341  2.99646401  1.55306721  2.89402199  2.73117971
   1.22295427  2.73918271  0.8272981   1.73459268  4.01012611  0.94287527
   2.19990778  0.51947767  1.26928687  1.61421883  0.83486336  1.99365222
   1.68020678  1.2551825   1.57184064  1.91849113  2.57004499  0.85668921
   0.74852788  1.73227322  0.73125947  1.03495622  1.90247405  0.81279832
   0.93561649  1.2717669 
