 1.20964706  2.55833244  0.97228849  2.73461771  1.55878663  1.01246727
   0.34278557  2.24000645  0.75455254  1.4617759   2.36622381  1.43173659
   0.6525597  -0.05773065  0.40498298  1.26593244  2.81434131  0.7081098
   3.97518897  1.07028604  1.4363308   1.31424141  1.01618183  2.10238862
   1.42605293  1.09100246  2.92511535  2.14186335  1.07721567  1.008533
   1.68879235  0.69893271  1.4260155   0.76988071  1.8985827   1.99999809
   1.36127102  1.69356918  1.50816083  1.29147792  1.06431615  1.11853349
   1.03008091  1.24047208  0.81278533  1.47964203  1.01767504  1.03269315
   2.6074419   2.55916572  1.57723105  1.44263136  0.61544871  1.30954862
   1.40161765  2.09440088  0.67129374  1.18464839  1.43610275  1.90721416
   1.41510665  0.531802    1.14587128  1.5791012   0.55009812  0.96126026
   1.01257145  0.85527384  0.90369475  1.28174472  1.6562773   2.24256539
   1.6485889   1.33970416  0.95869446  2.06336904  0.9830094   1.40301895
   2.57893944  1.55155098  1.15153706  1.09881735  1.32451332  0.89474452
   2.03043675  2.03088617  0.45824134  3.08315444  1.30371392  2.35080743
   1.40041375  2.14471674  1.12493348  1.01651609  1.92962825  1.24922967
   0.85482174  1.4059962   1.08205521  1.61111104  1.80782866  1.50429249
   0.52482861  1.71242487  2.48893166  2.02543569  1.0640192   1.66487801
   1.71829796  1.14504075  3.50683451  1.23710608  1.34128296  1.39223242
   2.04132462  0.56384927  1.72312117  2.83468628  1.98008502  1.79812896
   1.36416173  1.97747219  2.22061348  1.90520906  0.75504857  1.30544007
   1.76818025  2.24265742  1.28342676  0.87485319  0.48825151  1.45615268
   1.24602103  2.27414775  2.19553471  0.99336237  1.18459427  0.90357965
   2.15961027  1.44703257  1.75413203  1.02445817  2.34694076  2.79523683
   1.13167858  0.98721904  0.28053176  1.25238788  2.30580974  0.20509775
   1.99351847  1.89063656  1.90029049  1.95517993  0.66666776  1.31846666
   1.62280321  1.33146906  0.69531345  0.89367038  2.15831208  2.27534962
   1.01219547  1.45479751  0.72993153  0.68458867  1.1173265   0.79121912
   2.31690907  1.28730905  1.93935704  0.60781175  2.53392863  1.76704276
   1.95830369  2.19661951  1.80357611  2.59870434  2.37228251  0.88302273
   1.81469536  2.72580171  1.53914094  2.5036273   1.915241    2.21494675
   2.04341483  2.18227339  0.89518321  1.28565896  2.77563047  2.31111073
   0.5345993   1.30483079  2.21235919  0.58548278  1.2606622   2.2214992
   1.68286395  2.1850009   1.68163526  0.94382089  0.60371619  1.66797793
   2.09443116  0.9259187   1.2386601   0.94901341  2.12100983  0.17698787
   1.87410378  1.63472795  1.00974357  0.29143402  0.84523493  0.71647
   2.55248404  1.0508163   1.48253918  1.62321663  2.30970144  1.04848266
   2.24034095  1.48709071  1.56104553  2.45517612  0.80764663  2.59216642
   2.03200912  1.93908072  1.78964937  0.6460222   2.35272288  1.61615396
   1.25958169  2.21573973  2.48203444  1.76391852  1.03779519  1.41385508
   1.01471674  1.33723259  1.0516156   2.3718648   1.0570811   0.91066718
   1.3966825   1.2519722   0.48629072  1.94884169  0.93387336  2.76200008
   1.41592622  1.09907186  0.71774971  1.17919862  2.39929986  2.92796588
   1.78010631  1.00522661  1.38098133  1.66796267  1.71272337  0.53700954
   1.49461222  1.45999467  2.447505    1.58772933  0.98621047  2.20787001
   1.60352015  1.16712356  1.02821577  1.72502065  0.94359255  1.48813772
   1.15915895  0.71371084  0.7319926   1.56676733  1.6986692   0.27662462
   1.6605854   1.49195731  0.95552534  1.83668208  2.50625014  1.05590725
   1.44553268  1.06572509  0.99965906  1.52972531  0.8974176   0.18073289
   1.37200904  1.51650822  1.24372327  2.25851536  1.40886772  1.13223219
   0.52204442  1.44647026  2.07102752  1.23598003  1.81906354  1.48521483
   1.61623776  0.92730504  2.34679198  0.89903724  2.3416419   1.34737301
   0.77542275  1.5026679   3.03333235  3.38069487  1.63847017  0.86298424
   2.6347549   2.68153834  1.81620753  0.88106138  1.16436946  1.79955924
   0.43723634  2.08183599  0.768179    1.11910605  1.86942613  1.70277452
   1.26560819  1.40371907  1.06964326  1.23323739  1.64325929  0.71358526
   0.93267125  1.09950912  1.03480041  1.32011867  1.02337134  1.19100213
   2.16439271  2.26846051  1.03343105  1.37429571  1.83047378  1.83702707
   1.57166958  2.11619735  0.91126961  2.33004713  1.4252758   1.31799376
   2.1135993   0.84896219  1.10352492  2.4949832   1.39059103  1.81086814
   1.84331298  2.23113179  0.83124745  0.58203584  1.66639757  0.90354425
   3.1408658   1.87425745  1.46680355  0.9674893   3.35265374  1.52388406
   0.80097342  0.896891    0.77986085  1.53998172  2.02016735  2.94950771
   0.90981561  1.47114313  1.56038022  1.25043547  1.76789975  1.93054163
   1.71180201  1.90540767  1.5802238   0.95622814  1.7322191   1.1358875
   1.78460014  2.22703552  0.83714545  1.03563786  2.05298066  1.23770392
  -0.03300568  1.44813275  1.49067664  0.47423261  0.30144849  0.7344172
   1.51544523  0.82440394  0.94755596  2.50090694  1.29555297  1.86961746
   1.95064795  0.2751286   1.50586879  2.37594557  2.64297318  1.4982487
   2.21031117  1.3291893   1.2281853   1.60176897  1.67358398  0.84997869
   2.76976013  1.75024343  1.16415834  2.41950035  1.73131227  0.8958841
   2.12763238  1.66632438  1.28540909  0.29107267  1.998752    1.48883569
   0.99466723  1.60226583  1.24759841  1.78120327  2.3616457   3.52717328
   0.75724119  2.11871076  0.76797849  0.50829929  1.27182651  2.20666218
   1.31532824  1.81222212  1.6772064   1.43143034  1.65576291  0.97872323
   1.73385584  0.78824192  1.39746225  2.4151659   1.02166498  2.39202476
   1.5047878   0.53061056  0.58414096  0.76496172  1.84385431  0.96537381
   2.36330843  1.97259521  0.82255054  2.30516839  1.2468375   1.44115877
   1.47464597  1.04209852  1.04358613  0.94040233  1.04333866  2.08543706
   1.54007697  2.00443339  1.93957663  1.49240339  1.96860182  0.87404114
   1.08199537  1.33394396  2.25410652  1.30080652  2.15002799  3.34095645
   0.86500895  1.85797429  0.91055602  2.09374142  4.14923716  0.46706402
   0.8717047   0.76808208  1.19208133  0.8980689   0.99551588  0.97052759
   2.2244277   1.45289111  1.66908669  1.17480338  2.09074163  0.6566304
   1.60492957  1.64952326  0.80373591  1.01914704  1.72042561  0.75411981
   0.77305466  1.71659303
