  1.82153296e+00   2.72520924e+00   1.05154419e+00   3.48521638e+00
    1.97089911e+00   1.67967045e+00   5.92085421e-01   2.52867031e+00
    8.17534566e-01   7.73229480e-01   2.42515159e+00   1.84153938e+00
    7.00264692e-01  -2.62793303e-02   6.82621360e-01   1.39474344e+00
    3.12595296e+00   8.59280169e-01   3.25339627e+00   1.20268202e+00
    1.25900292e+00   1.48944032e+00   1.54338264e+00   2.80226159e+00
    1.13003051e+00   1.02279723e+00   3.50067782e+00   1.84239268e+00
    8.26641500e-01   7.37945795e-01   2.22273517e+00   1.60115874e+00
    7.72919059e-01   1.46520627e+00   1.58168340e+00   2.48141575e+00
    1.46737456e+00   1.34702444e+00   1.22773349e+00   1.95828283e+00
    3.63962233e-01   1.58663976e+00   1.55875742e+00   1.21134341e+00
    7.92628706e-01   1.18910694e+00   1.06711113e+00   1.01993871e+00
    1.92072916e+00   2.99277186e+00   2.25425148e+00   2.14014888e+00
    2.62702584e-01   1.70962405e+00   1.37083542e+00   1.75493276e+00
    7.20649958e-01   1.08912468e+00   1.70129764e+00   2.73507476e+00
    1.81212831e+00   9.46857989e-01   1.17421103e+00   2.01150966e+00
    1.83192456e+00   8.36138666e-01   1.04100382e+00   8.38722825e-01
    8.77263427e-01   1.38161159e+00   2.07282043e+00   1.30233908e+00
    1.24279428e+00   1.66369557e+00   2.34566331e+00   2.43403411e+00
    1.86204267e+00   1.17792928e+00   2.14985752e+00   1.60045147e+00
    6.24096155e-01   1.13734376e+00   1.30782914e+00   9.75478113e-01
    2.42225003e+00   1.93014252e+00   4.59495336e-01   2.99254465e+00
    1.36651599e+00   1.86306322e+00   1.53784776e+00   2.37993693e+00
    1.24328637e+00   5.71712732e-01   2.03970742e+00   1.78743541e+00
    1.23551691e+00   1.39504015e+00   8.70076418e-01   1.62232029e+00
    2.37609839e+00   1.35016489e+00   3.22984517e-01   1.06568241e+00
    2.49151301e+00   1.82995462e+00   6.81074619e-01   2.91319060e+00
    1.11436033e+00   1.21031666e+00   3.22879052e+00   1.17031968e+00
    2.34261107e+00   1.59537864e+00   1.94049644e+00   4.69074845e-01
    1.19178009e+00   2.80429935e+00   1.41206253e+00   1.47026813e+00
    1.52893853e+00   2.05901551e+00   1.41503525e+00   1.45411491e+00
    9.68244255e-01   8.32258582e-01   1.57407665e+00   1.50674641e+00
    1.38880849e+00   9.52520549e-01   5.41362703e-01   1.51042259e+00
    9.22568798e-01   1.22190690e+00   2.55001974e+00   8.62499714e-01
    1.29990494e+00   5.13629675e-01   1.95107579e+00   9.29758728e-01
    1.77401268e+00   1.81092680e+00   2.55906391e+00   2.50152755e+00
    1.35882938e+00   9.81879592e-01   1.16919887e+00   3.51979285e-01
    2.23801827e+00   3.86960767e-02   1.27951813e+00   2.01040292e+00
    2.30560970e+00   1.29394722e+00   8.06564689e-01   1.16957879e+00
    1.98312008e+00   1.19040036e+00   7.36516178e-01   4.79340553e-01
    1.39774466e+00   1.38725984e+00   1.01066947e+00   1.36131215e+00
    7.20700741e-01   2.03223777e+00   6.30773067e-01   6.33898199e-01
    1.00959730e+00   1.24927950e+00   1.79194653e+00   6.94669127e-01
    2.30282593e+00   7.78901696e-01   2.07312989e+00   2.16450953e+00
    1.81134295e+00   1.89388812e+00   2.55206800e+00   1.11071372e+00
    1.51939750e+00   2.58307886e+00   1.90653801e+00   2.75468826e+00
    1.91106129e+00   1.97980642e+00   1.50593281e+00   2.08908224e+00
    1.01235056e+00   1.10391283e+00   2.79778099e+00   2.89609170e+00
    8.60433578e-02   1.38139391e+00   2.14021826e+00   3.55667710e-01
    1.29392135e+00   2.11205816e+00   1.76565468e+00   1.36288691e+00
    1.45787930e+00   1.77393603e+00   5.63877881e-01   1.52408338e+00
    2.12388039e+00   1.18797326e+00   2.90056157e+00   1.27878594e+00
    2.07462978e+00   7.41427422e-01   1.65608180e+00   1.92525339e+00
    9.41216946e-01   1.14701281e-03   9.34299827e-01   1.18540633e+00
    2.72463846e+00   1.13870227e+00   8.10479522e-01   1.46451974e+00
    1.56162214e+00   7.82033563e-01   2.53582597e+00   2.04939795e+00
    6.33399010e-01   3.14092350e+00   1.10382962e+00   2.45806026e+00
    1.89846504e+00   2.01642370e+00   1.71499872e+00   8.26450884e-01
    1.96583211e+00   1.87481022e+00   8.78863871e-01   2.32689500e+00
    2.22686362e+00   1.56533813e+00   1.07418752e+00   1.55160916e+00
    1.43289447e+00   1.36974514e+00   1.08775306e+00   2.57142711e+00
    1.77317154e+00   9.06102002e-01   1.86852443e+00   8.37540269e-01
    7.12658465e-01   6.79745317e-01   7.30464220e-01   2.53077459e+00
    1.40596235e+00   1.22619271e+00   8.60586941e-01   2.02451682e+00
    2.42970133e+00   2.89280343e+00   3.12886596e+00   1.04579079e+00
    2.14297628e+00   1.73153234e+00   1.70871687e+00   5.67333221e-01
    1.54559410e+00   1.70578122e+00   1.47134709e+00   2.20415425e+00
    9.14776742e-01   1.72564268e+00   1.67820990e+00   2.39892125e+00
    1.13093710e+00   1.33245766e+00   1.09161508e+00   1.54468727e+00
    1.87002456e+00   6.46316469e-01   6.93058252e-01   1.62783039e+00
    1.18108785e+00   2.69181073e-01   1.97197700e+00   1.23556328e+00
    1.04467797e+00   2.55583262e+00   3.05088067e+00   7.62322783e-01
    1.68434906e+00   1.04936826e+00   6.30228341e-01   1.14807963e+00
    7.64055133e-01   8.24565232e-01   1.44604957e+00   2.24957657e+00
    1.41533780e+00   2.01703668e+00   2.27353597e+00   1.40777493e+00
    3.31867367e-01   1.38488150e+00   1.53990805e+00   1.16113675e+00
    2.21597004e+00   1.51589000e+00   1.45967829e+00   9.51861799e-01
    2.01811266e+00   1.33946097e+00   1.98627508e+00   9.31608021e-01
    5.29074550e-01   1.70794523e+00   1.08078432e+00   2.32686019e+00
    2.04142785e+00   6.13186479e-01   1.76561856e+00   2.46035099e+00
    6.30934775e-01   9.55357492e-01   1.12971270e+00   1.54515100e+00
    5.98897874e-01   1.72307837e+00   6.61453247e-01   9.41768527e-01
    1.38513446e+00   3.13746500e+00   1.94032371e+00   1.30532980e+00
    1.49439979e+00   1.40698147e+00   9.60350215e-01   1.05444801e+00
    9.20425296e-01   9.11747158e-01   9.01187420e-01   1.65879774e+00
    1.00515294e+00   1.23280704e+00   2.28666043e+00   1.84552622e+00
    2.19700003e+00   1.00301242e+00   2.07658052e+00   2.10657954e+00
    1.89463270e+00   2.76161861e+00   1.07729232e+00   1.89049494e+00
    1.52570367e+00   1.21404850e+00   3.48351717e+00   8.87641251e-01
    1.10210252e+00   2.61120915e+00   1.29495418e+00   1.98131347e+00
    1.90517879e+00   2.45832109e+00   6.00666225e-01   1.34918940e+00
    1.76772285e+00   1.21539807e+00   2.34285688e+00   1.23487008e+00
    1.93754959e+00   1.13083506e+00   2.97137189e+00   1.49689186e+00
    8.22853744e-01   1.41439331e+00   7.79678822e-01   1.43102455e+00
    1.99830592e+00   2.92738795e+00   1.31413054e+00   1.19505954e+00
    1.70579541e+00   1.86193931e+00   1.90849900e+00   1.32296681e+00
    1.13053823e+00   1.90399969e+00   1.72838068e+00   9.29368258e-01
    1.84386599e+00   1.39717960e+00   2.21286654e+00   1.98988926e+00
    1.11419380e+00   1.08942080e+00   2.50337434e+00   5.34051716e-01
    7.54162848e-01   8.85795474e-01   1.01137817e+00   7.81421006e-01
    9.34505761e-01   1.30783904e+00   1.25860441e+00   8.81543756e-01
    1.58884907e+00   1.96132815e+00   1.42144501e+00   2.12103152e+00
    1.73054183e+00   2.19945118e-01   1.75289571e+00   1.85340905e+00
    3.19926953e+00   1.28571129e+00   2.60226345e+00   1.12977171e+00
    1.26803887e+00   1.68127024e+00   1.42358792e+00   1.47802842e+00
    2.53417277e+00   1.57965219e+00   1.55455613e+00   2.45995951e+00
    1.62719345e+00   8.16670597e-01   2.28358173e+00   1.28169918e+00
    1.45857036e+00   7.39760280e-01   1.96592045e+00   2.10481381e+00
    2.42337036e+00   1.94626319e+00   1.68921006e+00   1.59665465e+00
    1.73787785e+00   1.75139439e+00   1.59945047e+00   1.89695287e+00
    1.08461332e+00   1.25288177e+00   7.15819299e-01   2.46489215e+00
    1.83495748e+00   1.36430407e+00   1.17811334e+00   1.28357112e+00
    9.57621813e-01   1.05937827e+00   1.48799467e+00   1.48752511e+00
    1.27880275e+00   2.12866473e+00   9.60661650e-01   2.07511902e+00
    1.90489507e+00   5.62234879e-01   5.82868993e-01   7.66937733e-01
    1.65725124e+00   9.90767717e-01   2.75003362e+00   1.66836953e+00
    1.75326958e-01   1.68409693e+00   1.15884280e+00   1.82643962e+00
    1.17563486e+00   1.57961071e+00   5.31570375e-01   1.24512041e+00
    1.58281565e+00   2.23638010e+00   5.28024912e-01   2.54535151e+00
    1.53953230e+00   1.76136661e+00   1.46019506e+00   1.33564830e+00
    9.21857417e-01   9.80336130e-01   2.24517035e+00   9.78058279e-01
    2.65067887e+00   2.75665593e+00   6.54656231e-01   1.22431111e+00
    1.37802637e+00   1.59318316e+00   3.02176428e+00   2.81822503e-01
    1.39060378e+00   3.28678519e-01   9.79582965e-01   1.05692303e+00
    9.67586696e-01   1.02918518e+00   1.42109132e+00   1.16289449e+00
    2.15199947e+00   1.26523697e+00   1.45733225e+00   1.67381883e+00
    1.07491159e+00   2.40844703e+00   1.06566846e+00   1.84621263e+00
    1.15465581e+00   4.71264869e-01   8.70971859e-01   6.68010533e-01
