 1.40778828  2.51977015  1.48273623  2.97547626  1.69693017  1.30658829
   0.21525173  3.17487764  0.79538065  1.01247013  1.8754288   1.64969993
   0.65032673  0.81792468  0.42937827  2.03933644  1.89604676  0.67550999
   3.25703216  1.11860514  1.26180518  1.21212721  1.30978715  3.02922559
   1.38886023  1.01405787  4.35590076  1.64640307  1.00390768  1.90275931
   2.02234817  1.63882124  1.42862093  0.8271119   1.86125326  1.75156641
   1.412642    1.40636849  1.55993879  1.81853628  0.73199975  1.44440901
   0.60028315  1.06099474  0.79440629  1.5620681   1.09653044  1.05316138
   1.82020557  3.44247174  1.7704252   1.53596842  0.18096168  1.41371047
   1.54290664  1.60312951  0.70296812  1.29712176  1.67325723  1.34723234
   1.92395449  1.34295845  1.28634298  1.74953437  0.84639525  0.74159735
   1.04311955  0.84458464  0.79148966  4.42573977  1.92587543  2.19517589
   2.45554328  1.1248095   2.83285666  1.97451043  2.50847173  1.59113908
   0.88348186  2.51725411  1.22258759  1.27268338  2.07451153  0.83926046
   2.28699732  1.5896889   0.42817995  1.71590757  1.57886827  1.97852921
   1.17054546  3.29518437  0.98253608  0.68496698  2.60370898  1.83371246
   1.10146439  1.42253578  1.44826257  1.53533685  2.20477867  1.26217532
   0.58586657  1.52702999  1.56285667  2.14540052  1.09173274  2.95444608
   1.3343997   1.44926369  3.06344843  1.41434216  2.56415296  1.47261071
   2.14200211  0.62138861  2.54121637  2.12760091  1.46455848  1.83498812
   2.29854894  3.17720652  2.69995499  2.11548996  1.33300269  1.92540789
   1.96430647  2.30406928  0.99609214  0.89286327  0.51810318  2.16796756
   1.11341906  0.94189626  2.72050214  0.91676629  2.40182257  0.21647404
   2.24376965  2.11770344  1.5858705   0.99386686  1.74749374  3.04374003
   2.3953445   0.90090889  0.56387448  1.30693245  1.7084806   0.32582068
   1.39726281  1.46765399  2.39525557  1.15711653  0.41802096  1.19699144
   3.01555657  1.87581158  0.73700398  1.51431918  1.67961228  0.69868141
   1.38966894  1.32560968  1.47958195  1.01536989 -0.03482376  0.81633162
   0.95716041  1.23950315  1.44163013  0.85888761  2.3062911   1.8974154
   0.89047778  1.90091407  2.38858151  2.53726339  2.9164443   0.77957767
   1.65073323  2.41578245  2.36814046  2.75801516  2.07555461  2.4678061
   1.97544825  2.41534925  1.1128329   1.77490509  2.55327654  3.04473948
   0.08287065  0.81858069  1.91663074  0.82036012  1.90209758  2.8278296
   1.83448815  1.18335772  1.08269417  0.95729369  0.49443692  1.97457433
   0.51735651  1.41013432  0.88352656  0.56721073  1.36250377  0.56782776
   1.93007898  2.35297751  1.23532188  0.53815222  1.05903339  1.08184183
   2.67935514  1.09119344  0.66079211  2.31380749  1.7466383   1.67570579
   0.86058038  1.26667631  1.23506916  4.24730539  0.7615242   2.79062605
   1.68643498  1.27263391  1.88614285  1.2913028   2.43142271  1.7701236
   0.75986689  2.39759898  2.9864769   1.4432261   1.34830356  2.42541385
   1.87541318  1.26758742  1.15052104  1.99370623  1.2949748   1.1218158
   1.82973909  1.37710524  1.04276419  0.61304885  0.76755452  2.17910457
   1.90880835  1.32036853  0.61921293  2.65163875  2.35268688  2.81591606
   2.95824599  1.05460465  1.67351675  1.87751484  1.7024684   0.84119672
   1.62898874  1.36729085  1.61168957  1.68345761  0.88921404  1.36167991
   2.26514173  3.33923507  2.1609633   1.78166223  1.43447828  1.53113985
   1.76327074  2.34628916  0.87743509  1.41208637  1.55225146  1.14850485
   2.28441167  1.42297626  1.16719699  2.59276628  2.59833431  0.71485132
   1.3966558   1.27375531  1.55133951  1.92775786  1.13938844  0.53375274
   1.7792027   1.17419684  1.68880904  2.39899564  0.78817552  1.6224364
   0.76435608  1.82881796  1.7318989   1.81083322  1.38755524  1.51123881
   1.39212465  1.11205959  2.55042005  0.64679474  2.18019438  1.1160903
   0.21566081  1.38243639  0.8677159   3.53704214  1.89986968  2.29249454
   1.29674017  2.86528254  0.0081921   0.90114164  1.04919374  2.11505127
   0.44938132  2.42709613  0.58800423  1.01958621  1.41972709  2.68393731
   0.65475297  1.14448726  1.51191032  1.69934928  1.12313342  1.71620083
   0.95479208  0.83512437  1.10563779  1.40470624  1.10585272  2.12566495
   2.13363147  2.42237329  1.09890115  1.19358981  2.24100351  1.73917627
   2.13396382  3.19923139  2.29746771  1.78454137  2.67149568  1.40973043
   1.45497584  1.11659467  1.23023772  2.42301035  1.522493    2.72867966
   1.57863903  1.88743722  0.69100791  1.32773268  2.222054    1.22501624
   3.38203573  1.49204814  2.81325603  1.23770738  3.29699779  1.49806273
   0.98489106  0.7659387   0.97573787  1.51527691  1.6535182   3.16003466
   0.79741716  0.93773788  1.3353194   2.24433041  2.19272327  1.40600634
   1.12544024  1.66729534  2.28689623  0.88704658  1.8036077   0.50486851
   2.14146757  2.45379186  1.13476479  1.37611377  2.16287923  2.14501262
   0.65636736  1.24593425  1.22988307  1.17062628  0.96114683  1.70237601
   1.24794185  1.1338799   0.58017796  1.27984238  1.38651872  2.08429527
   2.40366817  0.4806264   2.41252518  2.00902534  2.97336698  2.27343106
   2.45091701  1.13714409  1.28704715  1.50838232  1.30678618  2.56403351
   1.21394336  1.48066747  2.24096847  2.82800651  1.67063594  0.94077837
   1.91381109  1.96695721  1.63510573  0.57987922  1.79157078  2.21773267
   1.91098106  3.02188325  0.94870353  1.06406653  1.75066304  0.97684753
   1.10966015  2.00136161  2.79168391  0.40525377  0.43241471  1.8219583
   1.64788008  1.58935142  1.06829917  2.53309178  1.80582261  1.01997864
   1.69577932  3.27581453  1.30729115  2.60612679  0.76469564  1.89915144
   1.90857208  0.80776733  0.58825421  0.74978918  1.66051888  0.92172211
   3.357481    2.2399013   0.37272918  2.70375562  1.02188921  2.36880159
   1.47321296  1.71083641  1.5044657   2.53791261  1.43152535  2.70456314
   0.73857105  2.76216936  2.13738823  1.62926161  1.37193096  1.51405883
   0.60755354  1.51493073  2.66528416  1.60602248  3.05511498  3.7054491
   0.62823486  0.93040836  1.28239751  1.03206325  3.21091843  0.95803964
   1.26303399  0.52320397  0.85391587  1.29367912  1.01462591  1.99679089
   1.77049112  1.23489702  1.49756753  1.56261992  1.66700888  2.32948923
   0.67843866  1.89445317  1.0164305   0.99065781  2.05553079  0.60311711
   1.15315926  2.10554147
