 2.56855726  2.53249407  1.00489199  2.68530154  1.25167024  1.34826243
   0.47166976  4.13899851  0.79489541  2.88587427  1.60599124  1.33949399
   1.06038511  0.91122717  0.42741469  1.30748856  3.94261003  0.65364277
   2.95131254  1.17467999  1.2114464   1.07518649  1.19834435  2.34704471
   1.98416781  0.81467384  3.35560131  2.08593869  1.0872736   2.36023331
   2.06719136  1.03002214  2.68415666  0.79864866  1.87056577  1.93659806
   1.24948227  1.59902477  1.57867026  1.41911089  1.22066867  1.54274261
   0.48915046  0.9446826   0.79144531  1.72277272  0.9372167   1.0482111
   2.65635252  3.87012506  1.55011749  0.94106966  0.67198521  1.6151228
   1.50796175  1.53055727  0.7705121   0.63765758  1.51321244  2.07686496
   1.59619915  1.4288429   1.16799378  2.24163151  1.13639331  1.00116479
   1.02985418  0.99717474  1.42705512  3.57297206  2.1589148   2.03423333
   1.96597886  1.85796154  2.32809091  1.25955713  1.92045748  1.94544375
   0.95977759  2.77296352  1.63574851  1.14367187  1.95669854  1.77430034
   2.68161607  1.40174675  0.63708609  2.28655624  1.4721607   1.04172456
   1.2735678   4.27489614  1.59581339  0.83403265  3.66955781  2.08274055
   0.79532987  1.81045544  1.79089928  1.10469544  2.31481695  1.23310363
   1.21055818  1.33354664  1.64143634  2.22710872  1.17750156  2.1648407
   1.523525    1.75466371  4.10405874  1.40643239  1.79951286  1.22870052
   2.48402977  0.56875896  2.78750277  2.63408613  1.72360837  1.94377029
   2.35993075  3.75043201  2.30053878  1.12497687  0.84899342  2.39985847
   1.74005377  2.76431608  1.22328866  0.87884927  0.53450644  2.53122663
   2.38841081  1.67832386  3.39274502  1.41301703  2.18804121  0.42842269
   2.44060254  2.21173477  1.25801277  1.53810143  3.33526158  3.74951887
   2.80882788  1.04005694  1.65290046  1.46980119  1.73638892 -0.03652729
   0.86033231  1.72010183  2.16262341  1.47345459  0.53495651  1.31992948
   2.11024809  0.89725137  0.72706246  1.03748     2.96999836  0.66029447
   0.96161866  1.40322852  1.62881768  0.77236438 -0.00666392  2.86494327
   1.28061604  1.23292756  1.63954651  0.73954487  2.74596572  2.24517179
   1.34758008  1.69627953  1.81501114  2.73275423  2.57492948  0.58526671
   2.05529618  1.4463563   3.02654457  2.90590262  2.41035938  2.92620039
   2.48749304  2.37272954  0.99395138  1.11618125  2.99583173  2.34361649
   0.30810452  1.50633323  1.82780778  0.61276424  1.81168985  2.8160367
   1.56768274  2.91460776  1.12146008  1.25766051  0.33881921  2.41716099
   1.70524538  1.8147881   0.94582313  0.67515153  2.05310965  0.63713956
   2.01158047  2.41964555  1.06832683  1.18449163  0.97363228  1.52242613
   3.37408018  1.01238286  0.64649159  2.48695874  1.8008734   1.84008884
   0.93166256  1.60550857  0.51803279  3.63180852  0.98214686  2.38460255
   2.02361846  0.84353769  0.81481355  0.86085135  2.96625829  1.48581326
   0.80108392  2.08834171  2.39662457  1.43828332  1.01003897  1.4068867
   2.35541654  1.28897309  0.98993695  1.60969996  0.63647401  1.41336143
   2.12202644  1.07344604  1.41618693  1.33733308  0.83199602  2.49627519
   1.99088287  1.51462889  1.52630472  1.98050082  3.37768292  3.87933469
   2.63701558  1.24210453  1.25966942  2.21050239  1.71769297  2.02088571
   0.84991407  1.67597163  2.09909201  1.73712051  1.14058912  1.44617081
   1.6448878   3.56904626  3.03835845  1.23893106  1.32946455  1.68927276
   1.53148329  1.74620163  0.79267174  1.44407833  0.9887315   1.10545444
   1.4670136   1.40084279  1.3367461   2.37795162  2.7299962   0.81230992
   1.75487721  0.99408692  0.9189744   2.16480494  1.27562129  0.37857658
   2.83419609  1.15514457  1.72251678  3.27268577  1.01969945  2.73637629
   0.54863912  1.35819244  2.08447075  1.15852129  2.08116674  1.49748576
   1.07681048  0.94534469  3.36209559  0.86139184  2.53138256  1.66510594
   0.34892085  1.32966661  0.91268188  4.1143322   1.18935835  2.19641423
   1.8891325   3.42635345  0.20455919  0.8685196   1.05309319  2.13884401
   0.44004464  2.80532098  0.56246006  1.07334983  1.15301144  2.71716428
   0.98728877  0.90483588  1.37070012  1.75165331  1.38820875  2.09420514
   1.06679654  1.04804349  0.60619479  0.93848056  1.10795355  2.0893321
   2.65259647  2.74914837  1.05981088  1.48716426  2.53514171  0.8079564
   3.24513221  2.8366251   2.04373455  2.26710749  2.15302372  1.23246908
   1.77691627  2.54727483  1.17022276  2.67726231  1.76902854  2.48428321
   1.956236    2.02876663  0.93905103  1.53741169  1.8988446   1.46475899
   2.80471992  1.40596008  2.37539315  2.31455469  4.2117691   1.48492253
   0.82302803  1.41479814  1.18499756  1.26697052  2.89571857  3.72287607
   1.22985172  0.86690271  2.07216549  1.78854954  2.80095267  1.48124599
   1.08075047  1.6797055   1.3442024   0.92044395  1.63345706  0.57113951
   1.79246318  2.27412438  1.00615692  0.97727764  2.39648032  1.29932964
   0.40909564  1.98135126  1.5709008   1.10918701  1.02092886  1.07522452
   1.26387894  1.15263903  1.12079012  1.75837171  0.99866045  2.90506554
   2.41470528  0.67597568  2.20525312  1.34588766  3.06701875  3.08349633
   2.67127824  1.41729653  1.25368488  1.71944511  2.04605579  2.65217829
   1.4293642   1.60064375  1.48995531  3.1864934   1.66385138  1.02736759
   1.58119869  2.11817479  1.27488327  0.10552419  2.22650552  1.31747341
   3.22851133  2.92537379  1.48001754  2.09759784  1.55501211  1.6699487
   1.23652852  2.01500106  2.27803159  0.53289223  0.68890315  1.72016621
   2.42006326  2.14359951  0.85265315  2.59333181  1.01192319  1.40534043
   1.92213476  1.78136349  2.13216591  2.20595694  1.67079759  1.37596262
   2.21052623  0.76766658  0.60557163  0.75879085  2.24674678  0.943874
   3.88145423  1.89637959  0.72777396  2.15020204  2.00785351  1.80493426
   2.0945909   1.63257945  0.70260614  1.80413079  0.92330152  3.52265835
   0.80093426  3.32424474  2.64666986  1.68511713  1.11986971  1.61963522
   1.0570277   1.16943443  3.16536021  1.4744693   3.13109994  3.55157924
   0.76392817  1.74231172  1.20179534  2.16149545  3.32875371  0.69321638
   1.92635787  0.44184098  1.18738461  1.8096602   0.60209405  2.48551798
   2.24840689  1.11146927  1.4876858   1.58358073  2.36849403  2.38439465
   1.240713    2.08434081  0.68140244  1.27731681  2.71060777  1.12038815
   0.9768157   2.36965823
