 2.20218444  2.49634171  1.85411429  2.77987742  1.94125199  2.03166246
   0.3238312   4.49336529  0.99611735  2.40318465  1.61574328  1.5800674
   1.33195603  1.06001306  0.43377113  1.32559586  2.93808794  0.81691897
   4.12621832  1.12248671  1.59721887  1.22386837  2.12328815  3.07118869
   1.34341216  0.96668839  2.80575466  1.73523462  1.19779956  2.13345933
   2.07050419  1.26694512  1.72419965  0.82806861  3.21822977  1.30583179
   0.90733415  0.76753795  2.11010885  1.90360343  1.45250475  2.44953966
   1.26126611  0.7745589   0.79482538  1.67846787  1.1156503   1.101017
   2.26871872  3.19299316  1.43281579  1.11927843  0.920546    1.72947848
   1.58508074  1.8205874   0.6785571   1.71288443  1.89059758  2.34041715
   1.3091414   1.62884831  1.16393542  1.93419755  0.73509413  0.96752322
   1.00888503  0.82472593  1.28885698  1.98111701  2.52943873  1.16821647
   2.93097258  1.42092943  2.62959242  0.95046067  2.0939455   3.0113337
   1.20909703  3.38588715  3.21712852  1.57977784  1.90160084  2.44056082
   2.81841803  1.47895741  0.97353876  1.97867584  1.22192681  1.77609026
   1.30854166  4.81048775  1.19852257  0.89544123  3.9989202   2.88493538
   0.67604309  1.86662829  1.75268555  1.65149891  2.40570474  1.28884029
   0.60872012  1.29863715  2.09979868  2.18244195  1.60370874  1.9712348
   1.46109784  1.90651464  4.36416245  1.82556951  2.64643097  1.6483624
   2.7654736   1.22121596  2.57562923  2.33235192  2.07600784  1.64793396
   2.36392045  3.39215374  2.83579516  0.92576021  1.07529867  1.99372315
   2.06647062  2.63168573  1.03463626  0.87797344  0.46347719  2.99266505
   2.90128231  1.52278364  3.29857516  0.85340458  2.45414209  0.63434207
   2.79492426  1.73073173  1.67420459  1.48912847  3.37394667  3.74821734
   2.55154729  0.95872658  1.44786334  1.04044914  1.90079248 -0.0198593
   1.83831716  2.45127416  2.55926228  1.26010573  0.54292649  1.30209827
   2.7547791   1.10050595  0.80752164  1.16571081  2.96240592  0.63231641
   0.88191104  1.31084859  2.87932372  0.53599072  0.37949592  3.89210558
   1.58933008  1.18908417  1.56477082  0.87693715  2.89315057  2.50035977
   1.58911383  1.24493253  1.79029012  2.09478998  3.0464015   0.95431793
   1.9400245   2.23330474  3.25108051  3.02297974  2.46183467  3.42602253
   2.53613901  2.32225466  0.85740685  1.31001866  3.16683102  1.46829915
   1.13012516  1.72911406  2.03508615  0.64152688  2.17693377  2.48711133
   1.28338397  3.36616898  1.6866703   0.79723203  0.25315356  2.67751455
   2.41283774  1.83713078  0.89833051  0.94307947  2.31793571  0.31026626
   2.02224994  2.13791037  1.46957743  2.60947442  1.23965895  1.25858521
   3.31269431  0.94862074  0.71309429  3.03134322  2.33340979  1.90376246
   1.22474754  1.92971683  1.29566491  3.34006405  1.09932065  3.54066539
   2.50134254  1.33328533  1.47484791  1.06352592  2.84125733  1.17975032
   0.82149899  2.02369857  2.66813326  1.45962572  1.03520811  1.40250111
   3.04771638  1.29024613  1.00585055  2.23489261  0.52563757  1.75664592
   2.06785274  0.87033725  1.45708156  1.17532992  0.72091013  3.03627944
   1.55836761  1.47470915  1.63823068  1.0262661   4.1981287   3.61132717
   2.83890271  1.64030874  1.14973843  2.59464383  1.73964393  1.15172839
   1.16671824  1.50136602  1.94674969  2.98724413  1.33661187  2.51487446
   1.47739351  3.34751964  3.32890821  1.18171084  2.00469255  2.03163409
   1.4363631   2.63169003  0.77332479  2.0423286   1.64216268  0.63802123
   2.0807395   1.45682836  1.59250784  2.22891855  2.89930081  1.06208086
   1.54797661  1.40348244  1.92737734  2.09753489  1.05351448  0.48702028
   1.56329179  1.12209892  2.14030719  3.12573457  0.35404053  3.10873628
   1.50361407  1.48897672  1.96172178  1.1564796   1.75027573  1.4849323
   1.34057713  0.92706615  3.56930351  1.01088715  2.5475502   1.79088438
   0.46015847  1.38326037  1.14641106  2.61819649  1.63732374  2.54358912
   2.27305579  3.98582149  0.92519319  0.87693006  1.6644299   2.35395217
   0.49740529  3.41478705  0.67350745  0.9447251   1.42777956  1.77946079
   1.52760899  0.84998059  1.34392965  1.90426147  1.34544384  2.1601522
   0.97054356  2.01196647  0.588341    1.90411437  1.33606172  2.15404391
   3.19962788  2.3809998   0.97407061  1.44525254  3.00751114  1.54135144
   3.03636408  2.7545321   1.41130447  2.91185641  0.91469783  1.14577723
   2.14285278  2.08665252  1.8470999   3.04406857  2.17741442  2.45311594
   2.53991413  2.65954876  0.6211555   2.04376745  3.24170804  1.96983433
   3.13609362  1.52373135  2.71494603  2.30345464  3.95936346  1.46395648
   1.14682114  1.33771694  0.81730062  1.56558275  4.03531981  3.89081502
   0.9081862   1.21788979  2.53226805  1.75393486  2.31544018  1.41988564
   1.16967034  1.62791455  1.73256886  0.95316213  2.33859777  0.96352601
   1.77984381  2.94600606  0.95632762  1.02244997  2.94541478  1.66677511
  -0.02374224  2.2221899   1.58427739  2.06122017  1.01419687  0.85732788
   1.13344395  1.17622399  0.76470822  1.98770595  0.92711389  2.82118368
   2.72432995  0.72842884  2.35082054  1.83487439  2.96924996  3.30740714
   3.08160329  1.94994962  1.24109793  1.63910913  1.99828219  1.65103996
   1.93181264  1.51322651  2.36077785  3.31324077  1.63068593  0.98506343
   1.15898812  2.00615549  1.37485826  1.32105613  2.35313892  1.10215998
   4.28310871  2.49669886  0.72827893  2.56644034  1.63262272  1.78172123
   0.86541045  2.15513134  2.1841774   1.02944374  0.64452308  1.52712536
   2.7753222   2.24269986  1.68782103  2.81279325  2.09774804  1.55700815
   0.91270733  1.38125932  3.10015965  2.59965253  2.24908233  1.59676075
   3.11353183  1.0004245   0.62239516  0.76015645  2.84363174  0.89572036
   3.1065805   2.38003564  1.24046648  2.38050652  1.41887081  1.54386342
   3.32395601  1.79789102  0.57537216  2.14366293  1.06022048  3.46189094
   0.93723679  3.7654686   3.16251135  2.06021333  1.48552763  2.55463696
   1.31892347  2.03048706  3.0666008   1.82411826  3.95013714  3.35298944
   0.86377609  2.45302725  1.94094956  2.43509793  2.65288448  0.87383944
   1.57448173  1.33883905  1.24002099  1.55072391  0.8539812   2.33682704
   1.87499189  1.13708675  1.17544532  1.74052429  2.09341717  2.38631558
   1.05156517  1.98328555  1.37425673  1.34779704  3.39450312  0.7043426
   0.80219036  2.00132728
