  2.38955641e+00   3.39362097e+00   1.08850992e+00   2.39678168e+00
    1.81631994e+00   9.99658108e-01   9.75275695e-01   4.02640104e+00
    7.57983923e-01   2.18978691e+00   2.13808012e+00   1.84154665e+00
    2.03543282e+00   1.92919135e+00   4.44787085e-01   1.62102151e+00
    2.29855824e+00   6.88300073e-01   3.24991941e+00   1.15465772e+00
    1.20865774e+00   1.46917152e+00   2.70090199e+00   2.73386121e+00
    1.18336999e+00   1.01651645e+00   2.47240925e+00   1.68452692e+00
    8.61888707e-01   2.26901364e+00   3.07693028e+00   2.29351234e+00
    7.33202577e-01   8.17342937e-01   2.66863680e+00   1.73532784e+00
    1.22610414e+00   2.06810403e+00   1.78900087e+00   1.89471030e+00
    1.14332581e+00   2.53810763e+00   1.56692159e+00   7.87633419e-01
    7.95353532e-01   1.62573373e+00   9.68782961e-01   1.18752205e+00
    2.33067441e+00   3.36951089e+00   1.55246925e+00   2.26010585e+00
    7.11894810e-01   1.86482632e+00   1.55121374e+00   1.59014082e+00
    9.30626690e-01   2.27245069e+00   2.66493559e+00   3.22935271e+00
    1.82610071e+00   2.04820895e+00   1.27288365e+00   1.28465807e+00
    1.02891183e+00   1.03992307e+00   1.03923273e+00   7.04020381e-01
    6.45441055e-01   1.62307894e+00   3.26681256e+00   8.33845079e-01
    2.58062720e+00   1.90133047e+00   3.43762541e+00   1.27556086e+00
    3.52374721e+00   2.67408133e+00   8.87687027e-01   3.03261232e+00
    2.17426205e+00   1.25035346e+00   1.34153664e+00   2.54617143e+00
    2.25045967e+00   1.49163043e+00   4.74115759e-01   1.72134709e+00
    1.31445956e+00   1.71146798e+00   1.20202947e+00   5.40444231e+00
    1.26566362e+00   5.38301229e-01   4.01925850e+00   2.46590352e+00
    1.09464991e+00   1.71101749e+00   2.23482275e+00   1.32395494e+00
    2.01407313e+00   1.13790071e+00   1.86731088e+00   1.68274343e+00
    1.57258713e+00   1.51759279e+00   1.36364579e+00   2.30032945e+00
    1.78688323e+00   2.67007852e+00   3.57684612e+00   1.32108784e+00
    2.82229757e+00   1.26035166e+00   4.11175299e+00   7.50018001e-01
    2.02934527e+00   2.30541801e+00   1.80610073e+00   1.68337798e+00
    3.12997842e+00   3.41609192e+00   4.46854877e+00   1.10213780e+00
    8.88284624e-01   8.56813610e-01   1.81837988e+00   1.11865985e+00
    2.06711054e+00   9.08169806e-01   5.88528514e-01   2.66674900e+00
    2.00048113e+00   1.26002002e+00   3.84021211e+00   8.98713827e-01
    1.55535722e+00   5.22402339e-02   3.02540350e+00   2.26758003e+00
    1.35191512e+00   1.62943637e+00   2.46129060e+00   3.19463873e+00
    2.15884805e+00   9.26719189e-01   1.53359675e+00   1.17460120e+00
    3.75005889e+00  -3.20709646e-02   1.61727655e+00   2.40125561e+00
    2.84238434e+00   1.58732009e+00   7.68114328e-01   1.58997941e+00
    2.87280393e+00   8.99715781e-01   7.73947954e-01   1.33513284e+00
    2.62433577e+00   1.22628343e+00   5.17074347e-01   1.36719441e+00
    3.17020941e+00   1.28993487e+00   2.54108906e-01   4.43787956e+00
    1.10811913e+00   1.30301666e+00   1.48278952e+00   6.87695563e-01
    2.98580527e+00   1.22685409e+00   1.97565353e+00   1.98411870e+00
    1.81527364e+00   3.00188828e+00   2.64554238e+00   9.03789461e-01
    1.81204021e+00   2.90396523e+00   2.88646841e+00   3.45373416e+00
    2.91601253e+00   3.61415052e+00   2.33902574e+00   2.30709624e+00
    8.18486512e-01   9.71028447e-01   2.99695873e+00   2.31050611e+00
    1.70846611e-01   1.39904261e+00   1.38464248e+00   1.27719426e+00
    2.20632315e+00   2.23868322e+00   7.36863256e-01   4.02704954e+00
    1.77977538e+00   1.31230843e+00   4.73085523e-01   3.60878348e+00
    1.95006943e+00   2.29105687e+00   1.10490036e+00   1.33697534e+00
    2.03112888e+00   4.68484700e-01   1.76571202e+00   2.54028344e+00
    1.08468902e+00   2.69797206e+00   9.97207701e-01   2.30394769e+00
    3.78316617e+00   8.92252326e-01   6.55825913e-01   3.59185052e+00
    1.18485129e+00   1.37798178e+00   1.53978789e+00   1.97515023e+00
    1.06339574e+00   2.86711860e+00   9.24265862e-01   1.81461966e+00
    3.45488811e+00   1.11168730e+00   2.22099781e+00   1.94869876e+00
    2.57258773e+00   2.06209278e+00   1.13700366e+00   2.01446462e+00
    3.44251752e+00   1.47302496e+00   1.02644682e+00   1.40247273e+00
    2.68765783e+00   1.32442677e+00   1.00538468e+00   2.04355788e+00
    2.26904058e+00   8.86597693e-01   2.47888160e+00   8.62621069e-01
    1.70746899e+00   6.89636827e-01   4.63562667e-01   3.08493805e+00
    1.17744589e+00   2.55066919e+00   1.60509694e+00   2.10984635e+00
    3.91230726e+00   3.36299348e+00   2.42669201e+00   2.43208027e+00
    1.45863783e+00   2.54886651e+00   1.73050034e+00   1.04332733e+00
    7.69408941e-01   2.53843570e+00   2.47171950e+00   1.76072872e+00
    8.07900488e-01   2.79282451e+00   1.64609742e+00   3.77734089e+00
    2.95573568e+00   1.19982433e+00   1.96157777e+00   1.73835599e+00
    1.74118304e+00   4.43166542e+00   8.33523870e-01   2.74760747e+00
    2.55912375e+00   3.54213953e-01   2.09303617e+00   1.69348836e+00
    1.78380418e+00   3.00353408e+00   3.43344283e+00   8.92320275e-01
    2.09298420e+00   1.54284108e+00   8.46299946e-01   1.87436557e+00
    1.02247846e+00   6.28163159e-01   1.48661768e+00   1.68135285e+00
    3.02860713e+00   2.90860844e+00   5.50466001e-01   1.05385089e+00
    2.58757448e+00   1.33662152e+00   2.07715201e+00   1.18795300e+00
    1.83650768e+00   1.50761878e+00   1.38187683e+00   9.87770975e-01
    3.27202582e+00   8.16878498e-01   2.49088740e+00   2.80503464e+00
    6.23862863e-01   1.43007088e+00   1.12665737e+00   3.05834532e+00
    1.89704442e+00   3.20511317e+00   2.76859903e+00   5.11690140e+00
    5.31145215e-01   1.14739323e+00   9.58155572e-01   2.89077902e+00
    4.57555711e-01   2.59318352e+00   5.66936791e-01   1.03424346e+00
    1.63415909e+00   1.79397631e+00   1.63322914e+00   1.08324981e+00
    1.15832341e+00   1.65232408e+00   1.61431670e+00   6.27824128e-01
    9.20466006e-01   3.06075501e+00   7.26510644e-01   1.61982560e+00
    9.41782534e-01   1.57818890e+00   3.84754944e+00   2.63169980e+00
    1.37673473e+00   1.88324368e+00   2.36557579e+00   2.31455302e+00
    3.01826286e+00   3.28282976e+00   1.04366302e+00   1.35794890e+00
    1.28518689e+00   8.71001899e-01   2.47100687e+00   2.78760695e+00
    3.17632318e+00   2.59781671e+00   3.16788077e+00   2.19549060e+00
    2.61313963e+00   3.46498179e+00   6.47624791e-01   1.58293319e+00
    3.20170712e+00   1.61205542e+00   2.83005452e+00   1.49209356e+00
    2.10101509e+00   1.97102916e+00   3.00072336e+00   1.47646344e+00
    8.24516177e-01   1.48362768e+00   8.62919331e-01   1.50352681e+00
    2.43721581e+00   3.67650437e+00   1.04294801e+00   1.96627617e+00
    2.64528728e+00   1.11126494e+00   3.36787462e+00   1.32246149e+00
    1.09553409e+00   1.65733516e+00   1.05270779e+00   9.32786584e-01
    2.01759076e+00   1.20431280e+00   1.74817181e+00   3.48557472e+00
    2.00800300e+00   1.36689484e+00   3.77161050e+00   1.76679528e+00
   -2.47134897e-03   3.06673765e+00   2.09887481e+00   3.06234384e+00
    5.95136881e-01   1.13073099e+00   1.45811760e+00   1.06553173e+00
    2.42480063e+00   1.38216972e+00   1.36258411e+00   2.41613245e+00
    2.61680365e+00   8.64937127e-01   3.00255156e+00   1.93882585e+00
    2.67011189e+00   1.11101222e+00   3.15837216e+00   1.28155899e+00
    1.25673294e+00   1.50719070e+00   2.59113646e+00   1.12018704e+00
    1.21656394e+00   1.59000850e+00   2.39940357e+00   3.20484924e+00
    1.94816279e+00   8.97171497e-01   2.05877638e+00   1.34027433e+00
    1.38714421e+00   1.21192849e+00   2.31795335e+00   9.95936871e-01
    4.52309799e+00   2.58387804e+00   1.61127520e+00   2.46291971e+00
    1.63305891e+00   1.33260489e+00   1.16659307e+00   2.12415719e+00
    1.68503380e+00   1.90946674e+00   9.75372970e-01   1.51974976e+00
    3.58860731e+00   3.21320224e+00   1.49773240e+00   2.94094491e+00
    1.59228003e+00   1.39739025e+00   1.58661962e+00   9.32160974e-01
    2.18526936e+00   1.80955338e+00   2.22970295e+00   1.93757737e+00
    2.54602313e+00   5.24634123e-01   9.37707126e-01   7.79189229e-01
    2.73355556e+00   9.55237687e-01   2.69420433e+00   1.92466581e+00
    9.43128586e-01   2.10596895e+00   9.47164834e-01   2.65866065e+00
    2.83050489e+00   2.42845106e+00   6.92162216e-01   2.56510782e+00
    1.37317574e+00   2.56479788e+00   1.04301322e+00   3.95695066e+00
    2.16759920e+00   3.05619550e+00   1.15344536e+00   2.64738107e+00
    7.20904231e-01   1.04451716e+00   2.92282534e+00   1.07457125e+00
    3.86707616e+00   3.63367438e+00   6.28502131e-01   2.00803256e+00
    2.41279221e+00   9.84748602e-01   3.27368855e+00   6.71566546e-01
    1.23846281e+00   1.92534351e+00   9.04887140e-01   5.01988113e-01
    1.34712732e+00   2.28641224e+00   1.84233499e+00   1.26112795e+00
    1.35599649e+00   2.54547167e+00   2.28100395e+00   2.26669836e+00
    1.21798241e+00   2.17955828e+00   1.22211373e+00   1.97525036e+00
    4.14659643e+00   6.03269696e-01   8.78536582e-01   1.65946627e+00
