 2.19246054  2.82339525  1.0374155   2.41119981  1.26403296  0.93897265
   1.70348275  4.45189381  0.8415789   3.23107815  1.37754798  1.29568338
   2.23650098  2.4968636   1.11654925  1.76739597  2.7201674   0.67924738
   3.3356328   1.10622132  1.30555904  1.31925237  3.87104321  3.97473788
   1.39791346  0.81165236  2.74828506  1.55083036  0.8462469   2.65163136
   3.28852391  2.09001613  1.7981205   0.83167911  3.34269762  1.41681921
   1.39645684  1.82802999  2.05779457  1.3537122   1.61659122  1.70891821
   0.54627091  1.03238797  0.78337681  1.85658586  1.01342475  1.25748384
   2.62930822  2.78828502  1.59677398  2.41724586  0.47167024  2.46983933
   1.6130805   1.90677643  0.90354574  1.32760477  2.0546217   2.70009804
   1.26632822  1.37365341  1.16699505  1.73384786  0.87071979  1.07939231
   1.04024518  0.80116856  0.56620216  1.10369444  3.27131081  1.54990685
   1.28510535  1.80000257  3.74370003  0.59856188  3.75265598  3.13254905
   0.8639968   2.76240563  2.90004611  1.12378442  1.52324307  2.29580402
   2.22380829  1.29953563  0.42908561  2.00310898  1.12992918  0.69247186
   1.32092953  5.60122299  0.87802106  0.69570196  4.68294334  1.26058471
   0.58370042  1.39158845  2.72992134  1.08397353  2.68253446  1.09998047
   3.40084815  1.8442651   1.41441405  1.1913389   1.44126511  1.7070092
   1.85970271  1.88322878  3.76257157  1.35463798  3.17508721  1.26281214
   4.81312799  0.78707147  3.25406575  2.32811809  2.09332538  2.10365415
   3.93025279  3.28825426  4.814713    0.99791026  1.63905716  1.12549329
   2.05018735  1.7470274   2.21520495  0.84025675  0.57085937  2.27893925
   2.32052851  1.15465224  3.81902647  1.09565115  1.59496856  0.33961231
   3.36644745  1.89122915  1.87046194  1.03523004  3.13087392  3.23646116
   2.47388172  0.91512871  2.05360293  1.61257792  2.69601536  1.41085327
   1.50309908  3.44780397  2.46096063  1.17080796  0.61215585  1.2557857
   4.54865074  1.52579832  0.81821471  1.23834574  2.44236493  1.18289304
   1.02121747  1.36733687  2.75502229  1.10868549  0.62006068  4.32154894
   1.87018847  1.25260186  1.56346619  0.62169141  3.36495066  1.22937214
   1.26697063  2.16769743  1.80367541  3.35653043  2.61335778  1.65956962
   1.81888962  2.23743129  2.51411152  4.01594019  3.30985641  4.01925898
   2.81926966  3.38710713  0.91051036  1.12674475  3.42421985  3.28563547
   0.46336231  0.87275136  1.11099422  1.42357111  2.35331416  2.43253636
   0.7321291   4.16483927  2.38486028  1.21426332  0.4354243   3.92062235
   0.96621507  3.00020146  1.52496433  0.84128171  1.96349609  0.81295007
   1.82304955  2.88790369  1.29099119  4.14916039  1.09377813  1.25620699
   3.61580944  0.78542757  1.03865004  4.08083439  1.18175375  1.33469045
   0.86033541  1.15555179  1.71123588  3.58972025  0.85146004  2.83754635
   3.56553316  1.42608678  3.07043815  1.75456297  2.85558319  2.26386166
   1.09830308  1.47812355  3.61410332  1.42933524  1.00296628  1.50630021
   2.6860218   1.36018074  1.06802297  2.17695212  2.97444367  0.90152889
   3.26511908  0.90745646  1.96764064  0.57385534  0.73881435  2.6561563
   1.71978772  2.0077064   1.97221804  1.85753477  3.42285156  3.16429901
   2.69973993  2.51358438  1.23268902  2.96824479  1.71577859  1.05622351
   0.74495578  2.2723763   2.99270368  1.61920619  1.19170332  2.78185844
   1.56367123  5.64981174  3.51654553  1.43799782  1.62593389  1.72913814
   1.4903326   4.20073128  0.90960306  3.71894526  2.98521757  1.28689957
   2.08983994  1.63869345  2.16921854  3.57092643  3.26401758  1.06866312
   2.57578683  1.80997813  1.36065471  1.47457838  0.93168581  0.79915643
   0.62364471  2.56244564  2.59726572  3.36593318  0.69533652  1.12306392
   2.99529004  1.33301628  2.22870255  1.33038747  1.99841094  1.57752109
   1.60793877  0.95471978  3.27002168  0.94275582  2.68847489  2.90367389
   0.66166538  1.4506222   0.95707345  2.44830847  1.38390017  2.98725009
   3.30396152  5.86612129  2.28086996  0.8745243   1.11618638  2.56990719
   0.45409474  3.34890628  0.53721195  1.11266387  1.51151788  1.17390287
   1.3717494   2.45874357  1.74360859  1.74984765  1.65250957  1.70373571
   0.9296546   3.0140779   1.37855387  2.34932351  1.060552    2.12393975
   3.90044665  3.00679803  1.00863075  2.19014549  2.16400552  1.68780744
   3.02109146  3.7203598   1.40163255  0.87835616  1.55710995  1.40507615
   1.5332067   2.75486422  4.14043903  2.61517954  3.94966698  2.52188349
   2.21967292  3.21424103  0.87285668  0.38984233  3.2900877   1.81450677
   2.98897791  2.95010257  2.82417011  3.17027569  3.0855453   1.50414729
   0.81688422  0.86311722  0.83462083  1.21158242  4.47070932  4.4177351
   1.2831409   2.09649205  3.54735827  2.03622389  3.43074799  1.33080566
   1.21581674  1.45929611  1.14465415  0.87446207  2.12359047  1.22298777
   1.86000729  4.18285894  2.03891325  0.96752608  4.61961603  1.87297893
  -0.02794973  3.10082459  2.61699343  3.4042871   1.22351158  0.95849991
   1.48480308  0.88123059  3.35957932  1.54637313  1.16480958  3.44446492
   3.30641985  2.09377718  3.42253566  1.51240945  3.85807538  1.37828183
   3.48939538  1.32717609  1.26961076  1.50916731  2.23329592  1.22088718
   1.78024292  2.1577332   2.56706572  3.39569974  2.00379968  0.78406769
   2.09561133  2.49398923  1.11973453  0.82262301  3.14393711  1.45077753
   2.81351066  3.46887136  1.40450013  2.07131696  2.15792727  2.15522146
   0.9073534   2.68690538  1.44674778  1.96220171  0.83184105  1.50937581
   3.08195996  3.48733497  1.38819802  1.54729664  1.46535087  1.27912676
   2.36839151  1.42605436  3.21063495  1.69110179  3.23557091  2.21935987
   3.00815988  0.56707293  1.80275309  0.7478413   3.63418293  0.87937713
   3.30267882  2.22187376  1.92276442  3.23287463  1.65649188  3.55519891
   2.82671309  2.59971452  0.90728492  2.94944477  1.26264501  2.68249106
   1.67017448  3.73042583  1.21024704  3.69706035  1.62446964  2.51021791
   0.58105791  1.04669154  3.09764814  0.79620302  3.57266426  3.76923895
   1.41132057  1.96818221  2.22248316  1.15537417  3.73078775  1.1020658
   1.03423774  0.79269785  1.13374245  0.52255863  1.44881701  2.68734336
   2.13381505  1.24932933  1.02668679  3.23123574  2.89874649  1.75811088
   2.02615905  1.57902932  0.99744153  2.41925716  4.7423768   0.91856027
   0.93443251  1.53918231
