 0.90253955  2.4997623   1.32320404  1.10321593  1.01201403  0.89631146
   1.17595315  3.30968404  0.79105377  1.4806397   1.52855885  1.80666864
   1.54567719  1.50292611  1.41294312  2.04175472  2.09335279  0.66527838
   3.07722187  1.16267228  1.37324679  1.44905961  2.96618032  3.68813348
   1.73442566  0.81224728  2.37353706  2.40195012  0.90408123  2.06006289
   2.87956524  1.31506646  1.91943872  0.80531895  2.15265489  1.40974414
   1.17066193  1.32237697  1.35084641  1.64958727  1.01658463  1.43507683
   0.91699255  0.77576536  0.76653242  1.56051338  0.95572782  1.15894186
   1.78455114  2.58152604  1.87230718  1.9429419   0.50704706  0.97992969
   1.50496101  2.11654806  1.01709211  2.15713286  1.71243989  1.24373066
   1.2369535   1.33669388  1.16093493  1.73421001  1.23750889  1.1253283
   1.0313319   0.74285036  0.41512984  1.24558699  2.98567557  1.2368567
   1.31957102  0.9362188   2.86698604  1.7541045   3.20333004  3.75739479
   0.78671706  2.41024423  1.59963059  1.20939028  1.31994522  2.16858864
   1.55314016  1.92502952  0.67601055  2.01468134  1.38540983  0.74663502
   0.88802874  4.44688177  0.96283257  0.64436585  2.70854068  1.37058699
   0.51691884  1.55094063  2.55816078  1.09878612  1.85683978  1.09474683
   3.31703353  1.51977956  2.29582381  2.08100319  1.44082189  1.62657654
   1.45437348  2.21422529  3.7565248   1.01904941  3.07621312  1.40419304
   4.08866882  0.46271226  1.70926332  1.94292009  2.31124449  1.86980855
   2.59115195  2.86994195  5.00947094  1.43313015  0.93910724  1.0575701
   1.72516584  1.07377315  2.02023983  0.87924242  0.63496244  1.90184844
   2.41512775  0.67926204  3.66146207  0.451671    1.53932297  0.77005631
   2.34219956  2.28857636  1.08127427  1.12480414  1.92361939  2.53912735
   2.12613559  1.14978302  1.43045568  1.16263628  2.42988491  0.35863495
   0.84764713  2.60019827  1.78565729  1.03667665  0.34937966  1.28971398
   2.94428825  1.35933971  0.78916186  1.80780149  1.63386393  1.07785213
   0.77581966  1.22603297  2.69081402  1.05899048  0.82888579  3.53984904
   1.66904163  1.40659285  1.39957488  0.73636651  2.67319345  1.22159386
   0.43635514  1.55108237  1.82574975  3.62633109  1.71776199  1.45045829
   1.07448196  1.68341291  1.54979396  3.68424964  2.27425385  4.67306328
   1.40652072  2.44904089  0.90665233  1.05972016  1.41991842  2.35414386
   0.14167064  0.90040004  1.09343946  1.41798878  2.30313373  2.09953928
   0.78126085  3.1924665   1.86471009  0.82267529  0.30755624  3.51485896
   1.74369335  2.20028257  1.35259855  0.80505347  1.08185029  0.74227792
   1.56214666  2.19294167  1.41030514  3.77464747  0.88745308  1.71289873
   4.18062401  0.80642992  0.57995892  4.02946091  1.13746905  1.16217661
   1.09945428  1.18481243  1.19468045  3.04712009  1.14836764  2.03261614
   3.31293511  1.42636728  2.35816956  1.6813103   3.76029944  1.59653628
   1.53470695  1.9498812   2.98266983  1.42207491  0.93381971  1.39776993
   2.40678525  1.96369803  1.12744999  2.43001413  2.21042538  0.91000432
   3.04997587  2.30227208  1.37048972  1.97329748  1.30773735  2.88668561
   1.19062328  2.36948276  0.49291429  1.4289217   2.92185187  2.85968804
   2.02231765  1.96802974  0.90890861  2.05147529  1.68466258  1.1608603
   1.55889237  2.90935826  1.75736463  1.89164019  1.08567202  1.74284291
   2.31620836  5.80878782  1.94413412  1.39821017  1.64774716  1.74984658
   1.72309256  4.06930304  0.96926641  2.29990411  2.5688684   1.31621325
   2.29981232  1.52568269  1.14547861  3.43237758  2.69808769  1.27769947
   2.21815133  1.70333338  1.37161672  1.54881036  1.60719275  0.53390354
   1.25093687  2.54225397  2.68021441  3.56888938  0.90043771  0.39247665
   1.92101038  1.19771731  2.35844183  1.17535937  1.05581641  1.76275444
   1.33845901  0.91778958  2.98183537  0.79015541  2.78753328  2.48896623
   0.3115505   1.43958485  0.86712068  2.33333802  2.01878977  2.3750155
   2.41469002  4.93913221  1.79061258  0.83246613  1.25199807  2.0146656
   0.50972539  1.87503755  0.57238519  1.09268808  2.01106191  1.33585024
   0.53236926  2.32602096  2.15479183  1.852337    2.6270721   1.63376069
   1.04901505  2.59655547  1.87107325  2.0486443   0.88324815  1.45523369
   2.63416052  2.89161706  1.2908119   1.77374792  2.19203925  0.96504205
   1.86367404  2.79087305  1.60578859  0.77341199  1.87699437  1.86809826
   2.65206075  2.11520553  3.76709867  2.08076787  3.21571279  3.34154344
   1.9766537   3.19437146  0.75715995  0.2146544   3.43766069  1.08001876
   2.22980833  1.78714609  3.10569954  2.15382719  3.15754271  1.49805474
   0.78432643  0.49959517  0.82134563  1.21416688  4.39565516  3.52980161
   1.31718004  1.91048539  2.0459559   1.79364228  3.31199455  1.42353344
   1.27852452  1.58951402  1.00278175  0.94894934  1.75435364  2.49800372
   1.86888838  4.02848291  0.8751502   0.95809358  3.14086866  2.08899999
  -0.01054653  2.27370858  2.32878971  2.80537653  0.85074484  1.59140027
   1.30028069  0.85061038  3.37561488  1.42855442  0.92568219  2.53871369
   3.09647536  2.28828216  2.83460069  1.93458176  2.8310802   1.19371319
   2.81233501  1.39821613  1.24807405  1.55916882  1.29731929  1.00017929
   1.97305286  1.44598734  1.77267981  3.10408878  1.92312658  0.8481859
   1.7661525   1.60961318  1.23683441  0.48217997  2.61261559  1.20358396
   2.44238019  2.85135579  1.0819248   2.43315339  1.37753284  1.92736089
   0.66358221  1.91662335  1.07058978  1.52562511  0.73343116  1.59828293
   3.20827365  3.28357148  1.32534587  1.25317883  1.01699686  1.35581791
   2.13058901  1.88479543  1.3965466   1.79436016  1.37658405  1.93107152
   2.65568137  0.53320181  2.02599192  0.74379444  2.85959816  0.89276767
   2.56636047  1.55676675  0.96044731  1.82437742  1.0860281   2.51824045
   2.59105754  2.10820532  0.54091108  2.10039973  1.395504    1.96022761
   1.63380468  3.12321305  1.03303242  3.14296055  1.59051466  1.99203742
   0.73356217  0.67698509  2.33412027  0.97757179  2.78055668  2.43091106
   0.67918557  2.34990168  2.13540077  1.22972143  2.46587443  0.92152399
   1.0008738  -0.04915493  0.83661509  0.73824787  1.06026638  2.34270167
   2.63601804  1.24590492  1.26198053  2.62717462  2.18498993  1.6762886
   1.85387516  1.60268068  1.19835067  1.18087888  4.33928633  0.95057023
   0.99545389  1.67482495
