  8.80994201e-01   2.78227949e+00   1.37550533e+00   8.07497561e-01
    8.86251450e-01   1.06853497e+00   6.81001484e-01   2.40328479e+00
    8.47400486e-01   1.22796762e+00   1.69761908e+00   1.34014535e+00
    1.05847168e+00   1.23558390e+00   4.89123672e-01   1.20971811e+00
    1.60511971e+00   6.92419410e-01   2.27673793e+00   1.10918355e+00
    1.36600220e+00   1.23022103e+00   2.85719323e+00   2.60098529e+00
    1.11112607e+00   7.46295035e-01   2.31777716e+00   1.66876972e+00
    1.03109479e+00   1.22222030e+00   1.94547570e+00   1.64419210e+00
    8.52469623e-01   9.80665028e-01   1.61679435e+00   1.49929476e+00
    1.24162650e+00   1.71817422e+00   9.85592663e-01   1.75396800e+00
    1.17219257e+00   1.04241979e+00   4.33644772e-01   7.15389788e-01
    7.83410013e-01   1.47899950e+00   9.62764204e-01   1.18779147e+00
    1.36833847e+00   1.76273334e+00   1.47369146e+00   2.28952861e+00
    2.15043977e-01   1.77147043e+00   1.60759473e+00   1.57370543e+00
    8.09090137e-01   1.31885767e+00   2.27851868e+00   1.19759047e+00
    1.26938581e+00   1.29070270e+00   1.19794869e+00   1.51458156e+00
    8.39212000e-01   1.14058745e+00   1.03460681e+00   8.79471958e-01
    5.81600249e-01   1.32002962e+00   2.83614063e+00   7.47008681e-01
    1.35539412e+00   1.45634842e+00   2.38071299e+00   1.62564480e+00
    1.99821770e+00   2.38616872e+00   6.52856290e-01   1.50078166e+00
    1.23197138e+00   1.14302444e+00   1.30088580e+00   2.23806858e+00
    1.18738616e+00   1.65530670e+00   5.33604383e-01   1.91471875e+00
    1.22299206e+00   1.61669147e+00   1.01547062e+00   3.69622731e+00
    7.75623381e-01   5.31147897e-01   2.78236890e+00   8.77696693e-01
    6.63957953e-01   1.64829767e+00   1.58505523e+00   1.20220244e+00
    1.81701088e+00   1.06577778e+00   1.56994629e+00   7.67242610e-01
    1.43803942e+00   1.87852466e+00   1.54446769e+00   1.72847843e+00
    1.29184413e+00   1.66223431e+00   2.94531727e+00   9.93811965e-01
    1.88228655e+00   1.39986277e+00   3.89113712e+00   5.12293696e-01
    1.52837670e+00   1.69526863e+00   1.37407112e+00   6.93445146e-01
    1.89729953e+00   3.06605530e+00   3.51854897e+00   9.68867362e-01
    6.79965317e-01   1.11916900e+00   1.34396827e+00   1.37868571e+00
    1.41080177e+00   8.54874492e-01   4.77668792e-01   1.84379005e+00
    9.57413793e-01   6.25961542e-01   2.89053845e+00   5.03002644e-01
    8.98557305e-01   1.13086067e-01   2.16453457e+00   1.96006560e+00
    1.32497311e+00   1.04175222e+00   1.61933541e+00   2.10872746e+00
    1.76396799e+00   1.10369885e+00   1.37386513e+00   1.68944824e+00
    2.39109278e+00   3.07767868e-01   9.93008137e-01   2.25253773e+00
    1.79586554e+00   1.35274124e+00   6.73063219e-01   9.68114674e-01
    2.27943015e+00   1.20892584e+00   7.61420667e-01   1.50648022e+00
    1.53995872e+00   1.44594646e+00   5.37876785e-01   1.19365478e+00
    8.26697588e-01   8.90394926e-01   7.08858490e-01   2.95409012e+00
    1.02411139e+00   1.24109936e+00   1.32848775e+00   5.17666817e-01
    1.53634262e+00   2.27851057e+00   1.07827401e+00   8.91044378e-01
    2.13150620e+00   2.19998312e+00   1.60389233e+00   7.23063052e-01
    1.42726755e+00   2.12188292e+00   1.77910650e+00   2.69585276e+00
    2.36703610e+00   3.62147665e+00   2.01668954e+00   2.46836853e+00
    7.80959189e-01   1.17559230e+00   2.02140832e+00   1.89960706e+00
    5.03283918e-01   9.03430521e-01   1.35339177e+00   1.02204597e+00
    1.86830032e+00   1.73461795e+00   7.92308152e-01   2.79774785e+00
    1.10533702e+00   8.61101747e-01   5.33593953e-01   2.96620345e+00
    9.52257276e-01   2.36167526e+00   7.14325428e-01   7.68400371e-01
    9.08645332e-01   8.56903553e-01   2.20615363e+00   1.85875285e+00
    1.34129643e+00   1.90138733e+00   9.32356358e-01   1.68406451e+00
    3.18049836e+00   1.01087487e+00   3.91565412e-01   2.56672478e+00
    1.00345206e+00   1.61314058e+00   7.81147182e-01   1.48084164e+00
    1.24852693e+00   3.21195197e+00   6.92570567e-01   1.94424593e+00
    2.36896968e+00   1.26237893e+00   3.48378801e+00   1.95270014e+00
    2.80019522e+00   1.53530645e+00   1.52964604e+00   2.48001623e+00
    2.61090755e+00   1.44670463e+00   9.81235921e-01   1.47726619e+00
    2.73886490e+00   2.03755713e+00   1.05585492e+00   3.65040094e-01
    9.13478017e-01   8.87294292e-01   3.06996775e+00   1.23098838e+00
    1.73018503e+00   6.76738322e-01   3.33013982e-01   2.84146070e+00
    1.38626111e+00   2.55785656e+00   3.92896652e-01   1.02895689e+00
    2.46410036e+00   1.75437510e+00   2.85841179e+00   1.06439114e+00
    1.15696168e+00   2.00516629e+00   1.73598945e+00   1.45989323e+00
    2.03415728e+00   1.55327976e+00   1.59430254e+00   8.81583035e-01
    8.91014159e-01   2.31845355e+00   1.25695837e+00   3.43489981e+00
    1.71093655e+00   1.56284428e+00   1.03788340e+00   1.77536178e+00
    1.45873857e+00   4.30346489e+00   9.69599068e-01   9.95474815e-01
    1.56472600e+00   7.69241035e-01   2.76697969e+00   1.30014515e+00
    8.88366401e-01   2.55906415e+00   2.09558845e+00   1.03880167e+00
    1.44788301e+00   1.55195498e+00   1.12578940e+00   1.05871892e+00
    9.65233743e-01   5.98151445e-01   6.39939845e-01   1.72390878e+00
    2.02104044e+00   2.77777147e+00  -2.20873553e-04   6.89466655e-01
    1.12095916e+00   1.37892103e+00   2.22769403e+00   1.14980614e+00
    1.61379457e+00   1.51238239e+00   1.16407001e+00   9.73298013e-01
    2.33935976e+00   7.67054141e-01   2.69930816e+00   2.21256804e+00
    3.73975694e-01   1.43730414e+00   8.45778942e-01   1.97679520e+00
    8.56476903e-01   2.89421439e+00   2.69870019e+00   4.29261541e+00
    8.56881261e-01   1.27628422e+00   7.48179972e-01   1.83491397e+00
    4.79621619e-01   2.20914888e+00   5.60645580e-01   9.18566287e-01
    1.37663937e+00   1.19166827e+00   6.53592885e-01   1.63362241e+00
    2.13984466e+00   1.31858397e+00   1.88922977e+00   1.04362881e+00
    1.11011052e+00   1.45437026e+00   1.04854703e+00   1.23740423e+00
    7.94194579e-01   1.20101798e+00   2.25119114e+00   2.40010333e+00
    1.12330067e+00   1.68502736e+00   1.60465491e+00   9.52620089e-01
    2.11494136e+00   2.56652927e+00   1.56161833e+00   1.06154215e+00
    7.83316731e-01   1.30856144e+00   1.69390404e+00   7.76821792e-01
    2.44832969e+00   1.78321707e+00   2.97947359e+00   2.69062376e+00
    1.42634881e+00   2.67240667e+00   7.12717116e-01   4.29673463e-01
    2.65946984e+00   1.29099011e+00   2.28789210e+00   1.79651344e+00
    2.57108474e+00   1.89767349e+00   2.09454465e+00   1.47575915e+00
    8.36231411e-01   5.73637962e-01   8.70205879e-01   1.17952955e+00
    2.69467115e+00   2.91190505e+00   1.51065660e+00   1.49045277e+00
    1.72499931e+00   2.10719228e+00   2.59913850e+00   1.31622326e+00
    1.26728749e+00   1.44867492e+00   9.24002349e-01   8.96620333e-01
    1.68614650e+00   1.38762164e+00   1.38932610e+00   3.47882700e+00
    9.60656106e-01   1.04790294e+00   2.00477743e+00   1.93985021e+00
    2.12721884e-01   1.68083870e+00   1.96952200e+00   2.24352503e+00
    1.11214173e+00   1.51209831e+00   1.25873017e+00   1.10696828e+00
    2.96236134e+00   1.45543468e+00   3.32576990e-01   1.90565479e+00
    2.38124871e+00   6.89834595e-01   1.28747308e+00   1.42818737e+00
    1.91260600e+00   9.90644336e-01   2.05198479e+00   9.96646166e-01
    1.25699818e+00   1.64973819e+00   1.13468492e+00   1.07902062e+00
    1.43556249e+00   1.43095458e+00   1.54766226e+00   2.75056624e+00
    1.87862778e+00   7.90028989e-01   1.83029473e+00   1.27248728e+00
    1.38931823e+00   4.80460897e-02   2.93340468e+00   1.32318223e+00
    1.07500851e+00   2.84190130e+00   7.61956751e-01   9.11990404e-01
    1.47838163e+00   6.87946498e-01   7.15861917e-01   1.85786390e+00
    1.32578969e+00   7.78698623e-01   6.35426581e-01   1.80886376e+00
    2.37590671e+00   2.65611458e+00   1.00857937e+00   2.43987393e+00
    9.64558184e-01   1.31476641e+00   1.12498438e+00   1.28189313e+00
    6.47689044e-01   2.19994092e+00   1.21426177e+00   1.37889969e+00
    9.72566307e-01   5.29692471e-01   1.54977107e+00   7.62542963e-01
    1.58234417e+00   1.06328082e+00   2.25444865e+00   1.91474581e+00
    7.91592181e-01   1.61379564e+00   9.85952020e-01   1.43416250e+00
    1.48955953e+00   1.75561237e+00   6.26670539e-01   1.77846920e+00
    9.73265469e-01   1.73908067e+00   1.75137818e+00   2.28016520e+00
    5.49793839e-01   2.10982060e+00   1.01658094e+00   1.33431518e+00
    6.69231415e-01   1.06643510e+00   1.89535224e+00   1.23400712e+00
    2.70004153e+00   1.72706854e+00   5.20915866e-01   1.93898857e+00
    2.74423790e+00   1.96706581e+00   3.42697001e+00   5.67396164e-01
    1.08817923e+00   1.36614358e+00   1.03939366e+00   5.18387377e-01
    1.35879588e+00   2.54316139e+00   2.38377666e+00   1.18492711e+00
    1.21657586e+00   1.96200943e+00   1.57882762e+00   2.12162948e+00
    7.87824988e-01   1.70110285e+00   6.46696866e-01   1.36883354e+00
    2.84654164e+00   7.12467372e-01   8.30231905e-01   1.65013337e+00
