 1.30057764  2.79074335  1.79756308  1.21045935  1.57188714  1.00406742
   0.55168432  2.49828982  0.82530296  1.47799289  2.74162936  1.62437177
   0.9028132   1.28909659  0.44075701  1.18474793  1.5906285   0.68785679
   2.38894272  1.1020956   1.29033661  1.58072317  1.04217303  2.06804085
   1.07141864  0.87456948  2.19365954  1.84594476  1.30371034  0.88038337
   1.99412465  1.39429414  1.43343091  0.82680011  0.80293739  2.06814337
   0.96805257  1.46857703  1.40612078  2.11721325  0.93128276  0.35078996
   0.38342026  0.70744205  0.77645552  1.31471884  1.00286937  1.19271851
   0.53603351  1.78823018  1.46991825  2.48172474  1.36853909  1.37168515
   1.69377422  1.88321745  0.92815888  0.72416991  1.60378993  0.98548985
   1.26789474  2.34737873  1.18609822  1.44175136  0.35861787  1.27613902
   1.04047704  0.85478866  1.8003037   1.01366639  1.85701382  1.40761352
   1.79364431  0.62911761  1.68154252  0.67892557  1.80447745  2.69798589
   0.92114872  1.62246871  1.48628247  1.10233891  1.37610757  1.93441987
   1.1161437   1.36098349  0.44151387  1.98655081  1.13662565  1.90014541
   1.39400816  3.95883274  0.85162139  0.97589904  1.97980285  0.45400417
   0.87753379  1.71393573  1.45762813  1.11762714  2.24832439  1.08113372
   0.68619686  1.34529638  1.17581892  1.24608934  1.76389647  1.96924448
   1.34607148  2.42774558  2.70589399  2.00094533  1.81709683  1.288715
   3.35092664  0.39398372  1.06293404  2.4630022   1.99023139  0.981848
   1.49353611  2.13006568  2.74628997  0.55840182  1.4616226   1.13031709
   1.75436199  0.82555604  0.66770065  0.85065567  0.74137408  1.6832006
   1.19766116  0.76621598  2.66927242  1.2417562   1.13914728  0.34428474
   2.14221382  2.12966847  1.17357278  1.04142809  2.15828252  1.87938249
   1.90095496  1.04011869  1.15058148  1.89469528  2.41381621 -0.01043567
   1.20259595  1.62749755  1.99635649  1.14285946  0.71266365  1.52565253
   1.83732748  1.22198701  0.73079097  0.98632848  1.76245499  1.7526294
   0.75612146  1.34641111  1.22170353  1.09496748  0.46885011  2.29960632
   0.95812106  1.34609699  1.28558099  0.54405433  1.52633321  1.4932512
   0.55697876  1.68737531  2.07009435  2.52416539  1.63837945  0.86702418
   0.95051599  2.50521183  1.60477722  1.97262442  2.07677388  3.18629932
   1.77933156  1.82840919  0.65591931  1.05335164  1.79458094  2.93742228
   0.19845688  1.57924783  1.14474404  0.51322722  1.6427623   3.65239024
   1.06177306  1.55280113  1.50510311  1.14539051  0.65268177  2.79541254
   0.93664324  3.04409409  1.39501834  1.38041079  0.72703302  0.8004337
   1.90402114  1.82879925  1.4912709   1.97699475  1.15287685  1.57938802
   2.02022481  0.91650957  0.515306    2.69892359  1.06748891  1.51753807
   1.67294014  1.90188682  0.65102655  2.85943389  0.83695585  2.07746243
   1.99146473  1.02997208  3.47601843  2.53779554  2.91705227  2.52671957
   1.54129565  2.68299699  2.41107178  1.51882887  0.93350083  1.64087176
   2.40313125  1.35776818  0.9551537   1.22720969  1.32377946  0.89308435
   2.51301694  1.13695002  0.30008993  0.41736457  0.32424638  1.63972259
   1.66456866  2.42443728  0.53737223  2.13067985  2.20759559  1.92728341
   2.64653206  1.33036029  1.79062068  1.71526182  1.69912827  2.22339749
   1.52993131  0.98557776  0.76829928  1.10924935  0.83597326  1.90833378
   1.32694626  2.6028707   1.69062877  1.76722836  1.00020647  1.75516045
   1.70739996  3.73984694  0.97732329  0.90377545  1.3910296   0.83842194
   1.56452763  1.9212631   0.67367887  1.49215388  2.54035139  0.99260575
   1.58087134  1.03548658  0.65249014  0.90247816  1.69409156  1.06111705
   0.6737377   1.69554067  1.33082402  2.12447691  0.18248703  1.19143021
   1.25403309  1.33728194  2.0502274   1.17481899  2.00400019  1.52269483
   1.31208825  1.00935602  2.6276195   1.93900156  2.63255072  1.53697515
   1.18248522  1.44053197  0.92196304  2.17820573  1.8891356   2.1068356
   2.61111736  2.40101433  0.7144534   0.83459616  1.26647234  2.61496305
   0.4929485   2.10645127  0.55100387  1.24720263  0.92004716  1.70546722
   1.00352871  0.9254601   1.39086699  1.61728609  1.39778233  0.45298469
   1.29829681  0.98565173  1.28150225  0.78089154  0.9505772   0.96008587
   2.22103333  2.13647652  1.48105443  1.77468598  1.93864989  1.62075675
   1.19960129  2.24238801  1.96180749  1.06859386  0.66646057  1.22814667
   1.92834771  1.46915686  2.5581696   1.97062469  2.52280903  2.43436146
   1.86053658  2.1956346   0.70345485  0.44100469  1.9251076   1.42549574
   2.60170555  1.93312609  1.62992752  1.76324928  1.73138714  1.48811102
   0.8526212   0.73270231  1.17264497  1.0999409   1.57185709  2.44879627
   0.9240995   1.16718888  0.84922612  1.81068182  2.27419305  1.31858289
   1.16808462  1.5964551   1.17201746  0.87206155  1.89630771  0.92194587
   1.72423089  2.3426435   0.82852316  1.14497507  2.19171953  2.53650498
   0.66913849  1.8003335   2.13749313  1.97851014  0.74102646  1.74079752
   1.35996783  0.88000888  2.29754996  1.68448794  0.69773799  1.84826899
   2.23054981  0.75433797  1.29120171  2.43139648  2.87672925  0.93408906
   2.53694248  0.9740988   1.60700464  1.50519121  1.65655077  1.34882629
   1.17695582  1.60388577  1.46238136  1.94906986  1.9176048   0.92002124
   1.91167295  1.49992633  1.2956717   0.30235657  3.28663993  1.45212436
   1.4055444   1.39679062  1.49942231  0.85313648  1.44602263  0.33822435
   1.31266749  2.53731251  1.28083003  0.37780359  0.89850307  1.79787362
   3.54143381  2.41782761  0.87007272  1.37563753  1.19574785  1.50933933
   0.57514024  1.3096025   1.48468792  2.04187298  1.18235278  1.5618608
   0.78379339  0.56338626  1.29970801  1.40992749  2.21856761  1.40738928
   2.40018988  1.29033124  1.16858304  1.82419014  1.51202154  1.18740869
   1.13342798  1.08629656  0.98585641  1.26752281  1.2722404   2.3395977
   0.8103596   2.10781384  1.43512654  1.59246635  1.33159268  1.46454751
   0.61131644  0.71465456  1.82095623  1.16580331  2.50150847  1.91518581
   0.58835769  1.91235602  2.48950171  1.27003181  2.66479063  0.5299201
   1.15219009  0.78996092  0.99597126  0.51156241  1.22354448  1.54977345
   1.90812409  1.41542208  1.34078121  1.65943241  1.18702137  2.76822281
   0.43876085  1.75219882  1.37897062  1.42138064  2.37486506  0.91914171
   1.14811099  1.60161424
