 1.15113246  2.82619882  1.80238175  1.52293813  1.37195611  0.89658123
   0.73101914  2.14106512  0.86717969  1.19779861  1.44437516  1.22897434
   0.86313266  0.72234917  0.80893922  0.91617525  2.44706464  0.69413161
   2.87638998  1.15504706  1.24228132  1.69753313  1.68584299  1.21776235
   1.30590153  1.00609839  2.02024627  2.01892614  1.11132705  1.60491002
   1.53819799  1.66585279  1.5373286   0.85302275  1.06052804  1.5244354
   0.66560996  1.38141119  1.37663734  1.86165392  0.77423501  0.47861382
   0.38898844  0.70187169  0.74423331  1.14153743  1.02023268  1.12383664
   1.49872255  3.30468869  1.40518522  2.18507695  1.00992978  1.18579221
   1.56187797  1.32198548  0.91668165  0.94057041  1.45661294  0.98909098
   1.90603769  0.90479946  1.2171545   1.2534982   0.77694327  1.25201392
   1.06524205  0.96844059  1.15828764  1.74378312  1.58408594  1.72398579
   1.89099109  0.84598958  0.90667403  0.80939043  1.02524757  2.69586444
   0.96556455  1.29150331  2.60628438  1.11189473  2.48714256  1.97575009
   1.09190071  2.03527331  0.40866327  2.11056304  1.4505167   0.91852182
   1.89901805  3.24409127  1.05238342  1.00142694  2.7530756   0.52570254
   0.94055682  1.79725695  1.12339985  0.78953844  1.93317509  1.06282604
   1.4182781   1.35539293  1.24191356  1.39626932  1.48996627  1.37692666
   1.34680033  1.46827972  2.92590594  1.71173847  1.57378328  1.49002194
   2.45006871  0.77811885  0.74116033  1.39280319  1.16536868  0.92251629
   1.46396577  1.47081852  2.53692794  1.34782326  1.17658067  1.17058265
   1.93969011  1.65045869  0.46802321  0.87102634  0.42049864  1.23625445
   1.03855896  1.75271976  2.01290178  1.16994524  1.60702193  0.67825139
   1.64765     1.55560434  1.25382006  1.18250811  1.24349046  2.04831529
   1.80524349  1.13948214  0.56175649  1.99431682  1.94688141  0.22959681
   0.85059595  1.18400669  0.95765972  1.59772801  1.3943063   1.20045197
   1.83672595  0.86754841  0.81110525  0.90154022  1.24697065  1.60697448
   0.90667599  1.10315847  2.10098863  1.3354193   0.34831321  2.3084321
   1.27356291  1.27040994  1.31184077  0.69908631  1.22929227  1.08712637
   0.65751982  1.51018012  1.79921687  1.04627967  1.88355756  1.30089486
   0.70644844  1.6886605   1.22754073  1.78388643  1.64297497  2.05246472
   1.3525877   1.94850111  0.77439356  1.19672954  1.47133172  1.64949799
   1.08554792  1.15799832  1.52067804  1.34332049  1.82000208  1.84489524
   0.91455704  2.58560729  1.19076192  0.82944775  0.33431149  2.28315997
   1.88400805  2.10559702  1.09567821  0.81166857  1.36854255  1.08829284
   1.31295526  1.1336298   1.13745403  1.88003135  0.73059791  1.59051454
   2.22259355  0.81541795  0.97347188  2.49862552  1.10726452  1.26558387
   1.54598367  1.1309371   0.58121789  1.81804419  1.05354416  1.98710358
   0.89918804  1.46892107  1.82759202  2.26316333  1.73062444  2.62773514
   1.20662594  1.51705849  1.76091039  1.50224793  0.85333037  1.60491216
   1.00653374  1.29930437  0.91196221  1.8170445   0.55265105  0.90453702
   2.03783512  1.15610957  0.59851426  0.86597967  1.36407483  0.70756078
   1.58205867  2.2351439   0.25136882  2.1739006   2.30973101  1.98191166
   1.88835251  1.15208602  0.67658567  1.44194925  1.72187018  0.84383732
   0.72890657  1.02570486  1.4481622   2.44883871  0.98671156  1.8927325
   2.11098576  1.92087066  1.62680221  1.85071552  1.23048639  1.8596704
   1.48186934  2.67484426  1.04196358  1.74236131  1.18631232  0.75401717
   1.0644449   1.70762932  0.93313903  1.12087667  1.49853027  1.12441194
   1.03543258  0.7463811   1.14840496  1.00030279  0.67609578  0.74957615
   1.19946969  2.31821895  1.25187838  2.06563234  0.82418728  1.14968479
   1.21179223  1.4447391   2.1258924   1.50977385  2.22737598  1.55721867
   1.34024191  1.15452862  2.04604554  1.31054127  2.53306699  0.85619259
   0.63463801  1.53098738  1.22811377  2.06357622  1.53262997  1.46338558
   1.40037572  1.79702389  0.17034499  0.78970361  0.98487991  1.98570693
   0.86250681  1.85074258  0.61159062  1.15609038  1.49907053  0.97919881
   1.13736534  0.99697685  1.25419688  1.74851501  1.16021013  0.85367769
   1.06042981  0.69794172  1.45672596  0.80223095  0.89004982  0.67817199
   1.51276004  2.38806677  1.04496002  1.74338305  2.04553437  1.49486482
   1.96270704  1.6009407   1.93727314  0.78779316  1.5101459   1.71593118
   1.78754926  1.7081399   1.49753892  1.31024337  1.92385507  1.75725329
   1.78250718  1.61786568  0.73713374  0.75409532  1.20035517  1.0395385
   1.88560402  2.03502011  0.46575555  1.37403858  1.24821019  1.68865645
   0.89525998  1.10415351  1.01353967  1.06701016  2.65489435  1.81210101
   1.47027421  1.28849626  0.37173888  2.02928615  1.31513882  1.61842179
   1.26761007  1.55201352  1.42042625  0.90097177  1.61875188  0.8324433
   1.82851815  1.77415109  0.95188236  1.28348994  1.4642911   0.69674939
   0.87605518  1.34499562  1.57837713  1.80226839  0.66516697  1.0015856
   1.42501652  1.03692734  1.29383957  1.41404212  0.68053609  1.49779773
   1.26872134  1.77101338  0.94710785  1.64851487  2.01459956  2.3190949
   2.20328522  1.31855059  1.27922428  1.78239846  1.23882365  1.26569784
   1.56109917  1.47399116  0.95209199  1.85843265  1.84920967  0.89111984
   1.98964226  1.56031787  1.25013316  0.40390217  2.35390973  1.23803842
   1.19307923  0.85688061  0.9902485   0.89162368  1.38139963  0.65492898
   0.95393878  1.92241323  1.49213529  0.57814568  0.84359819  1.76628542
   3.0226748   1.95344341  0.93391436  1.32397687  1.17848766  1.39713645
   1.607409    0.66258639  1.13448203  2.14978099  0.8638984   1.51477194
   1.1601212   0.5572288   0.78417605  0.76601237  1.56532848  1.18605816
   1.34788561  1.38430023  1.48791361  2.01755214  0.84519523  1.18354154
   0.55791795  2.2067802   1.16869032  0.9841556   1.23268509  2.0678544
  -0.06850603  2.14198589  1.98261225  1.8951993   0.66784436  1.41826463
   0.68473059  1.38350582  1.55153573  1.73467064  2.31159496  1.83198583
   0.72979456  1.47862756  2.8170259   1.26377034  2.15982819  0.847498
   1.04899335  0.70499301  0.94015497  0.99782991  0.80866748  0.89564568
   1.96449757  1.27484119  1.29436064  1.07029319  1.24419105  1.91143799
   0.75362915  1.36070764  0.70020026  0.31415558  2.72520351  1.01889503
   0.98482239  1.51642418
