 1.06379926  2.64297295  1.99940252  0.7330364   0.98436368  0.8874355
   0.41692376  1.74224555  0.96118462  0.83546972  1.3406496   1.39507711
   0.5708046   0.55658895  0.98169315  0.9178468   1.2617116   0.65288877
   2.68063807  1.11329293  0.89464802  1.45483577  1.14224076  1.45508099
   1.45382297  1.08464277  1.52538919  1.57621133  1.04038203  0.79886693
   1.83477747  1.27331531  1.56832778  0.8932181   0.98370129  1.27029979
   1.05560184  1.23076677  1.05446768  2.30762792  1.30725729  0.69130725
   0.84853995  0.86340868  0.76006681  1.29224885  1.06074882  1.19024289
   0.80469191  1.88731551  1.88111067  2.50359654  1.06784809  0.98624521
   1.75329971  1.70904279  0.73626339  1.19045687  1.89458358  0.74873894
   1.29200566  1.65254653  1.20794237  1.77123737  0.8312003   1.44354153
   1.05329847  0.815332    1.56751013  1.32848704  1.47858834  0.86189693
   1.47051024  0.2869685   2.07379222  1.65055895  1.07658935  2.94300342
   0.75781894  1.76194799  2.09745026  1.26741874  1.38982451  1.7070713
   0.88251936  1.21584725  0.60550082  2.18028426  1.20068026  0.99204743
   2.42950439  2.14346933  1.10281122  0.7598561   1.91481614  0.94190717
   0.68677753  1.87878954  0.57016987  0.7200945   2.09523058  1.18380713
   2.05091     0.42320907  0.84943408  1.57677662  1.76115596  1.54247129
   1.47071302  1.90016592  2.51367617  1.96845925  1.7108146   1.51886022
   2.87395215  0.90757585  1.91600549  0.93240499  1.39805198  0.76267207
   1.77111077  1.91092575  2.8009932   0.8754527   1.47757602  1.4368571
   1.8479898   0.93042564  0.46002382  0.87144423  0.62885565  0.92293519
   0.63321137  1.43035853  1.54039156  0.67813241  0.55550241  0.8151409
   1.18387091  1.15695143  1.66471696  1.18819273  1.09253418  1.56749225
   0.75941789  1.32277858  0.62809509  1.80247653  1.43263066  0.01495914
   1.66764832  0.96845543  0.93534505  1.38072062  0.68154538  1.23320949
   1.22982705  1.21333921  0.81708312  0.89886773  1.40698183  1.03791666
   0.4688651   1.28071332  1.70818079  0.93726027  0.58047438  1.29584134
   0.80136698  1.36547637  1.31445622  0.55547673  1.65031242  0.91068161
   1.2958672   1.56267655  1.80432832  1.05850577  1.89563155  1.34170973
   0.67949539  2.10419965  0.95200032  1.5145936   1.2268883   2.55239272
   0.83227414  1.96143508  0.75913715  1.40345597  1.28221166  1.60191989
   0.36914206  1.12826693  1.18109024  0.98077977  1.82208824  2.20772529
   0.70766097  1.55324137  1.19680834  0.64953601  0.32844067  2.61425447
   1.26834142  1.59300232  0.63462681  0.92665344  0.41802409  0.74896383
   0.65451652  1.06220365  1.17296696  2.26404166  0.83883423  1.73482692
   1.92658961  1.1926719   0.60565168  3.11838531  1.13355005  1.66617239
   1.64363122  1.10685754  0.4826892   2.16386437  0.63454962  1.68876219
   1.42727792  1.3554405   1.44558859  2.80820656  2.26440859  1.96171272
   1.21273077  1.65594625  1.49965501  1.44974518  0.91506875  1.44684911
   0.98731917  1.7700609   1.00680935  1.05303121  0.92303497  0.89670819
   2.3997581   1.01123643  1.14872825  1.27145243  0.48464411  1.43033516
   2.0184257   2.81020427  0.35741639  1.92958558  2.29925299  2.1513164
   1.85611057  0.93761891  0.96351385  1.25231814  1.73716569  1.41848481
   0.67895323  1.34590149  1.14680064  2.13177299  0.91492009  1.26320946
   1.42246914  1.54801869  0.76077449  1.76725185  1.10516441  1.88018727
   1.44278657  2.54669523  1.09777355  1.42306399  1.67343605  1.07518041
   1.16684949  1.76567519  0.77120644  1.34689498  1.34698093  1.11193764
   1.17802024  0.31365997  1.17853355  0.85958654  1.0215044   0.45798194
   1.07466996  2.92331028  1.34246469  1.72374666 -0.00984645  0.83128399
   1.09498823  1.14624226  1.93666923  1.23155165  1.92487931  1.56977236
   1.14175963  0.97823209  2.08083391  0.4563511   2.11655712  0.96345222
   0.51780581  1.43756127  0.95650828  2.41410732  1.78853989  1.05894482
   2.21952343  2.25084853 -0.01538625  1.0337646   0.82744014  2.5406127
   0.44798362  1.66668391  0.56054801  1.10624182  1.5202446   1.08250391
   0.79936159  1.27927637  1.52561069  1.8325491   1.47675693  0.63532603
   1.2833333   0.67185092  0.68628728  0.87555844  1.02226067  0.23566225
   1.37501931  1.52807748  1.12567723  2.08122683  1.85172689  1.07777882
   1.26866627  1.72895348  0.88331455  1.23169541  1.61204302  2.07503152
   2.44169402  0.38304552  2.59627914  1.95007074  1.98222804  1.94260466
   1.62137008  1.83385909  0.67224318  0.63596302  1.98713279  1.29059386
   1.28693449  2.59358191  0.55461872  0.74079037  1.06813717  1.49680614
   0.89090604  0.9916749   0.97806484  1.44590998  2.29999995  1.42019022
   1.17271769  1.34829748  0.58303738  2.28852797  0.93905532  1.34967625
   1.6406033   1.49201286  1.48704541  0.94623643  2.02177691  0.31389022
   1.78026783  2.46089005  0.82732314  1.01450276  1.15893328  0.90609866
   0.2552813   1.23896575  1.96152413  2.13795114  0.36400208  0.81516522
   1.31928015  1.4476862   1.51476991  1.21093035  0.5636971   1.2216754
   1.29286981  0.85524791  0.81794024  1.794433    1.66442311  1.55960488
   2.2706697   1.03634751  1.27683473  1.75900054  1.11513782  1.25492775
   1.28503907  1.44447565  0.9936825   1.7195822   2.12138247  0.88014573
   1.27271307  1.29112804  1.48434639 -0.003425    2.31148911  1.42714334
   1.59524727  1.03169203  1.01448691  0.89431953  1.58367121  0.76244134
   0.64464349  2.06776905  1.33084834  0.86601913  0.95206493  1.90171242
   1.86215973  1.84529161  1.10779846  1.30565858  0.95687771  1.5030123
   1.82742596  1.25560462  0.66868907  2.07797527  0.56674039  1.6040504
   1.40877521  0.57723832  1.03536153  0.77152288  1.42129207  0.94923377
   1.91814673  1.85194397  1.90174878  0.99095404  1.11583221  1.25122929
   1.52028835  2.34684062  1.19263268  1.03236997  1.33198905  1.8045007
   0.80904114  1.85789216  0.96962082  1.54647434  0.93636781  1.60908258
   0.89103013  1.16229129  1.41235113  1.17549431  1.80374742  1.26645708
   0.96788037  1.66979969  1.56871223  1.80034089  1.78305411  0.78420675
   1.47298193  0.36800271  0.90449208  0.69062686  0.52946216  1.1759274
   2.11231828  1.36963129  1.7835747   0.64920914  0.83067399  1.36466491
   1.09179771  1.68076384  0.6357258   0.40160283  2.95217919  1.02270484
   1.87637758  1.58746231
