 0.94386363  2.36336803  1.60486782  0.90715104  1.15266597  0.7630586
   0.7886939   1.84248817  0.94247866  0.87933856  1.62883401  1.36541855
   0.49164879  0.6466853   0.44759333  0.77816457  2.27672982  0.65795606
   1.92225528  1.12858856  1.11647546  1.57795477  1.1293118   1.40470612
   1.45449328  0.79416013  2.17190456  1.26603258  1.19856441  0.85880888
   1.43666041  1.59323597  0.91548145  0.83345336  0.88197982  0.93997818
   1.47859299  1.40070558  1.40003395  1.90286183  0.30360982  0.43156165
   1.59151959  1.06454098  0.77116901  1.39112997  1.04776919  1.14867902
   1.38822567  1.7555573   1.68891048  1.80732429  0.59010273  1.146963
   1.65362501  1.45996928  0.94433153  1.3685925   1.86510801  0.89827752
   1.28519273  2.1258049   1.20497584  1.77704847  0.80127841  1.2291733
   1.0425384   1.02658904  1.35566533  0.88218296  1.59806907  1.42339575
   1.47411311  0.89505857  2.12441087  0.82196128  0.64692372  2.34796286
   0.72626913  1.1602515   1.48120403  1.13655508  1.20208871  1.82510972
   1.29087496  1.4154036   0.45806313  1.75860882  1.38360035  1.2909795
   1.20965922  2.36090398  1.43495142  0.68118465  2.57963085  1.56542218
   0.69497579  1.44142497  0.9319706   1.32121515  2.00014544  1.20621192
   1.33810472  0.0037369   0.92340046  1.40482402  1.58983052  1.40153897
   1.2857542   2.11459565  2.23319674  1.68625438  1.64258897  1.50037527
   2.7765882   0.83042061  1.11834109  1.30483854  1.45973194  0.96085912
   1.11571097  1.57556105  2.57552743  0.69795394  1.49748218  1.53738034
   1.93188548  0.79974121  0.60146272  0.85016662  0.62969416  1.04226482
   0.57436281  1.36165679  1.7357415   0.75710994  0.58096772  0.05166879
   0.9692179   1.41745591  1.21287262  1.13036597  1.34258592  1.67685819
   1.18900776  1.16720331  0.63164413  0.68132573  2.26550126  0.46835828
   1.20899677  1.07485688  1.04122794  1.75100458  0.60655129  1.45858276
   1.6949991   1.19214714  0.74258465  1.3221947   1.20636392  1.22009599
   0.44785237  1.39177394  1.02136159  1.04262495  0.68017775  1.40153444
   1.23695898  1.26426125  1.26069725  0.57856661  1.679196    1.77397609
   0.68524623  1.65625083  1.81203055  2.14746904  1.66836441  1.22872138
   0.75331092  1.94893062  1.23725295  1.59800327  1.52390313  2.38348007
   1.25393832  1.95890701  0.60430855  1.24600124  1.35440493  1.12513649
   0.28974771  1.52051711  1.24244773  1.20821512  1.72660768  1.68950558
   0.76183629  1.77157462  1.13630021  0.8447364   0.61157167  2.29840136
   0.54304063  1.72857845  1.66047108  1.19153464  0.95971096  1.0196476
   0.47529399  0.87864077  1.22054374  1.67002499  0.7069121   1.72430182
   1.27492762  1.19730258  0.36881441  2.46046615  1.24589467  1.41027963
   0.79861939  1.4783802   0.90875584  2.33695531  0.63370806  1.51058471
   1.27794695  1.09467435  2.58134055  2.29633331  2.21934986  1.8046298
   0.94383633  2.14267087  1.90546215  1.38514853  1.02217293  1.55375588
   0.85573906  1.11478138  1.06915712  0.91318154  0.37390333  0.89567184
   2.77806306  1.09739757  0.92596364  1.02507663  0.68449277  1.36888123
   1.93715191  2.57929873  0.20151244  1.5518589   1.7885983   1.52760506
   2.63532567  0.63011152  1.2339983   1.4969064   1.70921862  1.17412508
   0.93274003  1.03339195  1.20833468  1.59018993  1.00144827  2.03085828
   1.42411995  1.79991984  0.84136236  1.56852317  1.17041314  2.0648613
   1.14339626  2.86722994  1.08475733  0.8857066   1.53110683  1.12259781
   1.59505749  1.31654811  0.73521292  1.86072111  1.4081862   1.22818232
   1.52662897  0.27769923  0.94349813  0.88979357  1.29824662  1.52634811
   0.72861433  2.13351607  1.283499    1.69988275  0.06349534  0.96414673
   1.63554978  1.48049259  1.71041596  1.71888292  1.45705819  1.52639806
   1.10304523  0.92741424  1.80796313  0.83215994  2.1202693   0.89015341
   0.50545681  1.45706069  0.98363036  1.58853626  3.0914669   1.46672297
   2.10208535  2.13609481  0.67162687  1.30964065  1.14194357  2.82600117
   0.45382762  1.3195715   0.48462838  0.98004746  1.36622655  0.95621711
   0.65446895  1.15712643  1.52900589  1.50291836  1.3578341   0.79996711
   0.94282699  0.64956754  1.12300348  1.02313924  1.14555264  0.10112996
   1.24905622  1.53438067  1.14038551  1.98006737  1.78694427  1.60464489
   1.07819438  1.91225326  1.43595457  1.66897535  0.77247119  2.0178895
   1.88395429  1.14187753  1.92188418  1.09278286  1.88141787  1.34323287
   1.63681412  1.96895254  0.67448163  0.23856433  2.23579097  1.29050219
   1.90737069  2.12941933  0.80665171  1.72887611  1.06313801  1.47902715
   0.92214572  0.72025388  1.00341427  1.40400553  2.52977061  1.711164
   1.13888347  1.35297322  0.93648648  2.12426901  1.59526515  1.33580828
   1.81774795  1.47677124  1.42751336  0.95531166  1.98512733  0.48080119
   1.60916603  2.23300672  1.27592671  1.05766141  1.5927304   0.92904067
  -0.02141073  1.17643988  1.56956697  1.97185147  0.43514571  0.7921623
   1.29796994  1.25555933  1.9351939   1.08988154  0.48208401  1.92690265
   1.08960497  1.20878685  0.72048122  1.56298077  1.66709244  1.24057913
   1.95864952  1.16265583  1.27025628  1.49946547  1.56457984  0.77026039
   0.98136228  1.05072498  1.32809651  1.65226626  2.00803852  1.01048112
   1.89710844  1.39245033  1.71427298 -0.02424594  2.36555004  1.37093663
   1.15138459  1.39564097  1.4662478   0.69516951  1.6365608   1.09234488
   0.63778299  2.20193005  2.12730598  0.43340999  1.73147619  1.53242016
   2.23138595  1.60609412  1.17169857  1.24462152  1.07971716  1.27232528
   1.23097277  1.6515398   0.66369241  1.9092803   1.11739564  1.67615736
   1.27604067  0.58685058  0.89963567  0.76499474  1.47155726  0.96398735
   1.92838967  1.51070511  1.41004884  1.15603232  0.96863955  0.7433992
   1.32888234  2.40414572  0.86304915  1.05761051  1.46138942  1.65439618
   0.49193272  1.62798131  0.87376583  0.78912437  0.85945797  1.1851238
   0.3422302   1.63073814  1.44667399  1.32009554  1.83815157  0.94174242
   1.33151841  2.35084295  1.58649313  0.71504563  2.45498514  0.36149353
   1.12001538  0.33231962  0.98864543  0.4957526   1.36913693  0.97728759
   1.71526539  1.26873338  1.55778897  0.73207706  1.32400167  1.52968431
   0.84830159  1.96065569  0.82862848  0.88466036  2.07420969  1.05622888
   0.80483717  1.07131374
