  1.24466205e+00   1.88863647e+00   1.75537765e+00   9.99593735e-01
    1.25148308e+00   1.00606167e+00   5.90035439e-01   2.64878416e+00
    9.00500357e-01   7.73283362e-01   1.89161348e+00   1.18210769e+00
    6.33286774e-01   6.45512760e-01   6.17739320e-01   9.79875565e-01
    1.36199772e+00   6.83929324e-01   2.26717114e+00   1.19007850e+00
    1.27464974e+00   1.73494351e+00   9.10284519e-01   1.79229426e+00
    1.00449491e+00   9.69970584e-01   2.02208853e+00   2.07794762e+00
    1.66716027e+00   1.06695879e+00   1.32609987e+00   1.65991676e+00
    1.19433284e+00   9.03950155e-01   8.10884595e-01   1.15593708e+00
    9.27006125e-01   2.30416822e+00   1.34005713e+00   2.01088929e+00
    3.83698344e-01   3.38585764e-01   3.20478797e-01   7.30500817e-01
    7.99265206e-01   1.11947012e+00   1.04566145e+00   1.13854003e+00
    5.92513561e-01   1.65731990e+00   1.48909521e+00   2.05045152e+00
    5.43485045e-01   2.18215346e+00   2.24631763e+00   1.37194598e+00
    9.49352562e-01   1.50884378e+00   1.18932700e+00   1.29559624e+00
    1.27432179e+00   1.96272326e+00   1.26182330e+00   1.50278246e+00
    9.40730631e-01   8.31900120e-01   1.05045903e+00   8.59773517e-01
    1.94790936e+00   1.95228279e+00   1.32131100e+00   1.40006292e+00
    1.96497953e+00   1.65077373e-01   1.16677880e+00   7.20469892e-01
    3.63638729e-01   2.48700166e+00   1.13575387e+00   1.21965098e+00
    1.15866506e+00   1.13744354e+00   1.79600453e+00   1.56890500e+00
    8.20372641e-01   1.35472655e+00   6.16971552e-01   2.22945595e+00
    1.36812913e+00   4.21776950e-01   1.74051118e+00   2.32207227e+00
    1.03306592e+00   5.39227724e-01   2.24930930e+00   5.05908012e-01
    6.03201985e-01   1.54806638e+00   4.08057511e-01   1.20573282e+00
    1.75394464e+00   1.07924664e+00   8.68117392e-01   8.40142131e-01
    1.43182075e+00   1.26553845e+00   1.05541825e+00   1.60065246e+00
    1.25110102e+00   2.39379454e+00   2.25719166e+00   1.84333313e+00
    1.16882253e+00   1.38908529e+00   2.11955571e+00   9.22306955e-01
    1.37395370e+00   1.73387134e+00   1.87410510e+00   4.36161220e-01
    1.47954333e+00   2.12684369e+00   2.08901715e+00   1.01586318e+00
    1.30502820e+00   9.18654084e-01   1.65719450e+00   1.56704903e+00
   -2.43481155e-02   1.35196435e+00   8.60352397e-01   1.50761485e+00
    9.16073203e-01   1.97584856e+00   2.27502918e+00   1.62539136e+00
    1.08581460e+00   2.24519938e-01   1.37359774e+00   1.49845207e+00
    2.00922275e+00   1.66855705e+00   9.18151557e-01   2.59805608e+00
    6.36745274e-01   1.06681478e+00   2.48665571e-01   1.46534324e+00
    1.88993812e+00   5.34141421e-01   1.79067254e+00   9.78740394e-01
    9.33813095e-01   1.47724605e+00   4.68780011e-01   1.41983449e+00
    1.78136015e+00   7.17842877e-01   7.60040820e-01   1.74652243e+00
    1.23368871e+00   1.29757023e+00   4.98365134e-01   1.07610834e+00
    1.19787121e+00   1.14936173e+00   5.90373158e-01   1.97284758e+00
    5.35071313e-01   1.35619152e+00   1.01637292e+00   6.18640542e-01
    1.49902952e+00   1.50714195e+00   9.71851826e-01   1.76044714e+00
    1.80669320e+00   2.21157527e+00   2.04641342e+00   1.55793822e+00
    6.21090829e-01   1.84513414e+00   1.96434569e+00   1.21720219e+00
    1.36669052e+00   1.94121552e+00   1.35827661e+00   1.51967442e+00
    7.87900150e-01   1.40364385e+00   9.05056834e-01   1.08151972e+00
    8.01722854e-02   1.01491964e+00   1.10073221e+00   4.62485909e-01
    1.86165249e+00   2.93476582e+00   1.14114535e+00   1.82960939e+00
    1.50729263e+00   1.35322726e+00   5.03011823e-01   1.37170398e+00
    9.83516634e-01   2.17262602e+00   2.09337735e+00   7.86123276e-01
    1.17274308e+00   1.05345893e+00   5.71614861e-01   1.51569247e+00
    1.01808596e+00   1.51486456e+00   4.10047531e-01   1.61582541e+00
    1.56048930e+00   8.69488299e-01   2.63327897e-01   1.95666957e+00
    1.35130024e+00   9.24486339e-01   2.55515146e+00   1.37314391e+00
    1.02617240e+00   1.34940743e+00   7.60282815e-01   2.07269335e+00
    6.69494212e-01   1.32691467e+00   2.82053804e+00   1.88703609e+00
    1.09566939e+00   2.06881618e+00   6.08860850e-01   1.63635683e+00
    1.35734558e+00   1.44122922e+00   1.09104645e+00   1.52660191e+00
    1.33601999e+00   1.27897775e+00   9.85132337e-01   8.69592845e-01
    5.63533008e-01   9.03139174e-01   2.48641348e+00   1.44522583e+00
    4.50142950e-01   7.63983786e-01   3.69601727e-01   1.58704713e-01
    2.10463119e+00   1.90324914e+00   4.93898451e-01   1.60301757e+00
    2.28108025e+00   1.81139326e+00   2.12693691e+00   9.09383774e-01
    1.59743762e+00   1.24485159e+00   1.72951102e+00   1.45115280e+00
    8.54600132e-01   1.19325805e+00   1.06194890e+00   1.81131506e+00
    8.10299337e-01   1.63140631e+00   1.84754729e+00   1.45763612e+00
    1.51125813e+00   1.79203522e+00   1.56688154e+00   1.88465810e+00
    1.04323280e+00   1.12419713e+00   9.59616065e-01   1.42404485e+00
    1.56645000e+00   1.02372241e+00   1.20170510e+00   1.69890535e+00
    7.11863995e-01   1.38694656e+00   1.60501862e+00   1.14990735e+00
    7.67385244e-01  -3.08239250e-03   8.35315883e-01   9.54039156e-01
    8.31552923e-01   6.36023760e-01   8.50357294e-01   2.83744931e+00
    1.56726205e+00   1.29010606e+00   2.41000488e-01   1.12797225e+00
    1.91332364e+00   1.31196928e+00   1.44838321e+00   1.66320300e+00
    1.46586108e+00   1.65304935e+00   1.12702477e+00   1.09232247e+00
    1.62807858e+00   2.94015288e-01   2.77387428e+00   6.68081045e-01
    4.81614351e-01   1.54122293e+00   8.13735723e-01   1.28999567e+00
    2.66213560e+00   9.79715347e-01   1.39994109e+00   1.61799169e+00
    4.13104706e-02   8.78509343e-01   9.27819014e-01   2.35107780e+00
    6.37458026e-01   2.19794631e+00   4.99541521e-01   9.96305823e-01
    1.27553439e+00   1.15790462e+00   1.07266009e+00   1.30077970e+00
    1.27402294e+00   1.63423240e+00   1.27775419e+00   3.39022964e-01
    9.34290171e-01   5.40730298e-01   1.42155373e+00   9.25999999e-01
    8.29229295e-01   3.61240119e-01   1.33617330e+00   1.47340405e+00
    1.15900040e+00   1.54753172e+00   1.99537802e+00   8.38099539e-01
    1.69312572e+00   1.52549767e+00   2.13046145e+00   1.39016402e+00
    1.18397069e+00   1.64537072e+00   1.36588502e+00   1.12611425e+00
    1.35029805e+00   1.40860665e+00   1.69890261e+00   1.34971821e+00
    1.50261199e+00   1.59804094e+00   7.30210543e-01   2.89860487e-01
    1.45593393e+00   1.32939124e+00   1.36159825e+00   1.50738418e+00
    1.07763886e+00   1.96422803e+00   1.32510078e+00   1.46996784e+00
    9.28264976e-01   1.00980198e+00   9.81487453e-01   1.27506113e+00
    2.26074815e+00   1.39323747e+00   1.23429644e+00   1.16111970e+00
    4.78043586e-01   1.70922828e+00   1.20499992e+00   1.71027422e+00
    1.18035197e+00   1.39915168e+00   1.07113850e+00   9.69079554e-01
    2.21820641e+00  -1.21543719e-03   1.70736277e+00   1.58833766e+00
    7.87085235e-01   1.01957822e+00   1.59911931e+00   9.57550347e-01
   -2.02813232e-03   1.26211953e+00   1.14142394e+00   1.84660256e+00
    1.37534395e-01   1.04601419e+00   1.33390403e+00   1.01926029e+00
    1.00691068e+00   6.79677367e-01   1.45828322e-01   1.35860419e+00
    1.62873673e+00   1.00254536e+00   1.09450054e+00   1.92389870e+00
    1.98521507e+00   4.57427442e-01   1.78638673e+00   5.45998871e-01
    1.27315152e+00   1.56906259e+00   1.16239381e+00   9.40385461e-01
    1.44956970e+00   9.32538152e-01   1.16144645e+00   1.92885566e+00
    1.97262037e+00   9.17796493e-01   2.34885311e+00   1.42840052e+00
    1.75401223e+00  -7.95137957e-02   2.81023312e+00   1.35746145e+00
    1.50154376e+00   9.50103045e-01   1.52222168e+00   8.55539858e-01
    1.82093656e+00   8.25220644e-01   1.02087581e+00   2.20366478e+00
    1.32897270e+00   1.05929136e+00   1.07260859e+00   1.59869683e+00
    1.99487841e+00   1.49076903e+00   1.28950000e+00   1.31857431e+00
    9.41153109e-01   1.40225565e+00   1.26334608e+00   6.79016292e-01
    1.24068844e+00   1.63638532e+00   1.43720090e+00   1.51552892e+00
    1.57197773e+00   7.04864979e-01   8.75484765e-01   7.74381816e-01
    1.21954167e+00   1.22550440e+00   1.74104202e+00   1.44396567e+00
    1.03674424e+00   1.75463164e+00   1.06878078e+00   1.13245773e+00
    1.92331409e+00   1.48818886e+00   4.87590551e-01   7.90063977e-01
    7.95837700e-01   1.93627846e+00   1.64286733e-01   1.61884201e+00
    1.20017087e+00   6.98152423e-01   1.34478295e+00   1.42067397e+00
    6.33781493e-01   1.27134871e+00   1.01933897e+00   1.67419851e+00
    1.79046237e+00   1.45806372e+00   8.98510396e-01   2.43572116e+00
    1.37953246e+00   1.40740025e+00   1.71245098e+00   1.99467912e-01
    1.11596274e+00   1.93069391e-02   8.37118089e-01   7.95279443e-01
    1.44079804e+00   5.49094498e-01   1.88974476e+00   9.99732971e-01
    1.75522494e+00   5.68329692e-01   1.04204321e+00   1.80253446e+00
    1.20804644e+00   1.54152703e+00   8.83679330e-01   7.16258824e-01
    2.22504020e+00   1.03724957e+00   1.56199563e+00   6.86763644e-01
