 1.16754055  2.25354958  1.77426064  1.10424531  0.97900373  0.73582256
   0.36801571  2.23450279  0.8495816   0.52901745  0.80399668  1.39643264
   0.7770927   0.48572308  0.4581728   0.97438908  1.36707389  0.65131217
   3.12353706  1.12388027  1.05118632  1.68682289  1.13586128  1.85226023
   0.78084958  0.93472743  1.82458317  1.52042639  1.79045153  0.81300592
   1.91857278  1.90660703  0.88572866  1.37594938  1.05603182  0.83703768
   0.58328712  1.73482358  2.13803077  1.65585876  0.3433142   0.34262967
   0.36636883  0.67613721  0.76905388  1.19167674  1.02703989  1.19613016
   0.98724568  1.92363572  1.53662431  2.25292325  0.80257583  0.8478089
   2.01936293  1.46932125  0.77155954  1.54680717  1.12795174  0.32158715
   1.27999687  1.28714812  1.27236187  1.40950894  1.33532894  1.19857061
   1.05025041  0.7899546   1.65563822  1.15037358  1.12394416  1.33671486
   1.60782754  0.11370326  1.08927202  0.90867609  0.6697045   2.80613279
   0.75551194  1.10803509  2.09169483  1.11267054  1.54718208  1.79410398
   0.77032685  1.21860528  0.39075279  2.37270761  0.8740232   0.9529264
   1.68847585  2.94722557  1.13251781  0.59553313  2.18125892  0.61560839
   0.51457512  1.50491703  0.27959174  1.0157069   2.08009911  1.33717072
   1.74009812  0.18543337  1.43376899  1.5923245   1.65348077  1.39373529
   1.46691847  1.81161952  2.60231543  1.99310136  1.48878646  1.5438844
   2.30480194  0.71404803  1.1493547   1.28059709  1.48319578  0.61899555
   0.95745057  2.25792384  2.31647611  1.02060914  1.25811386  1.14694786
   2.00611019  0.86540788  0.13664113  0.93940711  0.55154341  1.34802663
   0.58134204  1.45817351  1.81514108  1.41524649  1.11276567  0.16234563
   1.07973886  1.14520812  0.99117202  1.60301507  1.22657585  1.61869884
   0.64573097  1.101179    0.80031639  1.38768387  1.37298763  0.03494043
   1.52902949  1.05714869  0.86419767  2.35673761  0.37809256  1.27859282
   1.53425217  0.75917244  0.81243551  1.1501323   1.13045549  1.27782631
   0.56886941  1.1391629   1.60424578  0.78052956  0.08302445  2.44134974
   1.75146532  1.35976613  1.30812263  0.67526764  1.67446804  1.1918118
   1.19794238  1.44224405  1.81139374  2.18157816  1.96243131  1.37144887
   0.57689929  1.59760988  0.98973233  1.67910421  1.37250113  2.13419795
   0.99472022  1.1509136   0.65922821  1.14157593  1.18719125  1.99469256
  -0.00905546  1.34551775  1.28389525  0.60031617  1.82896638  2.54256797
   0.7949875   2.14270067  1.01288605  1.0411396   0.40579227  1.230744
   2.18721581  2.42709303  2.20411682  1.00157511  1.04781854  0.81388021
   0.83260095  1.45153856  1.37459755  1.49358082  0.56866711  1.51389503
   1.7139312   0.85535687  0.87600178  2.3076663   1.1889385   1.3400408
   1.26058626  0.76236308  0.39450318  2.11103749  1.50796616  2.12957835
   0.8733936   1.33240283  3.26625967  2.11792135  1.72408533  2.68384147
   0.7078073   1.68623829  1.61483777  1.45344174  0.93086082  1.3421793
   1.78906405  1.31918073  1.01451433  0.84976411  0.93729669  0.89191401
   2.60853553  1.2530992   0.82979876  0.97315329  0.62669921  0.56360072
   1.33068383  2.09632826  0.35185295  1.5569483   1.82456839  1.54244435
   2.92303777  1.31921816  1.10111403  1.36777794  1.70976806  2.25966406
   1.05243635  1.35213172  0.95531839  1.96947658  0.68411815  1.88801789
   1.62644207  2.89571071  1.14062071  1.89307523  1.33812714  2.05241275
   1.21095085  1.48404372  0.94715053  1.49277699  1.32898462  1.4119513
   0.94805741  1.55555534  0.65366852  1.5206089   1.9196372   1.05743027
   0.99181348 -0.07780226  1.18058777  0.76197779  0.93875015  0.80072951
   1.12863994  3.21906304  1.87435853  1.3870908   1.10257459  0.45153302
   2.68349171  1.40301251  1.40176368  1.33311272  1.22645128  1.88891625
   1.26529944  1.03164554  1.7714256   0.35759348  1.93599999  0.62570316
   0.66771334  1.55662012  0.83196014  2.18664622  2.1633637   0.57239461
   1.68828905  2.51782155  0.049891    0.83740711  0.74434388  1.72834206
   0.4395746   1.7118454   0.50799567  0.98234612  1.47196627  1.14698267
   1.33842552  1.48735845  1.59877801  1.72378814  1.15215981  0.35085934
   1.03336406  0.3914988   1.18887568  1.21870303  0.83255148  0.58743608
   1.30443096  1.33091521  1.16846204  1.9256314   2.04069161  0.85312474
   1.02270639  1.92205548  0.9301182   0.60629904  2.32860851  1.17713046
   1.0090214   0.85936242  1.46204066  0.88661444  1.6378938   1.39827168
   1.57132375  1.66915572  0.9396888   0.09203592  1.82974744  1.54889333
   1.4438374   1.20397246  1.11314917  2.05433917  1.42749631  1.48395276
   0.9510904   0.48582414  0.87315303  1.15634549  1.76039338  1.04061306
   1.62936389  1.24821365  0.79210597  2.14806414  1.24812639  1.97070587
   1.24964225  1.41475809  1.18594539  0.9201768   1.83333969  0.43753317
   1.6619122   2.30708361  1.43579805  1.30621433  1.88724375  1.16514289
   0.40368316  1.22508299  1.6266166   2.02606726  0.32830837  0.62982869
   1.43806958  0.96471405  1.53715146  1.00114071  0.34763494  1.06431985
   1.07095897  0.83136374  1.20584881  1.75963235  2.11506414  1.54204357
   2.30870128  1.31896245  1.27752578  1.67602503  1.00229394  1.14738357
   1.70451188  1.20986366  1.1666199   1.63994622  1.83114648  0.75889868
   1.82739019  1.30040264  1.80429935 -0.08159125  2.66592836  1.25719893
   1.06666589  0.89101923  1.04951072  0.79667211  1.80131721  0.72140968
   0.83513623  2.13611913  1.56222785  1.34652817  0.79999965  1.46812057
   2.51872706  1.67467391  0.5971176   1.39770937  1.04021537  1.39560664
   1.38455629  1.32151139  0.66301274  2.3239491   1.16589141  1.14249349
   1.81016672  0.69239897  1.85710537  0.77251446  1.54357779  1.09466362
   1.64366031  1.37723303  1.08637655  0.87311935  0.98323458  0.96959454
   1.70051837  2.02584434  0.47883701  0.68998855  1.1260947   1.65775025
   0.57741851  1.55488992  1.10532832  1.26126611  1.46787024  1.39597452
   1.08690345  1.27019072  1.11909747  1.6997292   2.28298926  1.23836458
   1.19440627  1.62581122  1.03242338  1.65149653  1.25661659  0.41027477
   1.32560694 -0.02821001  0.7928918   0.73778075  1.16024613  0.75822681
   2.13051319  1.43044972  1.51066935  0.53840834  0.95484269  1.89069319
   1.53749156  1.38603258  0.85623753  0.25671223  2.42497158  1.06410027
   1.08036852  1.0648309 
