  6.36088610e-01   2.53597450e+00   1.90683198e+00   1.20561123e+00
    1.01602745e+00   7.76098549e-01   2.01661229e-01   2.35168314e+00
    7.71691382e-01   7.90534139e-01   1.11989331e+00   1.17555714e+00
    8.77122819e-01   7.19586968e-01   4.44521993e-01   1.07870257e+00
    1.24271142e+00   6.46236539e-01   2.89745545e+00   1.13757801e+00
    1.10312068e+00   1.63193142e+00   2.10942101e+00   1.92325056e+00
    1.39649200e+00   8.54331195e-01   1.18523383e+00   1.31651115e+00
    2.21350932e+00   7.86985338e-01   1.38554585e+00   1.73926437e+00
    1.82934105e+00   8.21183503e-01   1.09853828e+00   1.15265226e+00
    9.08299029e-01   2.47105265e+00   1.47503674e+00   1.31283772e+00
    6.90213203e-01   3.90064031e-01   9.56776261e-01   5.90567291e-01
    7.54890621e-01   1.31804252e+00   1.14800656e+00   1.12537169e+00
    1.08419430e+00   2.26645374e+00   1.75077009e+00   1.91899240e+00
    4.88379449e-01   1.34732175e+00   1.67552447e+00   1.51651394e+00
    6.04823291e-01   1.99780703e+00   1.98553288e+00   7.92888820e-01
    1.28607190e+00   1.60237527e+00   1.63010526e+00   1.15703452e+00
    1.04827285e+00   1.31531489e+00   1.04038799e+00   8.16567719e-01
    6.52072191e-01   1.51495194e+00   1.58575916e+00   1.10457575e+00
    1.61343300e+00   3.44850838e-01   1.50645149e+00   1.12280691e+00
    9.45794463e-01   2.25411439e+00   1.35252488e+00   1.16538072e+00
    1.81276071e+00   1.16872096e+00   1.19335604e+00   2.02713466e+00
    9.12764370e-01   1.48837161e+00   5.54977477e-01   2.17920065e+00
    9.32382882e-01   9.01495457e-01   1.87182927e+00   2.60601687e+00
    1.33021963e+00   5.24371147e-01   2.45195866e+00   1.29209495e+00
    4.96786445e-01   1.27400541e+00   6.19614124e-01   9.61402118e-01
    1.88216794e+00   1.16041243e+00   2.08612347e+00   3.22749585e-01
    1.49179506e+00   1.37825620e+00   1.48134100e+00   1.64252830e+00
    1.85389197e+00   1.76380813e+00   2.81266069e+00   1.92534876e+00
    1.77725434e+00   1.47488308e+00   2.56612277e+00   9.38019812e-01
    1.38565302e+00   2.09438133e+00   1.38722312e+00   6.68293774e-01
    1.01752615e+00   2.59165239e+00   2.54973173e+00   1.06798565e+00
    1.61737895e+00   1.12346792e+00   1.68240786e+00   1.20621014e+00
    9.62057337e-02   9.71875370e-01   3.97512108e-01   1.35301268e+00
    5.98379493e-01   1.37971509e+00   1.87380648e+00   1.00418019e+00
    9.99251246e-01   7.12998331e-01   1.28861094e+00   1.25675082e+00
    1.98966694e+00   1.59545898e+00   1.17707551e+00   1.49072671e+00
    1.40199542e+00   9.06648338e-01   1.11336362e+00   5.98362386e-01
    1.62029362e+00   3.37092966e-01   1.17331076e+00   9.93296564e-01
    1.04383206e+00   1.67960703e+00   5.86445272e-01   1.29777694e+00
    1.65609741e+00   1.08945036e+00   6.67738616e-01   1.37593555e+00
    1.43612432e+00   1.13022292e+00   4.02513742e-01   1.15075660e+00
    1.76574433e+00   4.56995487e-01   7.68934846e-01   2.80916524e+00
    7.30205119e-01   1.70046759e+00   1.33714187e+00   5.20390093e-01
    1.45600331e+00   1.70934236e+00   7.46362686e-01   7.95422554e-01
    1.81913412e+00   2.44979382e+00   1.60287929e+00   1.06632757e+00
    9.20289278e-01   1.87650430e+00   1.18400455e+00   1.51414418e+00
    1.44161642e+00   2.68212819e+00   1.28633857e+00   1.84237480e+00
    6.91431046e-01   1.15782273e+00   1.17783189e+00   1.12859476e+00
    1.90540165e-01   9.02503788e-01   1.10081613e+00   9.90248501e-01
    1.77938926e+00   1.92163062e+00   7.45254457e-01   2.39455819e+00
    9.26915228e-01   1.14092922e+00   3.98181081e-01   1.41232741e+00
    1.45020437e+00   2.00063634e+00   1.74370492e+00   7.80895829e-01
    8.88781965e-01   6.17797077e-01   9.51886415e-01   1.13660252e+00
    1.29918480e+00   1.88932049e+00   5.50527573e-01   1.59850967e+00
    1.93505716e+00   8.36165488e-01   4.12856966e-01   2.35093188e+00
    1.19855654e+00   1.28493166e+00   8.19597006e-01   9.93851840e-01
    9.97864902e-01   1.80375993e+00   8.31361592e-01   2.15686059e+00
    1.24708962e+00   1.32006371e+00   2.61565590e+00   2.49394011e+00
    1.84400260e+00   2.58609605e+00   9.55390513e-01   2.00043654e+00
    1.32267177e+00   1.37234879e+00   8.44873250e-01   1.32953715e+00
    1.42189670e+00   1.18354213e+00   9.31657970e-01   1.21567535e+00
    5.34802675e-01   1.12843430e+00   2.64122558e+00   1.21966755e+00
    9.97732639e-01   8.75619233e-01   5.56933701e-01   1.42568684e+00
    1.28368747e+00   1.89336491e+00   1.65070474e-01   1.12547898e+00
    2.28786898e+00   2.00830865e+00   1.86536074e+00   1.16086352e+00
    1.17506754e+00   1.34263897e+00   1.71318173e+00   1.49766743e+00
    6.22875690e-01   1.56147003e+00   1.09437335e+00   1.46186948e+00
    9.04123962e-01   1.07986367e+00   1.40798187e+00   1.92685938e+00
    1.03652823e+00   1.99767494e+00   1.69559515e+00   1.91524589e+00
    1.12524450e+00   2.33113337e+00   9.41461623e-01   1.20825851e+00
    1.55804503e+00   1.75575924e+00   1.97129655e+00   7.81600058e-01
    1.04393792e+00   1.42101455e+00   1.32225406e+00   9.74593937e-01
    1.06058776e+00  -7.95163959e-03   1.02141881e+00   1.15140390e+00
    1.24444246e+00   2.24289089e-03   7.30447352e-01   2.70112348e+00
    1.60505211e+00   1.23215950e+00   8.43616247e-01   9.33575034e-01
    2.99347091e+00   1.19017732e+00   1.73460567e+00   1.78065062e+00
    9.83832955e-01   2.25210738e+00   1.38063812e+00   9.38394666e-01
    1.89859295e+00   2.85138011e-01   2.11631441e+00   1.04662216e+00
    2.05213118e+00   1.61046648e+00   1.17250371e+00   1.36673641e+00
    2.51293087e+00   1.11549962e+00   2.01743007e+00   1.88015079e+00
    1.63000688e-01   8.62303972e-01   7.06877112e-01   1.89251661e+00
    4.38059092e-01   1.68675494e+00   4.45300490e-01   9.55084741e-01
    1.27360940e+00   1.08765161e+00   8.39076757e-01   1.35048103e+00
    1.12198019e+00   1.25188959e+00   1.45158577e+00   2.24644959e-01
    1.24594259e+00   7.66525924e-01   1.21916306e+00   1.22549129e+00
    8.08949947e-01   9.93446410e-01   1.29445219e+00   1.52593124e+00
    1.13860869e+00   1.71822476e+00   1.72215509e+00   1.26335704e+00
    1.15741241e+00   1.58714056e+00   9.48350668e-01   1.42673564e+00
    1.51463461e+00   1.74106169e+00   1.01669264e+00   8.67749453e-01
    1.66160107e+00   1.14994395e+00   1.54306233e+00   1.54558527e+00
    1.70974576e+00   2.15210414e+00   7.08297849e-01   5.39984703e-01
    2.18283558e+00   1.50534010e+00   1.60420179e+00   2.12626624e+00
    1.21456349e+00   2.24822187e+00   1.30654824e+00   1.90776002e+00
    8.97077739e-01   9.13967729e-01   9.53546464e-01   1.13445234e+00
    2.30263186e+00   1.47108138e+00   1.45373261e+00   1.25511003e+00
    1.10786247e+00   2.03026748e+00   1.76628709e+00   1.57668924e+00
    1.32979894e+00   1.50549650e+00   1.06968689e+00   9.23306286e-01
    1.91465724e+00   9.44168270e-01   9.69918311e-01   2.49677515e+00
    8.79994154e-01   1.47631943e+00   1.62032449e+00   1.19609344e+00
    1.30922019e-01   1.09372044e+00   1.24212134e+00   2.10787106e+00
    4.39257115e-01   1.06067812e+00   1.65336609e+00   1.21273911e+00
    1.83783674e+00   1.00694919e+00   1.33373868e+00   1.29515004e+00
    1.36237633e+00   1.23699892e+00   8.52934003e-01   2.02155495e+00
    1.68770397e+00   1.23065913e+00   1.74484336e+00   9.88693595e-01
    1.25471437e+00   1.61484301e+00   1.15436733e+00   1.47857785e+00
    1.30001915e+00   1.01360714e+00   6.06766641e-01   2.06781745e+00
    2.38897657e+00   8.87932420e-01   1.67035437e+00   1.27331591e+00
    1.76744986e+00   1.88181445e-01   1.89987838e+00   1.29285753e+00
    1.12255812e+00   1.19859731e+00   8.95032406e-01   1.06379032e+00
    1.66654396e+00   1.20101607e+00   9.95118976e-01   2.59515762e+00
    1.20271933e+00   1.34440744e+00   4.72719580e-01   1.68049777e+00
    1.59991717e+00   1.59494495e+00   1.22432959e+00   1.19654787e+00
    9.63244021e-01   1.14922523e+00   1.63662910e+00   1.74190044e+00
    6.58912241e-01   2.20660758e+00   1.27784896e+00   1.79050958e+00
    1.81565428e+00   7.04093993e-01   6.99851632e-01   7.61837065e-01
    1.14548683e+00   1.03405809e+00   2.08545232e+00   1.54416871e+00
    7.77219057e-01   8.87773931e-01   8.55846941e-01   7.60596931e-01
    1.23700750e+00   2.22825956e+00   9.97219801e-01   1.13802290e+00
    1.24333262e+00   1.72683239e+00   5.39056659e-01   1.54162920e+00
    6.59534574e-01   1.67042291e+00   1.00786102e+00   1.38751888e+00
    9.80892599e-01   1.33161688e+00   1.24923074e+00   1.43731236e+00
    2.13454556e+00   1.06764507e+00   1.24053383e+00   2.33941007e+00
    8.80721748e-01   1.70478714e+00   1.83199012e+00   7.27389157e-01
    1.46216214e+00  -4.24786918e-02   6.69289827e-01   9.58094418e-01
    1.10999763e+00   8.60685050e-01   1.99584913e+00   1.04960811e+00
    1.33382297e+00   9.88745511e-01   9.27343130e-01   1.71622777e+00
    1.08886671e+00   1.33337748e+00   1.05609667e+00   2.83794075e-01
    2.16701794e+00   8.70027423e-01   1.02084053e+00   7.41857886e-01
