 1.33944845  2.73662424  2.03840947  1.26284671  1.58048344  0.61311924
   0.68988013  1.90034056  0.72668988  0.66397834  2.25205398  1.00170422
   0.47768804  1.01406598  0.45875061  1.1282748   1.47011662  0.66598374
   2.00207734  1.07098973  1.47005045  1.6684562   1.82989609  1.73828721
   1.93987668  1.039621    1.57280695  0.7913909   1.68155789  1.29821837
   1.63876319  1.97908103  1.09254634  0.83936757  0.99098492  2.07197452
   0.97644842  2.02802515  0.96276921  1.61620116  0.60574764  0.25272021
   1.31851375  0.60064781  0.76666266  1.42823112  1.00353098  1.13845754
   0.65961796  1.88565731  1.80871236  2.62455702  0.50042689  1.65951025
   2.80213118  1.87239683  0.61758202  1.77102244  1.75599062  0.88358963
   1.4484638   3.14164329  1.22682405  1.40695381  1.18625224  1.1180501
   1.04075253  1.23703218  1.04532373  1.0967288   1.39832008  1.18820894
   1.82656956  0.86939704  1.25045002  0.64147335  0.98269928  2.63251758
   1.34474921  1.28673172  1.54525375  0.96800333  1.64776015  1.39465117
   0.86050165  1.44446945  0.38119674  2.42923331  1.30416548  0.99339885
   1.5639255   2.67130637  1.09063947  0.54396874  2.01436663  0.9214499
   0.49653673  1.54876423  0.95941776  1.17069113  1.96521688  1.07851577
   1.61305201  0.51161206  2.32903647  1.4057827   1.56705236  2.77880836
   1.92508018  2.46782613  2.49071097  1.81147814  1.88372624  1.35588312
   2.21255803  1.22379422  0.91023868  1.51828277  1.19065976  0.90868223
   1.25938821  2.15004802  2.39775872  0.43691501  1.55692816  1.48546708
   1.2378968   0.93135601  0.61775661  0.82699156  0.45626044  2.16123962
   0.97886544  1.63716233  1.84737551  1.72488248  1.01517606  0.32853943
   1.28790939  1.59825408  0.63278145  1.48909676  1.96701491  1.75426042
   0.98749554  0.97323692  1.43154359  1.02049255  1.59178627  0.40030059
   2.20263028  0.95848507  1.37834811  1.3015058   0.84256876  1.39479303
   2.11999822  0.84155655  0.81586242  1.16738355  1.61077154  1.32522917
   0.47458827  1.05650806  2.19301629  1.14824498  0.63804889  2.04226565
   1.66663742  1.58841181  1.1642251   0.68967646  1.45480502  1.82710242
   0.45387474  1.44738293  1.82599807  1.99742019  1.59538627  1.41206563
   1.27635324  2.01704788  1.13740206  1.55219388  1.13583004  2.12396264
   1.4752121   1.43171382  0.64856243  1.24231243  1.50963557  1.34875941
   0.54632765  1.29209137  1.09590614  1.17186689  2.02687955  2.84144521
   0.96464336  2.00547147  1.25064218  1.02169371  0.43997133  1.44205165
   0.73309463  2.95175862  2.06491256  1.11078191  1.01784766  0.73716897
   0.91067904  1.16229665  1.01165044  1.66449034  1.30392504  1.44086432
   1.44750702  0.89414817  0.49720204  1.89590156  1.48383176  0.99181271
   1.07836342  2.37789154  0.8654846   2.03228188  1.19670236  2.36754084
   0.64166522  1.16292679  2.65684223  2.10439944  2.12396073  2.33470583
   0.67547405  1.46249306  1.59359002  1.3774482   0.81036681  1.34882307
   1.64383864  1.17208409  0.87114608  1.08656895  0.87415379  0.89878488
   2.24774718  1.25364149  1.11753178  0.78609729  1.10797775  0.80709249
   1.72440386  1.8753289   0.05962795  2.25889468  2.08015656  2.15079665
   1.80624747  1.07524729  1.49553204  1.45965266  1.70688105  1.43072081
   1.45113385  1.69277322  1.43408358  1.72304034  0.98493081  1.72687364
   1.41019547  1.64340091  1.31228209  2.00723743  1.70204043  2.08954692
   1.41211367  1.66082227  0.88447499  1.3336041   1.53591359  1.67914367
   1.01282883  0.93089467  1.28072155  2.04777884  1.78771639  0.98015612
   0.79467088  0.5708431   1.26634419  1.0988791   1.63955975  0.8220619
   1.33206105  1.65100002  1.36413312  0.80778003  1.70120156  1.04733872
   2.77875614  1.31019962  1.66604662  1.23441279  1.40229917  1.66446579
   1.41856039  0.94589114  1.88056207  0.80431432  2.73527503  0.80430901
   2.29601884  1.5190413   0.8592118   2.35637212  2.14035916  1.17640412
   1.70868874  1.83547819  0.67897159  1.02114773  1.67367291  3.36520386
   0.44139069  2.07158613  0.59257507  1.05772591  1.04986656  0.73295313
   1.13039279  1.56505585  1.29067707  1.57723176  1.83743     0.738433
   1.01078463  1.31742001  0.7336902   1.2754699   0.96904713  0.93142307
   1.24851489  1.87676418  1.9041996   1.74991095  2.17649627  1.43208253
   1.52815044  1.84281671  2.01741958  1.61612022  1.58407366  2.38693523
   1.39965391  0.80083764  1.65331328  1.43742311  1.8348912   1.96314573
   1.36986613  1.86052871  1.01263785  0.90068972  1.80018389  1.49165618
   1.72108471  1.65346408  0.70666444  1.5377667   0.70161325  1.47468567
   0.89233297  0.88181585  0.77923262  1.52549696  2.37443519  1.32491505
   1.48142672  1.40719366  0.67630076  1.36623621  1.53105831  1.4347744
   1.2504766   1.4058156   1.27159798  0.9137904   2.49816704  0.95377195
   1.17169797  2.47694683  0.98974621  1.47829616  2.33293533  2.15235734
   0.23008205  1.21336567  1.23171008  2.17690039  0.86999661  0.73879588
   1.3963021   1.29818809  1.55733049  1.14051735  1.40683722  1.25969923
   0.81700075  1.88245857  0.8714754   2.75950837  2.28743911  1.4086597
   1.95970714  1.09659505  1.46655416  1.34905934  0.86767739  1.56695712
   1.11245048  2.02342367  1.20595682  1.80452549  1.73240125  0.95331323
   1.81512928  1.29435027  1.87768877  1.23421359  2.70857596  1.08294797
   1.03811753  1.07642388  1.83524358  1.05764759  1.7601862   0.65316308
   0.88184232  3.03887415  1.33866262  1.29094505  0.69222957  1.51365864
   1.43461573  1.30933166  0.98132533  1.28080821  0.95419914  1.1935271
   1.05362415  0.61776674  0.71795499  2.20651412  1.53679168  1.81568098
   0.87348133  0.66295397  1.26184011  0.7651695   1.21340001  0.96371973
   1.5965476   1.33629549  1.36328804  1.53100288  1.18925464  1.12595332
   1.08606458  2.60049176  1.23141778  0.86755902  1.50297427  1.8138299
   0.95023459  1.59407568  1.25621009  1.16382492  1.02877402  1.79995787
   0.97130972  1.23210979  1.38735116  1.3155241   1.93719089  1.4463253
   0.93493092  1.65166724  0.99897796  1.72507441  2.10925364  0.56268102
   1.30835164  0.67265499  0.89493906  0.68603474  0.764983    0.95182914
   1.710289    1.10897183  1.55516541  0.45659563  0.79105258  1.47995341
   1.32322741  1.31394172  1.09234345  0.48749357  1.88488746  0.59748518
   1.02155316  1.42509902
