 1.14749551  2.25304341  1.93639863  1.1657666   2.03648114  1.17076516
   0.43865895  1.44715202  0.74474502  0.20578653  1.92607617  1.13286102
   0.34462327  0.20282286  0.4596934   0.74615031  1.6263833   0.68592983
   2.16248083  1.07435215  1.63770258  1.77804101  1.70607042  1.41187751
   1.25459337  1.79287779  1.53590655  1.1492455   1.62191963  1.00690663
   1.35529745  2.07163906  1.38989341  0.83952749  1.22213709  1.68530202
   0.52039313  2.06912136  1.07641923  1.50826097  0.94853723  0.25109899
   0.75566596  0.64742142  0.79148799  1.39616609  1.08772159  1.13919592
   1.18306756  2.28387022  1.61818826  2.45575571  0.30859017  1.42947543
   2.76973343  1.86012781  0.93213373  0.85151649  1.28612971  0.76951629
   1.29166341  1.74919987  1.23108423  1.14723814  1.85646558  0.7774806
   1.0424155   0.82534748  1.21923304  1.35257912  1.00290668  1.28543365
   1.7683531   0.20563303  1.04550958  1.17963052  1.00717318  2.87066102
   1.04417181  1.11560822  2.06234622  0.98513502  1.30529881  0.94685411
   0.69429666  1.14347827  0.32558656  2.645293    0.91665632  0.90149981
   1.66722286  2.11953664  0.80269969  0.99913031  1.84688735  1.0488323
   0.48656213  1.40057564  0.16316114  0.79051054  2.05024123  1.12469578
   1.94565082  0.21432033  1.72945392  1.64430094  1.20979273  1.89948952
   1.63558841  2.62125874  2.3575623   2.0840404   1.79963601  1.47586286
   2.11805177  1.04230547  0.76941514  1.85944223  1.49150109  1.05657911
   1.14901781  1.66818643  2.37811494  1.44709253  1.10266304  1.53208911
   1.17527699  1.14175332 -0.01147473  0.83025092  0.76154363  1.26407802
   0.58389026  1.05441892  2.02870083  1.41776001  1.61122918  0.60326242
   1.12271333  1.51191616  0.9749102   1.37464726  2.25022554  1.53645933
   0.649032    1.03678095  0.50802827  1.19022095  1.906937   -0.00933973
   1.49428189  1.2223736   0.40559688  1.73090136  0.81455898  1.56073022
   1.584553    1.20139706  1.08710623  0.86833501  1.50896645  0.80339152
   0.45056802  1.16534829  2.40632606  0.97333628  0.42235759  1.65171468
   1.06927872  1.46687841  1.2402693   0.56977141  1.32950187  1.0567894
   0.7771284   2.58747172  1.81208885  1.15705204  1.73880625  1.13653731
   1.23626781  2.1496141   0.7186783   1.2390759   1.38504636  1.40866113
   0.77761078  1.0197984   0.60866052  1.14301062  1.75163698  1.98112607
   0.1860155   0.80856144  1.09731543  0.4808321   1.60221744  2.38307452
   0.82756686  2.03846049  1.442904    0.47214863  0.76084048  1.06123674
   1.27537429  2.26487994  0.90909463  0.79254174  1.05859828  0.72710693
   1.05067837  0.8068049   1.06914473  1.62778366  0.80117202  1.17926037
   1.23398852  0.87227589  0.44495234  2.20264769  1.40697372  1.21420538
   1.00792277  1.17679846  0.58479261  1.74301994  1.04596937  2.22955537
   0.90915006  1.49856544  2.31691933  1.92140353  1.71808183  2.29788136
   0.77181107  0.65528619  2.2060349   1.41029406  0.8289451   1.46523237
   1.16749823  1.55908918  0.95167476  0.80832952  0.25676474  0.89522827
   1.79457462  1.45407307  1.28094316  0.74698597  0.48293868  0.38522097
   2.05456185  1.19277227  0.75229114  1.39462972  1.1844548   1.57045603
   1.61450696  1.29268873  1.7383374   1.12906313  1.71496284  1.78384066
   1.07900238  1.48029888  1.98481476  1.16076469  0.69165891  0.97906363
   1.4364785   1.12640929  1.08756721  2.14349198  1.97540438  2.32190871
   1.47574723  1.17961228  0.78099215  0.89371872  1.40395868  1.19077647
   1.02985883  1.2586726   1.12287807  1.67435682  1.77421904  1.0139786
   0.55781543  0.45677096  1.63312268  0.85315371  0.90871155  0.52798134
   1.06125438  2.56212449  1.52775872  1.00448942  0.99033672  0.4084672
   1.57316875  1.33528233  1.41953242  1.16624951  0.9086051   1.87109113
   1.3469696   0.99404567  1.35746896  0.94631165  1.43244612  0.66575277
   1.12219679  1.34390461  0.8851645   2.25847816  1.36949372  0.51506186
   1.82169032  1.78133214  0.55509424  0.76306808  0.73139572  2.12571311
   0.43814704  2.24771118  0.62531221  1.13525569  1.22678232  1.25202096
   1.48000383  1.70101631  1.2437371   1.74990487  1.60999775  0.40169752
   0.92803538  1.38039708  1.23563802  1.31109142  0.95389646  0.50090885
   1.22100949  1.20952761  1.27614033  1.24446833  1.94737697  1.07377386
   1.08905232  1.83295834  0.98742789  0.71773839  2.00145984  1.21697211
   0.74048799  0.61972916  0.93647087  1.68998146  1.50628293  1.54292142
   1.24043226  1.55253196  0.79401517  1.40928876  1.8456167   1.45377934
   1.88184333  1.28451538  1.05784166  1.81113303  0.9196142   1.47389853
   0.89363998  0.81446475  0.9682982   1.28356314  2.1375258   1.2591393
   1.23620176  0.97973084  0.39367855  1.21513081  1.45610976  1.52621472
   1.26269174  1.42132103  1.14842725  0.93068826  2.13611174  0.58674562
   1.53480256  1.90208054  1.19603038  1.13382781  1.85801816  1.23707128
   0.27329004  0.64095968  1.06698     1.92650962  0.73319328  1.09678555
   1.48399401  0.99367577  1.30956137  0.73633438  0.58896464  1.4382993
   0.82579774  1.99147308  0.93199325  1.79258966  1.92153084  1.70875728
   1.49448407  1.68542612  1.26545203  1.58009863  0.75402582  1.60254037
   2.96346951  1.29971254  1.23752367  1.88840473  1.81189394  1.03667867
   2.44292879  1.39144504  2.09547138  0.51536345  2.48565793  1.11002243
   0.81417131  1.00913715  1.76571226  1.12798321  1.83338106  1.47818387
   1.35391009  2.94676709  1.6645782   0.92709595  0.89727515  2.02583528
   1.36938882  1.41700423  0.53642201  1.31453013  0.95480108  1.12007356
   1.46033347  0.71734595  0.85708809  2.2313509   1.42546821  1.08676958
   1.26405156  0.65581262  1.7502228   1.13482511  1.05813193  0.97491282
   1.33052814  1.21794188  1.05919611  2.59370565  1.12999022  0.64725256
   1.07042575  1.83870709  0.86558998  0.66375071  1.4320358   1.47817981
   0.62716955  1.48886478  0.8659907   1.21476293  1.7168957   1.43948877
   1.16553748  2.04276109  1.17078125  1.63009346  1.48506606  1.53618646
   0.85569191  1.22907829  0.90069252  1.65339351  1.25506139  0.3920303
   1.25599825 -0.01248355  1.27431285  0.54910117  1.1295073   0.58128178
   1.69483149  1.07481694  1.62196219  0.28227499  0.68617463  0.86169398
   1.72093904  1.45697677  0.61425877  0.27407306  2.15270925  0.5659557
   1.07351375  0.68784177
