  1.05295134e+00   2.27593851e+00   1.83002174e+00   1.13665831e+00
    1.49511397e+00   6.87667370e-01   1.71916619e-01   1.49625969e+00
    7.53906906e-01   3.57109010e-01   8.91981125e-01   2.16189718e+00
    1.57145053e-01   1.64418042e-01   7.69498169e-01   7.90384650e-01
    2.17815971e+00   8.24121952e-01   2.25444031e+00   1.19625556e+00
    1.45812178e+00   1.78484750e+00   1.95919776e+00   1.43301404e+00
    1.25347102e+00   9.96059477e-01   1.04031265e+00   1.88705361e+00
    2.13676238e+00   5.56162953e-01   1.34051132e+00   1.61634612e+00
    1.07412004e+00   8.15526843e-01   9.91942704e-01   1.04727352e+00
    3.06394041e-01   1.82118118e+00   9.95002508e-01   1.90819931e+00
    7.44275928e-01   3.45345795e-01   7.21769392e-01   9.26006198e-01
    7.57611036e-01   1.37580955e+00   1.08356214e+00   1.20004439e+00
    1.70038307e+00   2.42827249e+00   1.93044496e+00   2.12818551e+00
    3.61783445e-01   9.12649035e-01   2.31043530e+00   1.51128340e+00
    9.85141277e-01   5.80325961e-01   1.79499722e+00   1.05963719e+00
    1.30426943e+00   9.02360260e-01   1.25202453e+00   1.07278597e+00
    5.62371314e-01   6.92744017e-01   1.04901242e+00   8.83487165e-01
    6.61642253e-01   1.49401522e+00   1.34616065e+00   1.51415598e+00
    1.83129680e+00  -5.84365726e-02   6.83950186e-01   1.58776796e+00
    2.50176817e-01   2.17073941e+00   1.55428064e+00   1.10701525e+00
    1.56464541e+00   1.32338071e+00   1.29620528e+00   8.22668254e-01
    4.72702473e-01   8.97556067e-01   4.90345567e-01   2.34049463e+00
    1.21789980e+00   1.08856916e+00   1.85682666e+00   2.80617261e+00
    1.68786395e+00   8.34014475e-01   1.50430822e+00   8.23982596e-01
    7.33131468e-01   1.50786471e+00   2.76225030e-01   7.35991418e-01
    1.75320053e+00   1.16020346e+00   1.36080933e+00  -1.45414025e-02
    1.66042006e+00   1.97760439e+00   1.02319157e+00   1.23474193e+00
    1.70346236e+00   2.46631241e+00   2.60348916e+00   2.87686038e+00
    1.80745590e+00   1.48675168e+00   1.31267154e+00   1.02934670e+00
    7.71405876e-01   2.32971644e+00   1.64355838e+00   1.08576059e+00
    7.27263629e-01   2.39864111e+00   2.24943590e+00   9.40232038e-01
    1.37530684e+00   1.19553745e+00   9.41352487e-01   8.42413306e-01
    1.60314366e-01   8.89844716e-01   8.99839997e-01   1.27433264e+00
    7.63906091e-02   6.50606573e-01   1.80398178e+00   1.23932874e+00
    7.40000904e-01   5.48329115e-01   6.81749701e-01   1.48890400e+00
    6.17441058e-01   1.78663254e+00   1.66197562e+00   1.25239396e+00
    1.16825449e+00   1.10893762e+00   6.14700615e-01   2.09086061e-01
    1.80625987e+00   5.15657030e-02   1.60343397e+00   8.33459616e-01
    7.77590573e-01   1.64868128e+00   9.14217010e-02   1.71778512e+00
    1.95145345e+00   1.39138770e+00   1.08774340e+00   1.44758463e+00
    1.52315605e+00   9.32534397e-01   5.17728508e-01   1.12463987e+00
    1.90134871e+00   9.08058465e-01  -6.53857216e-02   1.23822451e+00
    6.98422253e-01   1.40555048e+00   1.35312974e+00   6.53323710e-01
    1.27908564e+00   2.06241536e+00   1.21285093e+00   2.67275262e+00
    1.78861141e+00   1.24942899e+00   1.59353960e+00   9.50275183e-01
    1.10740149e+00   2.28125095e+00   7.51051366e-01   1.16392505e+00
    1.08182883e+00   1.61097717e+00   1.27319598e+00   1.45808482e+00
    6.87357903e-01   1.14716959e+00   1.18622637e+00   2.11429763e+00
    5.61773717e-01   1.08764017e+00   1.09930170e+00   2.26608947e-01
    1.43097341e+00   1.76000416e+00   7.21365333e-01   2.02280068e+00
    1.24578226e+00   6.44438922e-01   6.68261528e-01   1.10067832e+00
    2.39618778e+00   1.55556154e+00   1.50631475e+00   8.16408098e-01
    8.84055614e-01   1.08811426e+00   6.81619167e-01   5.70752919e-01
    1.07283747e+00   1.11276186e+00   8.30754757e-01   1.02424908e+00
    8.44724774e-01   8.87518823e-01   3.06853294e-01   1.43950534e+00
    1.28024566e+00   1.63067710e+00   1.10604906e+00   9.48697388e-01
    8.95403326e-01   1.65196753e+00   9.10338998e-01   1.89709854e+00
    8.27689111e-01   1.86902130e+00   2.96224427e+00   1.39082253e+00
    1.64607441e+00   1.70237648e+00   1.46862519e+00   1.65808249e+00
    1.26912355e+00   1.45143378e+00   1.09800351e+00   1.47022533e+00
    1.09482145e+00   1.24807227e+00   1.02484894e+00   7.03023612e-01
    4.60221618e-01   9.18617785e-01   2.20954108e+00   8.72584224e-01
    5.51650047e-01   5.97569525e-01   6.82456136e-01   8.73650730e-01
    1.53726470e+00   1.04416764e+00   2.25567985e-02   1.42162871e+00
    1.72770333e+00   1.24014843e+00   2.22341752e+00   1.20971239e+00
    1.69206893e+00   7.06500947e-01   1.74280584e+00   9.95033324e-01
    1.00230265e+00   1.25653470e+00   9.84009922e-01   1.70422578e+00
    7.51840711e-01   1.39754784e+00   1.52459013e+00   1.41936052e+00
    8.19361925e-01   1.92829442e+00   2.14443326e+00   2.31413221e+00
    1.95488131e+00   1.50134158e+00   6.22278988e-01   6.99118495e-01
    1.31453550e+00   1.02589011e+00   1.77846229e+00   1.64595997e+00
    7.17185795e-01   1.38755655e+00   1.54448450e+00   7.74408460e-01
    1.27173454e-01   2.69040585e-01   1.69253469e+00   6.64354324e-01
    1.76948464e+00   5.50848484e-01   1.72015858e+00   2.70630479e+00
    1.36832964e+00   6.90277874e-01   1.87062577e-03   6.34393632e-01
    1.49132955e+00   1.28324664e+00   1.26055372e+00   1.67827153e+00
    1.32972360e+00   1.58078444e+00   9.34905410e-01   1.08691823e+00
    1.61569679e+00   4.98963773e-01   1.61435831e+00   2.78521687e-01
    1.89643651e-01   1.40436256e+00   8.06216538e-01   1.94008231e+00
    1.65205812e+00   5.88849723e-01   1.66935885e+00   1.66122448e+00
   -7.74541274e-02   8.53814125e-01   7.74845064e-01   1.59388053e+00
    4.43325609e-01   1.60758841e+00   5.53412139e-01   1.20300722e+00
    1.41675591e+00   1.11090863e+00   7.60280311e-01   1.74815941e+00
    1.33680439e+00   2.08117867e+00   1.26185215e+00  -2.50313468e-02
    1.12377608e+00   8.71647418e-01   1.33520663e+00   1.25946414e+00
    9.72899497e-01   3.97543758e-01   5.65804183e-01   1.12800908e+00
    1.12781167e+00   9.36732292e-01   1.55565107e+00   1.39315486e+00
    1.51271760e+00   1.44859040e+00   1.44273794e+00   6.07384920e-01
    1.82667577e+00   1.16476035e+00   7.88046062e-01   4.26381588e-01
    1.30350733e+00   1.20741212e+00   8.71326983e-01   2.53044081e+00
    1.05450523e+00   1.49447930e+00   8.62652779e-01   6.42011881e-01
    1.27806711e+00   1.36593890e+00   1.03682458e+00   9.09308195e-01
    1.09284770e+00   1.30618691e+00   1.30090702e+00   1.47966552e+00
    9.07570422e-01   1.48598397e+00   8.31490695e-01   1.24221838e+00
    2.51218104e+00   1.45035017e+00   1.70175493e+00   8.09596717e-01
    1.48790970e-01   1.72104752e+00   3.20892394e-01   1.26006341e+00
    1.18956208e+00   1.64359534e+00   9.85457897e-01   1.06308293e+00
    2.42481351e+00   3.50655109e-01   1.98726118e+00   1.26621413e+00
    1.45871961e+00   9.80414391e-01   1.68665636e+00   1.08950615e+00
    1.47021726e-01   5.70182025e-01   8.89894426e-01   1.57112646e+00
    7.47899771e-01   1.58862245e+00   1.47596765e+00   9.72207546e-01
    7.58153617e-01   9.10536945e-01   1.49679959e-01   1.33256114e+00
    1.18812573e+00   5.92213929e-01   4.62602258e-01   1.98832238e+00
    2.24414611e+00   1.53825545e+00   1.82285666e+00   1.24757791e+00
    1.26328182e+00   1.60083818e+00   2.56874442e-01   1.59356880e+00
    1.92850482e+00   9.14174676e-01   1.19972956e+00   1.91397023e+00
    1.91433513e+00   9.61740375e-01   2.45835757e+00   2.01805711e+00
    1.89124823e+00   4.54220455e-03   1.97362602e+00   1.63371980e+00
    5.45896173e-01   9.63301957e-01   1.02013648e+00   1.04764509e+00
    1.88453257e+00   1.48184431e+00   1.23384511e+00   3.27069306e+00
    1.97460270e+00   1.26867366e+00   1.28269196e+00   2.42733955e+00
    2.06210017e+00   9.82529998e-01   4.70473856e-01   1.35172939e+00
    1.27881587e+00   9.30774689e-01   2.27327800e+00   1.11928713e+00
    9.02542055e-01   1.83754456e+00   1.48889184e+00   1.71983361e+00
    1.24618804e+00   6.88240469e-01   1.13298941e+00   7.80313790e-01
    9.39873397e-01   8.87103379e-01   1.56405687e+00   1.42188025e+00
    7.10845590e-01   2.03487134e+00   1.20575511e+00   6.09844029e-01
    7.64131546e-01   1.87834322e+00   7.79363096e-01   7.63532698e-01
    1.41146612e+00   1.50648260e+00   7.43171573e-01   1.68171453e+00
    8.09183121e-01   9.83742714e-01   8.75702977e-01   1.73379195e+00
    8.51411581e-01   7.31636345e-01   1.53024757e+00   1.73747838e+00
    1.24761641e+00   1.70961380e+00   7.17675984e-01   1.24822485e+00
    1.05117166e+00   1.69136441e+00   2.03154945e+00   2.64844060e-01
    1.44475436e+00  -9.12483316e-03   7.39164352e-01   7.25054979e-01
    1.38146031e+00   6.41327918e-01   2.02999210e+00   1.05328774e+00
    2.08883929e+00   2.21248493e-01   1.40911087e-01   1.16742873e+00
    1.32555544e+00   1.56764364e+00   8.29995155e-01  -3.68998908e-02
    1.80210733e+00   8.92585754e-01   1.53011370e+00   7.87828088e-01
