 0.37081301  1.86295938  1.63733304  0.95621908  1.65357804  0.76716179
   0.27386504  1.7960633   0.65337896  0.66547072  1.35017443  2.67810321
   0.20205581  0.73592103  0.44303632  0.6170159   2.64339995  0.71593207
   1.34359241  1.18320704  1.39811623  1.44950271  1.72210562  2.00473571
   1.0889926   1.20247948  1.06276023  2.04156923  2.42864656  1.16725874
   1.92536616  1.67491889  1.65383625  0.95769328  0.82569569  1.98443186
   1.21478701  2.64720583  0.97858667  2.00474834  0.13275819  0.42536578
   0.58298284  0.56936771  0.74490893  1.31443977  1.04411006  1.17212164
   1.44968355  2.54652691  1.71429777  1.37242019  0.9226321   0.88327873
   2.80716968  1.64093351  0.90909487  0.93861634  2.06346059  0.68427718
   1.29343033  1.57724118  1.21015573  1.11022925  0.84033579  0.73139375
   1.05408311  1.04152155  1.58009815  1.50969243  1.56982684  0.89919692
   2.25794816 -0.02450197  1.28790152  1.73573124  0.82412672  1.81078005
   1.15748334  1.28219724  1.07558334  1.23804855  1.17253387  0.99922371
   1.16834593  1.2939527   0.31183329  2.25749564  1.18115103  1.26753414
   2.58079672  3.01164126  1.10172617  0.53049874  1.29094374  0.8599112
   0.72715092  1.29806316  0.98025674  1.13484085  1.58661032  1.11992729
   1.17695069  0.39215043  0.97130144  2.48726702  0.94542468  1.38218129
   1.7479068   2.49571466  2.71273971  3.28009272  1.54139042  1.29388571
   1.67091882  1.08309495  1.23805749  2.13138032  1.96049905  0.76395899
   1.49236977  1.99928439  2.02405     0.63165945  1.45027649  0.96791297
   1.495502    1.13357806  0.28526744  0.82964355  0.61044091  1.23481345
   0.22563109  1.04294717  1.91796386  0.59087497  0.67774045  0.74755263
   1.18169045  2.00977492  1.45053244  1.25087833  1.83046305  2.51704502
   1.84218657  0.96741158  0.86479968  0.61737275  1.29829311 -0.0450615
   1.42177641  0.74381775  1.03439307  1.18302989  0.24491487  1.0601213
   1.15015709  1.12605929  0.76307982  2.10134244  1.35171652  1.8357836
   0.41138113  1.15342295  1.69183099  1.01368093 -0.00586172  1.66623163
   1.49047697  1.43153512  1.30476379  0.6956107   1.23365879  2.15296507
   1.31957841  2.19598055  2.12672162  1.36538887  2.00508547  1.17016995
   1.35143876  2.17393661  1.81791925  1.44911647  1.07321918  1.98920095
   2.02749991  1.62300646  0.61325032  1.0392195   1.79113758  1.93895781
   1.00389791  1.13917136  1.589782    0.92267346  1.44328761  1.87899518
   0.78416616  2.12452865  1.73285747  0.83483589  0.81389636  1.03735888
   1.23916411  1.78800786  1.16719353  1.21722233  0.8150202   0.73349547
   0.54964936  1.07013535  0.94795251  1.47957397  0.8108722   1.10767996
   1.4358809   0.96968472  0.32747063  1.57269192  1.40956581  1.32138789
   1.24635649  1.58003664  1.61164987  2.47856641  0.7762354   2.41330361
   0.87948626  1.41748011  3.94739723  1.38559902  1.57257605  1.34723401
   0.71436632  2.25457549  1.58190393  1.48550522  0.7490173   1.46192706
   1.92983937  1.15813828  0.67650282  2.08851123  1.08561778  0.92257953
   1.79563951  1.19570708  0.61774755  1.15242505  0.71353185  1.52708721
   1.70321751  1.36337912  0.23491949  1.33370543  1.60103667  2.19395256
   2.03848124  1.2462014   1.79435635  0.92020094  1.71087837  1.21232831
   1.21666455  1.07835615  1.1733948   2.14273262  0.86629444  1.04167986
   1.89387012  2.85073352  1.03329062  1.7464956   2.09249187  2.32934952
   1.11364961  1.05980659  0.57789177  1.2454654   1.41202247  2.13625002
   2.20364285  1.44451797  0.8508867   1.39751196  1.57821286  0.72877854
   0.47261307  0.65871173  1.44121587  0.41782531  1.07795072  0.77250409
   1.74722588  1.41484797  1.65101635  1.54938364  0.18294726  0.81808752
   1.69826436  1.11778963  1.82507741  1.53353691  1.39257669  1.88364732
   0.98302084  0.95964956  1.67837799  0.58635485  2.47983932  0.71719795
   0.16591552  1.37401414  0.82297248  2.02961707  1.0844959   1.2162621
   1.48020375  1.5732547  -0.10091086  1.38533247  0.83352321  2.41644502
   0.4351975   1.94646621  0.50774413  0.99360746  1.81263435  1.42996168
   0.26327562  1.1363833   1.7861805   2.2638731   1.81462359  0.27800077
   0.93992871  0.97624481  0.84571368  1.32223022  0.72654593  0.56915236
   0.71695566  1.85693347  1.30773044  0.86349976  2.17765021  1.03008437
   1.35189056  1.92275953  1.99923396  0.84632093  1.98213983  1.19572628
   2.1515944   0.80711067  0.84824783  1.67474878  1.10741663  2.63297176
   1.31604874  1.82661593  0.94244313 -0.01852824  1.6035701   1.59455669
   1.69876444  1.54007208  1.77249944  1.5920105   2.17539954  1.49011219
   0.87696701  1.54827368  0.9215731   1.43041158  2.57835889  1.91280746
   0.84130555  0.85530812  0.72227037  2.07102084  1.36903644  1.83077109
   1.58255696  1.27593291  1.19563127  0.96065068  2.4468019   0.53773445
   1.97931027  1.16690886  1.40140319  1.35600841  2.0838654   2.00481939
   0.54000908  1.09559023  1.0361315   1.47615874  0.92851204  1.91872001
   1.42488384  1.01603675  0.9245941   0.68759674  0.19236305  1.28899229
   1.40280366  0.50754172  1.56694007  2.79074764  2.23585129  1.00814629
   1.91617286  0.52519757  1.30406213  1.60438192  0.57731998  2.08374906
   1.27752459  0.9224872   0.92015356  2.14416552  1.9790293   0.98978674
   1.44573605  2.31018567  1.70733452  0.48124903  2.66276455  1.16496527
   0.47847745  1.52999723  1.47004592  2.08948445  1.99087083  1.00662661
   0.79337943  3.16451406  2.01467991  1.06813633  0.84239113  2.09817076
   1.52657688  0.91238433  1.91660547  1.58746004  1.10377741  0.8843264
   2.69598174  0.82990497  1.12485921  1.96208787  0.87061155  2.09642029
   1.74070108  0.74537432  1.01642728  0.76084805  1.20615625  0.9147408
   2.01187873  1.4731065   0.53798074  0.91709769  1.24347544  1.13021708
   0.56517512  1.49364293  0.87365663  1.30578089  1.66981649  1.77874041
   0.38730669  1.78296053  0.51399666  0.40692803  1.22803795  1.05870867
   1.1022507   0.87706035  1.85545552  1.9202621   1.60430372  1.43553507
   0.78747022  2.06985164  0.89322895  2.56132507  2.39148593  0.65329182
   1.64126348 -0.04341717  1.12295353  0.64094514  1.51560068  0.82057369
   2.07057571  1.36481428  1.730721    0.6613459   0.81603843  1.21007025
   1.47935867  1.75957537  0.80951858  0.60016179  1.95799172  0.68258494
   1.13550186  0.86674362
