 1.75343752  1.86498153  1.95432162  1.60380542  1.1195612   1.55886912
   0.56691992  2.38071036  0.62351561  0.35539082  2.38435006  1.59420848
   0.62864161  1.56341612  0.45434791  0.69706661  1.70318425  0.68430209
   2.03557086  1.08388412  1.21506619  1.41404724  1.97871804  2.91875792
   1.60816205  1.22012401  0.99190551  2.42153478  2.44918394  1.47134376
   1.84725356  1.98001075  2.09098029  2.3777051   0.98545635  2.19322681
   0.61614364  2.07467079  1.02723789  1.79814899  0.93678844  0.39644754
   0.64141637  0.69155902  0.73123074  1.17040956  1.05959737  1.19007158
   1.33831501  1.87160695  1.51188087  1.99292994  0.68275011  1.62053716
   2.8120997   1.48482943  0.66027075  1.40266919  1.81477153  1.44153953
   1.28932643  1.28317666  1.36923802  2.13464308  1.82501423  0.85192102
   1.04198837  1.03696883  2.88311076  2.31274152  1.52967858  1.34564126
   2.44112206  0.47607991  1.81212103  1.0941565   1.17245066  2.1450789
   1.20088649  1.42350078  1.79376197  1.20734096  1.76193702  1.2465229
   1.83754706  1.13816714  0.52317941  2.47989869  1.27621055  1.36392307
   3.21967959  3.88370562  0.98585182  0.81588048  2.53120089  1.4311223
   0.50505632  1.01889253  2.28101897  1.23887682  1.82829249  1.14198995
   0.93819493  0.72301662  0.50735545  2.15941405  1.22748911  1.58869863
   1.66224539  3.53273344  3.05564976  3.00501442  2.27223301  1.45751441
   2.23525476  1.15330231  1.64388776  2.0832684   2.3817575   0.98970425
   2.25086379  2.69250488  2.28763938  1.09479094  1.20360756  1.88253033
   1.23418224  2.47542739  0.91764873  0.83597958  0.53560394  1.35097742
   1.70122325  1.07482064  2.70589805  0.54711127  2.02028632  0.92426389
   1.16254282  1.7039994   0.58734554  1.8602283   1.75814366  3.01947141
   2.40723538  1.01900256  1.53219903  0.75996274  2.02816749  0.1290846
   1.51437449  0.87277049  1.88917208  2.38143945  0.42951161  1.30033755
   2.04910493  1.36989021  0.86101705  1.45331478  1.42419624  1.32266414
   0.81642568  1.10671628  2.06308317  1.20059478 -0.13164327  1.61469841
   1.09402132  1.49181414  1.10651541  0.60670942  1.18140435  2.60769415
   0.87038743  1.56542361  2.20252824  1.59532773  2.50333667  1.24672353
   0.21701664  1.96501231  2.86470461  2.13252521  1.31772768  2.05225873
   1.86338186  1.38010561  0.56493205  1.33266377  1.87666047  2.0477159
   0.22857881  1.52295911  1.50305581  1.97037601  1.11469281  2.18548751
   0.98966789  1.91170347  1.32769406  1.22076547  0.72048318  1.3225379
   0.33530253  1.86707473  0.80748993  0.7917729   0.9834643   1.36695218
   1.25737607  1.42025852  0.93797344  1.6882534   1.45629466  1.11769402
   2.29294944  1.21962237  0.46082887  2.77015185  1.57599759  1.71400583
   1.0253557   1.39507174  1.0193423   3.27146125  0.65458876  2.10254669
   1.19980299  1.93968451  2.35820603  2.21590853  2.05128264  1.89121079
   2.06921649  1.99472046  1.99980593  1.48278296  0.89579886  1.44245899
   2.65301514  1.98781121  0.76560527  0.59336454  0.54078048  1.56694686
   1.83779895  0.59820414  0.09215048  0.94004774  0.77777803  1.96236742
   1.9432739   1.03794825  0.55707806  1.84918344  2.26651978  1.36920822
   3.59235263  2.14082742  1.88646448  1.30283952  1.72444367  2.30074239
   3.07230306  1.07943487  1.11951697  1.12639117  1.02664387  2.57088232
   1.93575644  3.96753263  2.10353398  1.95663619  2.21605992  2.50078893
   1.21148312  2.60383749  1.19688213  1.50643229  1.81602752  1.47668076
   1.9192456   1.30454361  0.81125569  1.18971395  1.69848299  0.56151074
   0.9256981  -0.03494995  1.52313352  0.61878425  1.00867403  1.07524192
   0.42732975  1.37851059  2.58535409  1.91064274  0.50321007  2.29760838
   0.89291418  1.33596432  1.91163456  2.15770125  1.51037753  1.98636234
   1.05977726  0.90162694  2.37216401  0.85509753  2.48159099  0.80444908
  -0.01833233  1.29114604  1.04907727  3.16006398  0.72063726  1.46313107
   1.69615042  1.92703819 -0.07636177  1.61298442  0.90163922  2.93656874
   0.44090328  3.51175165  0.56037205  1.05955899  1.52091444  2.35106874
   0.0961422   0.8940264   1.7262696   2.18122363  1.80550826  0.21933652
   0.93574262  1.30935431  1.38715029  1.78534782  1.14950466  0.85262531
   0.93581456  2.13816476  1.09468889  0.88651758  2.44186091  1.16212285
   2.08027244  2.54472637  2.24331164  1.94347191  1.77132106  1.28147054
   1.38864553  1.3131882   2.01772738  1.91629446  1.75551367  2.47129703
   1.01037717  2.2705884   0.83653647  0.73729938  1.29752123  1.84805882
   1.2765348   1.6541189   2.26806998  1.7646569   2.22329116  1.47336459
   0.99088472  1.81161416  1.17568743  1.27632749  2.59309626  1.50586581
   1.60621333  1.01232183  0.91485089  2.36088943  1.97633839  1.6048342
   1.82860768  1.86345935  1.58141029  0.90501285  2.45002389  0.10393237
   1.78080606  1.78240252  1.18807864  0.9728176   2.61508799  1.32522643
   0.48213524  1.29679012  1.20304692  1.34403837  1.21730208  1.64770019
   1.57309043  1.1163038   0.24791102  0.80717725  0.6820392   1.59658694
   2.17436981  0.54036754  1.73938012  1.73285115  3.20549035  2.15219116
   2.84102345  0.91449052  1.27047098  1.37799811  0.91492462  2.05282736
   1.82280898  0.80724508  1.25653267  1.91686368  1.8616221   0.98646599
   1.33820069  1.48084915  1.70989096  0.59745818  2.88037872  1.86770308
   2.2629776   2.03484225  1.3658886   1.87631571  2.30365276  1.00270987
   1.2982161   3.65366721  1.56312692  0.50504386  0.99112856  2.35261607
   1.71222246  0.8278439   1.35707843  1.37036872  0.99308032  0.91761863
   1.91411233  2.12917042  1.41897869  2.12803602  1.40926981  2.43482041
   1.75281644  0.6716609   1.26290131  0.76522964  1.45890629  0.91219074
   2.4068749   0.87773991  0.07614674  1.2934618   1.40456438  1.27547681
   1.26527548  1.21640658  1.07821047  2.06242037  1.60753465  2.59839845
   0.1343433   1.93660891  0.88562191 -0.0175734   1.40621555  1.58178985
   1.52700114  1.66687751  1.53374684  2.34174132  2.4111445   1.83087087
   0.82687455  2.31411123  1.02864552  2.05433416  4.32884216  0.771851
   1.33765757 -0.01890449  0.67279977  0.78012216  0.81906301  1.90203846
   2.90980673  1.3323642   2.42041993  1.27750504  1.26425457  2.60828733
   1.55510461  1.7689687   0.71912295  0.75232977  2.10135555  1.02571106
   0.99695355  1.06036174
