  2.43946981e+00   2.25975132e+00   1.57793021e+00   1.91215861e+00
    1.38243651e+00   1.38541555e+00   6.79912090e-01   2.73706532e+00
    7.64774919e-01   1.04244936e+00   2.82543612e+00   1.46029627e+00
    1.21539009e+00   1.78559554e+00   4.70374674e-01   6.89929187e-01
    2.74746799e+00   7.15587020e-01   2.50185633e+00   1.12436485e+00
    9.51658130e-01   1.50864184e+00   2.61556506e+00   2.71382451e+00
    1.22309005e+00   9.14995432e-01   7.18943417e-01   3.40231037e+00
    2.21142268e+00   1.67673314e+00   1.90683556e+00   2.46596146e+00
    1.78281021e+00   8.32429409e-01   1.92665136e+00   3.05731893e+00
    5.01120985e-01   2.35708356e+00   1.60168135e+00   2.35224962e+00
    1.51430070e+00   6.12241149e-01   2.25818276e-01   7.98267126e-01
    7.46521413e-01   1.24017179e+00   1.04603553e+00   1.20113719e+00
    8.90585721e-01   2.82092071e+00   1.71301746e+00   2.40967584e+00
    1.00541377e+00   1.95158494e+00   3.19888020e+00   1.39948726e+00
    8.66099298e-01   2.71251941e+00   1.95080173e+00   1.44491720e+00
    1.29187465e+00   2.76288772e+00   1.25600743e+00   1.42240858e+00
    2.11116910e+00   6.96098685e-01   1.04614258e+00   9.31605995e-01
    2.63494134e+00   1.87530088e+00   1.56460226e+00   1.07190704e+00
    2.07089257e+00   7.27468550e-01   1.39701772e+00   8.96416187e-01
    2.62559557e+00   2.92706537e+00   7.10238039e-01   2.06178403e+00
    2.27938604e+00   9.62161005e-01   1.75008810e+00   1.97263575e+00
    1.58689523e+00   1.29973507e+00   4.41515714e-01   2.20218396e+00
    1.37225127e+00   1.33764458e+00   2.69874907e+00   3.46216440e+00
    7.07478464e-01   9.05390739e-01   2.66234636e+00   1.10996139e+00
    5.86832523e-01   1.49992728e+00   2.24033618e+00   1.61760032e+00
    1.83909988e+00   1.17475414e+00   1.53892028e+00   5.71098864e-01
    1.08045673e+00   2.32325220e+00   8.67176414e-01   1.36117089e+00
    1.67989051e+00   3.70403409e+00   3.54425240e+00   2.67073774e+00
    2.48920989e+00   1.61425889e+00   2.08558965e+00   1.25739360e+00
    9.71925020e-01   1.99164534e+00   1.80568445e+00   1.00344217e+00
    2.03016305e+00   3.38449574e+00   2.11467099e+00   9.60596085e-01
    1.22049749e+00   1.52537954e+00   2.25847864e+00   2.18628407e+00
    1.64248705e-01   8.45558405e-01   5.17384350e-01   1.71093798e+00
    2.08769250e+00   1.11870289e+00   2.80047607e+00   7.33547091e-01
    1.51754117e+00   5.83888233e-01   1.56336844e+00   1.39056623e+00
    5.26085913e-01   2.14187455e+00   2.30799389e+00   2.87418556e+00
    2.29270053e+00   1.10106134e+00   2.29337311e+00   4.23505306e-01
    2.04579449e+00  -5.17071299e-02   1.48902047e+00   1.37369108e+00
    2.36150408e+00   1.87202144e+00   6.74195528e-01   1.87899125e+00
    2.04512501e+00   1.06495166e+00   1.00087297e+00   1.78963113e+00
    1.51663041e+00   1.33532369e+00   7.04889357e-01   1.14415944e+00
    2.29600143e+00   7.21123934e-01  -1.26736268e-01   2.53694201e+00
    1.45534921e+00   1.57545924e+00   1.05406415e+00   5.82830250e-01
    2.03854704e+00   2.74057603e+00   5.87467432e-01   1.48534620e+00
    1.79956198e+00   2.86382198e+00   3.58906317e+00   1.49254668e+00
    1.70281279e+00   2.69107032e+00   2.34625673e+00   2.23678851e+00
    1.36604774e+00   2.21090364e+00   2.47945523e+00   1.33526897e+00
    6.63502038e-01   9.71626282e-01   1.81967473e+00   1.95489466e+00
    8.91730845e-01   9.27216709e-01   1.09524703e+00   7.63551116e-01
    1.45736921e+00   2.43514371e+00   8.25480282e-01   2.54974365e+00
    1.43826151e+00   1.04885554e+00   6.20575905e-01   1.62875926e+00
    1.68833005e+00   1.65030575e+00   5.51676333e-01   6.61557198e-01
    1.34147847e+00   8.91377568e-01   1.13734400e+00   1.85628569e+00
    9.38584864e-01   2.33578324e+00   1.22853434e+00   6.75207436e-01
    2.42445421e+00   9.86877680e-01   6.82642400e-01   2.74294329e+00
    1.58116817e+00   1.60523629e+00   6.85266972e-01   1.23348856e+00
    1.01795101e+00   2.29653835e+00   6.46660030e-01   1.97476649e+00
    1.15915978e+00   1.92973125e+00   2.40605569e+00   2.32185030e+00
    1.30763137e+00   2.54239702e+00   1.20226789e+00   8.23942959e-01
    1.90100980e+00   1.55330741e+00   1.28174651e+00   1.47180009e+00
    1.83220387e+00   1.37333548e+00   9.36322331e-01   9.22941148e-01
    4.23538744e-01   1.48892701e+00   2.13702917e+00   5.48470616e-01
   -9.70118796e-04   7.88200200e-01   8.06075692e-01   1.01413631e+00
    2.11235070e+00   1.05527365e+00   9.50237393e-01   1.38689160e+00
    2.43459773e+00   2.21482062e+00   4.29280615e+00   2.61232162e+00
    1.42577851e+00   1.50218368e+00   1.73148072e+00   1.45605493e+00
    2.21935844e+00   1.06259036e+00   1.98671234e+00   7.89144218e-01
    7.61765897e-01   1.66579115e+00   1.47024238e+00   2.15509629e+00
    2.55732226e+00   2.11159968e+00   2.11729598e+00   2.46909237e+00
    1.43483412e+00   2.67689133e+00   9.74317372e-01   2.31893110e+00
    2.03646684e+00   7.33402431e-01   1.64117563e+00   1.47872984e+00
    1.33122444e+00   2.34457803e+00   2.25688672e+00   1.11058700e+00
    1.14260924e+00   3.31994683e-01   1.25476086e+00   1.04509139e+00
    9.45749521e-01   1.11104977e+00   4.18721974e-01   2.53117943e+00
    3.36315870e+00   2.16300631e+00   4.59744751e-01   2.32262206e+00
    1.43751907e+00   1.42608786e+00   1.09274161e+00   2.04574466e+00
    1.40540814e+00   2.23473716e+00   1.27074885e+00   1.08159661e+00
    2.59342360e+00   2.10732412e+00   2.94831109e+00   1.83452547e+00
   -4.17319685e-02   1.36078691e+00   1.09712827e+00   2.14049006e+00
    1.06815350e+00   1.93038595e+00   2.54012704e+00   1.72012448e+00
    1.14168786e-01   1.02105200e+00   8.69377077e-01   2.76936412e+00
    4.38949287e-01   4.01676941e+00   5.17343998e-01   1.06698823e+00
    1.13753176e+00   5.79432130e-01   2.09408474e+00   7.98523724e-01
    1.30670941e+00   1.87879479e+00   1.26543474e+00   7.21095026e-01
    9.39205408e-01   2.69616961e+00   2.15157008e+00   1.42340553e+00
    8.89808774e-01   1.04573798e+00   1.79860640e+00   1.93969357e+00
    1.15128493e+00   8.72685075e-01   2.04019785e+00   1.62923741e+00
    2.61217737e+00   2.44506431e+00   1.61414146e+00   1.55275595e+00
    2.14852762e+00   1.78903103e+00   6.97996557e-01   1.43355596e+00
    1.36211658e+00   1.98204172e+00   1.61385453e+00   2.42408991e+00
    1.90513599e+00   2.10930228e+00   9.70695853e-01   1.21247315e+00
    2.16215873e+00   1.81980360e+00   2.18969059e+00   1.68203485e+00
    2.57170415e+00   2.74238753e+00   1.79533184e+00   1.47234404e+00
    9.21018541e-01   3.76679212e-01   1.09053302e+00   1.06213248e+00
    1.59414506e+00   2.12472439e+00   1.19812667e+00   7.30702400e-01
    1.86665344e+00   2.12567878e+00   2.30220222e+00   1.94795012e+00
    1.52703512e+00   1.22081816e+00   1.00183499e+00   9.29391801e-01
    2.03161764e+00   3.30246478e-01   1.59376776e+00   2.54928923e+00
    1.40375626e+00   1.22964311e+00   2.88988924e+00   1.33326304e+00
    6.30670488e-01   2.87372065e+00   7.62410283e-01   1.14714980e+00
    1.43570268e+00   7.57805765e-01   1.77033103e+00   1.36758244e+00
    1.27296889e+00   7.65227914e-01  -2.54102051e-02   1.86976874e+00
    1.88942480e+00   5.18836439e-01   1.25522339e+00   1.33838105e+00
    3.24657583e+00   1.34117496e+00   2.80616045e+00   1.01408756e+00
    1.26928043e+00   1.48276234e+00   1.92317486e+00   2.74255919e+00
    1.57238591e+00   1.00310016e+00   1.07424521e+00   2.65843916e+00
    2.00237823e+00   9.45215702e-01   1.38347709e+00   1.26001489e+00
    1.86599135e+00   2.72061795e-01   1.83872569e+00   2.32585835e+00
    2.44459009e+00   1.79073441e+00   1.40531063e+00   1.37849069e+00
    2.29752207e+00   1.11853909e+00   1.01617813e+00   1.82100761e+00
    2.88439918e+00   1.21654832e+00   1.66508734e+00   1.85982692e+00
    1.95483506e+00   1.78976619e+00   9.62101936e-01   1.44236040e+00
    1.07361317e+00   1.15653419e+00   1.43670154e+00   6.62224829e-01
    1.36862874e+00   2.02027655e+00   2.20821428e+00   1.75348794e+00
    3.92109227e+00   1.04969537e+00   9.96797323e-01   7.66334474e-01
    2.43586421e+00   1.17578900e+00   2.52158260e+00   1.30639720e+00
    5.52923918e-01   1.22289634e+00   1.18659282e+00   1.07971323e+00
    1.47280884e+00   1.61235774e+00   4.70138699e-01   1.50432825e+00
    1.69085467e+00   1.60157502e+00   3.56578201e-01   2.50653911e+00
    1.39076519e+00   6.38285637e-01   1.16193342e+00   2.86471128e+00
    1.42758334e+00   2.51325822e+00   2.33318591e+00   2.21992159e+00
    2.95407057e+00   1.66489649e+00   1.18849623e+00   3.51300097e+00
    1.18633604e+00   2.36569810e+00   3.10464168e+00   8.38911355e-01
    1.35903704e+00   3.36482465e-01   8.27871501e-01   7.02230513e-01
    1.70333636e+00   1.16247022e+00   1.56924093e+00   9.74312484e-01
    1.88870823e+00   1.34722531e+00   1.55966699e+00   2.46504450e+00
    1.35400903e+00   1.37680972e+00   1.24810314e+00   8.66961479e-01
    2.94266701e+00   3.57221425e-01   1.22636855e+00   1.54675078e+00
