 1.31477904  2.57698178  2.38283944  1.26392722  1.06517541  0.55672485
   0.9689582   2.95478606  0.70934856  1.56703842  1.60060501  1.0228014
   2.25622201  0.33441901  0.46258223  0.62985575  3.4332633   0.70223391
   2.80144501  1.14553344  0.93472415  1.59055424  3.1297617   3.62407303
   1.64379287  0.89656675  1.26772106  4.0576582   2.04692531  2.1712327
   3.34601116  1.20960975  1.15229583  0.98659855  2.70661044  2.1070056
   0.95169812  2.36760259  1.30707884  2.23633957  1.25084853  0.60999244
   0.58295763  0.63580024  0.73146445  0.97373277  1.15994704  1.26630318
   2.18448472  3.66158819  1.83779061  4.1377821   0.43983376  1.62364876
   2.44179821  1.44859815  0.78410208  1.75750732  0.84212649  1.31750846
   1.29277384  2.13064957  1.25307155  1.25991726  1.98174465  1.16324747
   1.05344558  1.04318666  1.07004392  2.70232034  3.09468651  1.07719898
   2.12192631  1.21511734  1.60620487  0.78323245  2.83636713  2.96528244
   0.98663938  1.82079852  1.82088482  1.02305472  0.91462368  2.84064317
   1.84789348  2.5822506   0.49200618  2.10268712  1.07911158  1.27048147
   2.7595036   3.22406721  1.62463772  1.12219036  3.30814815  1.70946348
   0.48791671  1.3095454   1.90804112  1.83657265  2.39008904  1.15646219
   3.33623385  0.87221533  2.7144165   1.5850389   0.92492336  1.85701692
   1.94001281  4.52598572  3.92627788  2.55242896  2.55900788  1.57345462
   2.46508646  1.32421386  3.09524846  1.88636601  1.61379492  0.58579272
   2.21522522  2.92964983  3.91234612  0.52325833  1.30368471  1.79761636
   2.54586935  1.93433583  0.72219115  0.83272719  0.65729058  1.62212563
   2.21202374  1.76443839  3.24102902  1.21095192  1.4140141   0.87723172
   2.04357147  1.60789549  0.663073    2.32592106  1.7893312   2.89233351
   1.78119171  1.13883889  2.12175584  0.77254105  2.85026217  0.28690112
   3.72126579  2.66625404  0.83715612  1.39684474  0.64499003  1.4987241
   2.86718631  1.15724993  1.03832042  1.15421212  1.70241666  1.23186362
   0.79613215  1.20146585  2.84676695  0.8307029  -0.06157273  3.47022605
   1.39069593  1.5390476   1.10576582  0.61305302  1.81078064  1.91960359
   1.01987827  1.49207926  1.79586792  2.65478158  3.53143501  1.34431863
   1.79886007  2.8475647   1.66730869  2.09964538  1.53303409  2.43567848
   3.02702236  1.38749659  0.66681343  1.11818802  2.08173084  2.19242811
   1.45640671  1.53040695  1.69330847  0.55169857  1.39836884  3.21020222
   0.79985219  4.44895697  1.62245667  1.24862075  0.31332922  2.20974636
   3.07060623  2.27827954  0.5957551   1.15241778  1.61567855  0.79575861
   1.68793964  2.06373429  0.9447372   3.77657962  1.00696135  1.07483363
   2.62468934  1.09379864  0.68696433  3.24643302  1.45418835  0.78085595
   0.60898006  1.18348575  0.73365682  1.29039228  0.84862328  1.81001818
   2.74252963  1.54047561  2.93371415  2.44064784  2.11100316  2.58504081
   1.20821929  0.61739439  3.12163234  1.41642296  0.94841772  1.54207242
   2.55083036  1.22470534  1.006284    2.10651326  1.96082699  0.90270501
   1.84802914  0.801992    0.68656188  1.07645488  1.85607708  2.06900311
   1.59233725  1.90900838  0.66697425  1.31862867  3.30779743  2.7762022
   2.38599896  3.32058144  1.54097807  2.27947021  1.72543418  0.91263443
   0.89459854  0.83552074  1.6073097   3.16724229  0.74899793  1.37807763
   1.56147277  3.51216722  2.77475667  2.38996673  2.25697398  2.40371203
   1.20351827  2.22327685  0.68670762  3.16084909  2.68984294  0.86573368
   1.70185375  1.13534403  1.83496022  2.80672669  2.67201281  1.6260879
   2.01925731  0.5021295   2.38591981  1.16261446  0.94808823  0.90851665
   0.69265819  3.30346513  2.80500674  2.2293067   0.85900587  1.14355397
   2.35590076  1.21317911  1.63632512  1.16183686  1.5475229   1.70207131
   1.42492294  1.15324819  2.85465288  1.7830056   3.48279309  2.15649509
   0.70417517  1.45991099  1.0957005   2.65642595  1.57536256  1.68002439
   2.69015908  2.97302866  0.5106411   0.92981511  1.02144098  2.86299253
   0.85432667  3.71387887  0.55622119  1.19322324  3.26809216  1.68405581
   0.91119027  1.09700549  1.76266325  1.97906041  2.02822781  1.34460664
   0.93760204  3.36878085  0.87806189  2.4043088   0.7364431   1.58502686
   2.78226352  1.42055225  1.15705788  1.12087023  1.96932387  1.74783969
   2.71007681  2.74729037  1.17505407  1.33528972  2.03725624  1.55295539
   0.90420449  1.71745408  2.13361716  2.03586006  2.28570127  1.49657536
   2.62992573  2.81257057  0.78707641 -0.02240714  3.44978261  1.78187919
   2.03453159  3.8409481   2.48657298  2.97460151  2.10718083  1.4799403
   0.93695784  0.60619694  1.01394999  1.08643579  2.48274398  3.07428932
   2.74612379  1.24992549  2.15862489  1.76424241  3.5786922   1.31254196
   1.26297629  0.9287796   0.92374921  0.90771931  2.95312881  0.62407708
   1.37902653  3.62613702  2.69793224  1.13271046  3.02524233  0.49264941
   0.46044147  3.05668926  1.87491822  1.56697273  1.42430294  1.19802737
   1.42744792  1.22094882  1.73722506  0.65043449  0.1660997   2.22725677
   1.91414905  1.99183679  2.28452492  1.8987571   3.39027238  1.26230907
   3.15460753  1.1392169   1.27239287  1.69727468  1.57722867  2.24996662
   2.37578678  2.35781908  1.41322696  2.89469314  1.84979796  0.95658332
   1.8664254   2.26108217  1.54433954  0.31138557  1.94468522  1.12812901
   1.19927633  2.04643869  1.05206192  1.66527259  1.77457213  2.04096007
   0.696922    2.50464106  2.10686851  2.96194601  0.60930032  1.34617841
   1.25906217  2.10445833  0.76574373  1.8829875   0.94913203  0.90898812
   2.0935173   0.63324642  1.39587104  2.12428045  1.23293042  1.74177003
   2.87918472  0.69584829  0.76595753  0.76964277  3.21370339  1.13979995
   2.05730653  2.13378525  1.41007221  0.9797436   1.19200587  1.72971976
   2.49404788  2.652951    1.06197977  1.74328828  1.69438636  1.42920959
   1.09938979  2.57331467  1.21600628  2.23444414  1.8214469   3.42147589
   1.25825512  2.09662962  2.74181223  2.21161771  2.65106559  2.49281263
   0.77950513  4.06426716  1.26835036  1.66339111  1.56068826  0.76102388
   1.99279201  0.09675523  1.24202657  1.10977316  0.86611152  1.83053017
   2.18896151  0.93114126  1.82790506  2.36973381  1.78436303  1.08490467
   1.46619022  1.30250335  0.66813827  1.11239719  4.71186018  0.81656623
   1.335935    0.82745236
