  9.20019090e-01   1.55200243e+00   1.81550956e+00   1.46490037e+00
    1.09338534e+00   8.98889720e-01   1.77705181e+00   2.25971723e+00
    9.10539985e-01   2.72291601e-01   1.44843411e+00   1.38722157e+00
    1.76664650e+00   3.78323764e-01   4.61744666e-01   1.81108892e+00
    2.91903806e+00   7.04151750e-01   1.31931996e+00   1.12230289e+00
    1.19357038e+00   1.45757639e+00   3.76841378e+00   2.46697450e+00
    1.15682852e+00   1.18952966e+00   7.71590292e-01   3.36757731e+00
    1.64710367e+00   2.33568454e+00   3.27800155e+00   1.36299467e+00
    1.42336142e+00   8.39963973e-01   1.79691231e+00   2.68729782e+00
    1.50270689e+00   1.83538127e+00   8.24066043e-01   1.95670736e+00
    9.53996927e-02   5.27516007e-01   3.82918298e-01   6.28916323e-01
    6.82097554e-01   1.06808746e+00   1.01922619e+00   1.20889187e+00
    8.75277579e-01   3.88679767e+00   1.80293739e+00   2.24026728e+00
    1.20390013e-01   1.28770316e+00   2.63373661e+00   1.64368331e+00
    9.58811462e-01   1.65970767e+00   1.72653639e+00   1.19908500e+00
    1.30245459e+00   1.81816316e+00   1.24216437e+00   1.21517515e+00
    8.82122397e-01   1.19500315e+00   1.04364717e+00   9.76820767e-01
    6.88834012e-01   1.55374014e+00   2.62913060e+00   9.75329399e-01
    1.68122435e+00   7.89105237e-01   2.57279968e+00   1.10909736e+00
    1.92474258e+00   3.19183803e+00   2.00802851e+00   1.28382850e+00
    5.45838416e-01   9.87853587e-01   1.06987560e+00   1.97123969e+00
    1.81104219e+00   1.12148130e+00   3.20748121e-01   2.09745049e+00
    1.10011601e+00   1.35770524e+00   3.07826829e+00   3.17249465e+00
    6.84757888e-01   1.27973580e+00   2.41567802e+00   1.16746938e+00
    5.82679808e-01   1.39381480e+00   2.99549937e+00   9.16787803e-01
    2.27654052e+00   1.07413137e+00   3.75571799e+00   4.09795851e-01
    3.65096259e+00   2.02251625e+00   1.65236366e+00   1.63211143e+00
    2.39978981e+00   3.38585258e+00   2.94754624e+00   1.69851041e+00
    3.65104866e+00   1.60622382e+00   2.97052360e+00   1.18494105e+00
    2.96041131e+00   1.62318945e+00   1.73940647e+00   7.52492607e-01
    2.80655742e+00   2.15363145e+00   4.02396822e+00   8.92312407e-01
    1.40223491e+00   1.29746866e+00   3.39382029e+00   1.70713007e+00
    1.75265148e-01   8.31769526e-01   7.91343510e-01   1.36413300e+00
    1.28127396e+00   1.38946009e+00   3.02401710e+00   9.25010264e-01
    1.22137630e+00   7.13704169e-01   1.99826443e+00   1.67301679e+00
    8.13779712e-01   2.15612745e+00   3.06458974e+00   2.50949931e+00
    1.33926451e+00   1.06916595e+00   1.87171113e+00   7.77311802e-01
    2.32403445e+00  -5.14157228e-02   1.66218495e+00   2.86586237e+00
    1.29438055e+00   1.21436965e+00   2.19080329e-01   1.34688950e+00
    2.06358433e+00   1.46383679e+00   1.04930735e+00   8.03162813e-01
    1.67861283e+00   1.18808532e+00   8.76096368e-01   1.15198207e+00
    1.57210886e+00   8.55633855e-01   8.81568909e-01   3.81888568e-01
    2.78740811e+00   1.62701213e+00   1.28660929e+00   7.32304394e-01
    1.43212092e+00   1.46726108e+00   8.06387424e-01   1.94077873e+00
    2.31782770e+00   2.09958720e+00   2.89097238e+00   1.06434894e+00
    1.61771071e+00   1.98085320e+00   1.54367352e+00   2.72211194e+00
    1.61068749e+00   3.80199957e+00   2.44297886e+00   1.28605485e+00
    6.90456092e-01   1.17149734e+00   1.82975185e+00   1.99694610e+00
   -3.87978107e-02   7.93853879e-01   1.48140788e+00   5.70479929e-01
    8.15913975e-01   2.13943386e+00   1.70656300e+00   3.50218558e+00
    1.60574925e+00   9.93610084e-01   6.82491362e-01   1.81620479e+00
    8.66180897e-01   1.43469608e+00   6.78492248e-01   9.90053117e-01
    9.50728476e-01   9.25372660e-01   1.90568364e+00   2.27913618e+00
    9.46417332e-01   1.80522633e+00   1.49225068e+00   7.92137742e-01
    2.12049222e+00   1.49547005e+00   3.60287815e-01   3.90082932e+00
    1.61397731e+00   1.08504272e+00   1.13887405e+00   1.20279217e+00
    1.48384464e+00   1.48011839e+00   8.22493374e-01   2.08314776e+00
    3.66486263e+00   1.39382982e+00   2.65801573e+00   1.92130208e+00
    2.24804878e+00   2.65640640e+00   1.93324351e+00   1.08009374e+00
    3.05944204e+00   1.52847302e+00   6.78174734e-01   1.60852206e+00
    2.03264189e+00   1.78133500e+00   1.18107426e+00   1.31311953e+00
    1.42267632e+00   9.02684271e-01   2.10106277e+00   6.31018043e-01
    3.65936816e-01   1.11023045e+00   1.84659016e+00   2.53867650e+00
    1.59742856e+00   2.62480688e+00   2.18485638e-01   2.75806499e+00
    2.10790873e+00   2.44319129e+00   2.87747073e+00   3.30008316e+00
    1.77652943e+00   2.23279667e+00   1.73230588e+00   1.04240179e+00
    7.56220222e-01   2.15602684e+00   1.81369293e+00   1.64135051e+00
    8.17756295e-01   4.87771153e-01   2.24141574e+00   3.81260824e+00
    9.65760231e-01   2.14167857e+00   2.43888497e+00   2.33612275e+00
    1.30135190e+00   4.13843966e+00   6.07663274e-01   2.33283877e+00
    1.62841368e+00   1.35811675e+00   3.25998878e+00   1.29180253e+00
    8.17018747e-01   3.30118680e+00   3.22963190e+00   9.45568204e-01
    1.68878615e+00   1.70655227e+00   2.19871712e+00   4.94951278e-01
    1.18172705e+00   4.20444041e-01   8.15658689e-01   1.98836267e+00
    1.91587079e+00   3.97943139e+00   1.03450751e+00   1.78122783e+00
    1.36306584e+00   1.11057341e+00   1.34230554e+00   1.15959024e+00
    1.82072330e+00   1.60780311e+00   1.32140553e+00   1.39720249e+00
    2.26452065e+00   1.40650308e+00   1.23659492e+00   1.60906565e+00
   -2.63161189e-03   1.28673542e+00   1.29926252e+00   2.32405806e+00
    9.16039288e-01   1.61562860e+00   2.25161409e+00   3.45419931e+00
    5.04146695e-01   1.02144098e+00   1.09725976e+00   2.67067051e+00
    4.43303764e-01   2.50797033e+00   5.28956056e-01   1.37031162e+00
    2.21512032e+00   1.24499047e+00   4.93784100e-01   2.02015400e+00
    2.40088844e+00   1.77344525e+00   1.39028823e+00   1.16572750e+00
    9.39655781e-01   3.72403741e+00   9.65152919e-01   2.30297256e+00
    9.57844913e-01   9.04307187e-01   1.65898442e+00   1.52915287e+00
    1.12493396e+00   8.53080869e-01   7.05902517e-01   1.11623526e+00
    1.87123251e+00   3.30361843e+00   1.26126885e+00   1.11858177e+00
    1.32609987e+00   1.64175797e+00   1.64528739e+00   1.21660280e+00
    2.79912972e+00   2.11315560e+00   2.48216534e+00   2.57666755e+00
    2.93597245e+00   2.85283685e+00   7.94365942e-01   6.87958539e-01
    3.40954638e+00   1.70599544e+00   1.45719922e+00   1.03670120e+00
    2.67978001e+00   1.82167757e+00   2.16520381e+00   1.47375190e+00
    8.99514079e-01   3.33655030e-01   1.12758982e+00   9.24160659e-01
    3.38610792e+00   3.42052007e+00   1.69531000e+00   1.43817961e+00
    1.95100880e+00   2.17081499e+00   3.02367568e+00   1.28443444e+00
    1.35194886e+00   1.26770949e+00   1.24912977e+00   1.01097047e+00
    1.57115316e+00   6.10990286e-01   1.66648626e+00   2.61118817e+00
    1.01638329e+00   1.16902018e+00   3.60990858e+00   6.58070683e-01
    5.87962508e-01   2.18432903e+00   2.51082659e+00   1.61814296e+00
    1.39300907e+00   2.03959608e+00   1.60933995e+00   1.04723847e+00
    2.29891491e+00   1.11792469e+00   2.45131150e-01   3.17525578e+00
    1.84700596e+00   1.33480561e+00   1.04758084e+00   2.08621407e+00
    4.16511345e+00   6.85526848e-01   3.65793109e+00   7.36738861e-01
    2.01283765e+00   1.63017321e+00   1.73577118e+00   2.82618093e+00
    8.82338405e-01   2.65362740e+00   1.69646621e+00   2.39106250e+00
    1.98821032e+00   1.01627743e+00   1.83769524e+00   1.93810642e+00
    1.37239778e+00   1.56800973e+00   1.51748872e+00   1.06845534e+00
    3.94387722e-01   3.15051460e+00   9.38727915e-01   1.50054276e+00
    2.13295555e+00   9.42712367e-01   6.76729500e-01   2.38890719e+00
    2.08798385e+00   1.53722000e+00   7.29531229e-01   1.51407242e+00
    1.27839792e+00   2.13604879e+00   5.74674249e-01   1.32396233e+00
    9.53248143e-01   1.12212884e+00   1.47230530e+00   1.05272257e+00
    1.79816651e+00   2.03313184e+00   2.71239805e+00   1.95612276e+00
    1.58754075e+00   7.39365339e-01   2.23138571e+00   1.19511390e+00
    2.52509212e+00   1.42684567e+00   2.74389744e+00   1.81143916e+00
    1.10454619e+00   1.79731941e+00   1.28292906e+00   1.91156852e+00
    7.06828833e-01   1.95900989e+00   1.00019264e+00   2.31757212e+00
    1.74616706e+00   1.20066547e+00   1.73484409e+00   2.18366194e+00
    8.07993770e-01   2.05022335e+00   9.52574134e-01   2.16806269e+00
    1.48814023e+00   1.30936515e+00   2.08136582e+00   2.07537675e+00
    1.55545580e+00   1.79325390e+00   7.82970846e-01   1.83965349e+00
    1.07649970e+00   2.09414291e+00   3.49968386e+00   7.69502580e-01
    1.55874062e+00  -3.12141683e-02   8.06712270e-01   5.93224108e-01
    1.04730678e+00   1.59487844e+00   3.48216677e+00   1.35050023e+00
    1.57343900e+00   2.19332075e+00   1.44944167e+00   1.33162451e+00
    1.18148875e+00   1.61389434e+00   1.11215842e+00   1.12226593e+00
    4.03404474e+00   5.87307394e-01   1.57644355e+00   6.93165123e-01
