 0.81646544  1.76638162  1.16479528  0.82516479  1.3713088   0.66890591
   0.97049564  1.518659    0.564013    0.79813099  1.28334486  1.64430153
   1.12598729  0.3180618   0.46805462  0.04295028  2.63138485  0.70694822
   0.92938781  1.11589706  1.1752938   1.14330184  2.57470942  2.76073456
   1.59191835  1.01518011  0.80356055  3.39376616  1.6818651   0.67806464
   2.44509101  1.3268621   1.15306652  0.83931416  1.76766574  1.81591272
   0.3996655   1.30786037  0.68466288  2.02338552 -0.06420866  0.53411937
   0.27975386  0.9871763   0.69979078  1.42556202  0.95717108  1.22349596
   0.99886674  2.71049166  1.45323956  1.20747685  0.94263566  1.01327229
   2.45725942  1.52220225  0.90441227  1.1481961   1.25028276  0.33408025
   1.29820549  1.82295382  1.24597502  1.18375385  1.48749185  1.16262293
   1.05002403  1.36350214  0.55802542  1.20772564  1.8389858   1.11102307
   1.61759543  0.46208778  1.29430199  1.17280686  1.1225251   1.99922097
   1.15085351  1.25344396  0.33612049  0.92474705  1.20039725  1.14049613
   0.78229547  0.91614044  0.32441181  1.61546326  1.12405753  0.75830013
   2.06440902  2.98415756  1.39085448  1.14462876  1.52899766  0.58394039
   0.51153165  1.17995906  2.33653283  0.76618403  1.69803309  1.07245064
   2.11391282 -0.0608515   1.61176813  1.75382817  1.50285566  1.15033925
   2.59486103  2.33785534  2.6968286   2.60695648  3.16932058  1.92090583
   1.47162068  1.11609733  2.62615895  1.95245278  1.56571424  0.61450291
   1.63930523  2.52707815  2.51460218  1.25767684  1.07970858  2.18516588
   2.91039181  1.21315706  0.5267877   0.8292293   0.77289748  1.64559889
   0.19119275  0.64100736  2.51954937  0.55275971  0.65224171  0.30959633
   1.30775297  2.06329107  0.62797576  1.9995755   2.41086221  1.17961073
   1.18901598  1.20640349  1.04938662  0.85075921  2.30109954 -0.05296408
   1.87592745  1.88702607  0.74144924  1.69182181  0.0384123   1.31861246
   1.30699146  1.66903007  0.93773812  1.27454197  2.15183806  0.98754323
   1.02992153  1.08132505  1.17941988  1.00360763  0.49556243  0.32993999
   1.48224902  1.44004154  1.20684707  0.68678582  1.1913861   1.96099639
   0.62551403  1.06250465  2.17801189  0.87177789  2.33859897  1.27898264
   1.40919936  1.80334234  1.4766016   1.96881962  0.89195096  2.37112355
   2.56575847  1.18979001  0.83048093  1.13754261  1.88342965  2.37332988
   0.28753644  1.17615271  1.64871573  0.04689414  0.51516581  1.77974379
   1.24007154  2.03301024  1.22587812  0.69555867  0.52871197  1.23720992
   0.72897136  1.28347278  0.87948656  0.70682096  0.70723212  0.80261505
   1.35579658  1.26091731  0.94782096  1.0925436   1.06772947  0.78179121
   1.59945476  1.47153807  0.16767997  2.82404494  1.53489006  1.36353731
   1.2885884   1.38614488  0.90209699  1.2538476   0.62779969  2.40946817
   2.41564846  1.29309583  3.0573647   1.1301986   1.62679315  1.92328405
   0.99322176  0.70203149  2.46644688  1.38895535  0.87873983  1.67644238
   1.17186546  1.16780305  0.61840945  0.55941808  1.3918134   0.90153819
   2.29199743  0.62332278  0.37851229  1.29534638  0.91003865  1.40289378
   1.52895033  1.79750776  0.19168636  2.94094205  1.4521991   1.10914087
   3.22073436  1.99132693  2.02738523  1.47303987  1.73362339  0.68330097
   2.65175271  1.60417223  2.17016363  1.16210735  0.89186299  0.77910835
   1.47194529  1.81454277  0.98669201  2.46796012  2.40395617  2.46893787
   1.20412159  2.40110135  0.61895013  0.97954816  1.65730548  1.37806082
   1.41664433  1.29897332  0.32242793  1.98766339  2.21068954  0.54066646
   0.25997883  1.16776061  2.24771905  0.41809055  1.47352505  0.7273165
   0.34990707  1.41449046  0.87094826  3.21712017  0.9821623   1.0039053
   1.57818854  1.15280116  1.15744698  1.16219509  1.53321028  1.57371628
   1.18906713  1.01706696  1.5648452   0.89196843  2.6172595   0.79753965
  -0.00458664  1.47292459  1.6729933   1.71464777  1.7861042   1.00467014
   0.98543584  3.12480474  0.22789535  0.80769378  1.41170084  2.38505721
   0.44171175  2.0506587   0.60559332  1.22260749  2.62058997  0.71866393
   0.65970021  1.16121399  2.26599383  2.06026411  1.92561054  0.56143224
   1.17828143  1.87857604  0.97807723  1.24516261  0.82170993  1.07905734
   0.81895715  1.39501417  1.07997584  0.684075    0.68835223  0.87983286
   1.21954882  2.55247641  1.23745632  0.89660621  1.49246585  2.02906823
   1.40592599  0.38454866  1.52231431  1.75868428  1.69323015  1.46025801
   1.36070383  2.43830895  0.76141334 -0.04133767  2.52440262  1.57841992
   1.56694567  1.02965999  1.36628282  1.12975037  1.25352192  1.48133707
   0.87322652  0.71626645  1.01123536  1.38296878  3.0387795   3.12039113
   1.35841167  1.07073033  0.84974128  1.73013699  1.50633836  1.33295107
   1.22476339  1.38990855  0.93086106  1.13902581  1.59069014  0.82008934
   1.37271059  1.99801123  1.21777368  0.84598541  2.96285272  0.6449495
   0.67566639  1.44033241  0.99521649  0.92415082  1.1351589   1.34928834
   1.50030625  1.01639915  0.83456671  1.14240515 -0.02106533  1.80440569
   1.50749826  0.50215715  0.66237772  2.09460258  3.26868939  0.76208949
   2.61858201  0.83592999  1.84861422  1.84264886  1.48972034  2.42963934
   1.12963068  0.82486963  2.13000178  1.87512028  1.89493644  0.9790417
   1.54116619  1.27440619  1.38684833  0.10520378  1.61807179  1.38701069
   0.55074948  1.33208704  1.02565336  1.18121684  1.72484171  0.38768637
   0.6588887   2.81963658  1.75128138  0.89429861  0.81895941  1.40852892
   1.50233567  1.53275335  0.96918076  1.35746503  0.96238434  0.79199374
   1.11275125  0.79160106  1.31922269  2.33207321  2.0386138   1.19702077
   0.6096493   0.96700299  2.07591891  0.7736069   1.79230821  1.40624905
   2.18339324  1.05351198  0.84140337  0.85877371  1.34687877  0.80855918
   0.52330577  1.29396629  1.09507668  0.86189407  1.29918802  0.94639128
   1.20569062  1.39526808  0.68142521  1.26562643  1.28122556  1.46595168
   1.34023249  0.84470749  1.67102492  1.40336061  1.64131665  1.1761899
   0.63314337  2.54753685  1.6523205   1.69753182  2.21917415  1.04206812
   1.81663525  0.49654418  0.96041626  0.78077227  0.60768199  0.99062514
   2.40278411  1.12859964  1.59266865  1.7009809   0.81126481  0.96881509
   1.59724641  1.19872892  1.49348438  0.7673254   2.59594369  0.74680817
   1.94022632  0.68424368
