  6.89619184e-01   1.51367283e+00   1.38156712e+00   6.07549012e-01
    9.58297670e-01   8.26107025e-01   6.30825311e-02   9.18523014e-01
    5.26509702e-01   1.10164002e-01   1.34650791e+00   1.49734581e+00
    1.39510065e-01   1.34160781e+00   4.70185369e-01   2.04221532e-01
    1.75028718e+00   7.28645086e-01   1.33146000e+00   1.07345033e+00
    1.25401914e+00   1.46562266e+00   1.18004334e+00   9.08259630e-01
    1.31753623e+00   7.32966661e-01   1.13873446e+00   2.34673381e+00
    1.97075474e+00   5.90656757e-01   1.18475187e+00   1.40427434e+00
    1.03650439e+00   8.42262685e-01   2.30922127e+00   1.65243280e+00
    1.04990137e+00   1.90865827e+00   1.15759063e+00   1.72272992e+00
   -7.55093098e-02   4.94427830e-01   3.46085876e-01   7.11429358e-01
    7.11695373e-01   1.17931676e+00   9.48203146e-01   1.21266115e+00
    1.37024474e+00   2.28288960e+00   1.26259112e+00   9.59723830e-01
    6.93250954e-01   6.05427027e-01   2.17459369e+00   1.75019324e+00
    1.24217153e+00   9.54825580e-01   1.44129956e+00   4.18402463e-01
    1.30859017e+00   1.36278737e+00   1.25632179e+00   1.00873017e+00
    1.76405883e+00   7.91198552e-01   1.05114269e+00   1.15268445e+00
    7.17802346e-01   1.73795688e+00   1.30287731e+00   1.26021445e+00
    2.46713495e+00  -2.48788297e-02   4.79344606e-01   1.12449324e+00
   -4.91417609e-02   1.40025675e+00   8.39730918e-01   1.08052051e+00
    9.49002266e-01   1.08291960e+00   1.25823164e+00   1.17080224e+00
    3.38410169e-01   2.15299726e+00   4.61136878e-01   2.21743679e+00
    1.19014812e+00   9.94833291e-01   2.04931545e+00   2.23176336e+00
    1.40115678e+00   1.22330034e+00   1.29726005e+00   4.80867654e-01
    8.05064857e-01   1.53710544e+00   2.46058121e-01   1.06430256e+00
    9.96249557e-01   1.17635095e+00   6.62153423e-01  -6.47707060e-02
    6.13191545e-01   1.93137348e+00   1.51252019e+00   2.82912302e+00
    1.02594554e+00   1.97053397e+00   1.77990782e+00   2.29126978e+00
    1.40354192e+00   1.81511068e+00   1.17440116e+00   8.96217346e-01
    7.45918572e-01   1.32439792e+00   1.65448856e+00   9.15066540e-01
    9.53670561e-01   2.38525558e+00   1.99112928e+00   8.74306977e-01
    1.44758093e+00   1.50205731e+00   7.86937058e-01   1.36693203e+00
    1.22216262e-01   8.31572294e-01   9.76292789e-01   1.82144475e+00
    2.54779518e-01   1.27602816e+00   1.44113958e+00   1.28758121e+00
    1.28819740e+00   4.65133399e-01   2.10350215e-01   1.22891414e+00
    4.47095007e-01   1.19975340e+00   7.44544208e-01   8.55404317e-01
    1.01045072e+00   1.40663755e+00   5.76104820e-01   6.37173951e-01
    2.19782281e+00   3.64123940e-01   1.56479228e+00   3.83875310e-01
    1.25618386e+00   1.91145647e+00   7.99109399e-01   1.44678414e+00
    7.25820839e-01   1.21253979e+00   9.95444000e-01   2.09274793e+00
    8.53228807e-01   1.09640372e+00   9.64043975e-01   1.33644664e+00
    1.18736005e+00   1.18144488e+00  -1.05909698e-01   1.23545003e+00
    6.61756992e-01   1.77416217e+00   1.03594768e+00   5.35678625e-01
    1.27449131e+00   2.90012479e+00   6.59375429e-01   1.57629204e+00
    2.60206532e+00   1.29279721e+00   2.36247325e+00   1.06665313e+00
    1.94571376e-01   1.57731438e+00   6.90225184e-01   1.08806479e+00
    8.31005871e-01   8.47427249e-01   1.11358285e+00   1.75109696e+00
    9.54192102e-01   1.44416201e+00   9.04231668e-01   1.47929692e+00
    1.29314095e-01   9.31539536e-01   1.13195980e+00   9.57663953e-01
    7.48508036e-01   1.72860551e+00   8.13172877e-01   1.49569333e+00
    1.24744785e+00   1.63318181e+00   5.95113695e-01   4.41682160e-01
    6.13554180e-01   1.16607869e+00   1.27239609e+00   8.20845962e-01
    4.77424473e-01   1.32509029e+00   5.47228992e-01   6.01631820e-01
    1.01792490e+00   1.36222970e+00   8.40506911e-01   8.98193359e-01
    6.33695841e-01   1.58777153e+00   2.40417749e-01   1.30374348e+00
    1.73141730e+00   1.43430912e+00   7.44477332e-01   1.11758912e+00
    5.51793218e-01   2.02977562e+00   9.13279891e-01   1.65519238e+00
    9.58071768e-01   8.26534450e-01   4.16518545e+00   8.88513446e-01
    6.46728635e-01   2.25413322e+00   1.58536887e+00   9.39154208e-01
    9.21327651e-01   1.37083721e+00   1.11537969e+00   1.70826399e+00
    1.44300425e+00   1.22409403e+00   1.18722117e+00   9.94819105e-01
    6.91865012e-02   9.03291881e-01   2.95864654e+00   7.77987123e-01
    9.26931243e-05   1.03561091e+00   2.96471298e-01   1.12336218e+00
    1.39838898e+00   1.64183128e+00  -6.56226724e-02   1.91883993e+00
    9.13032591e-01   7.01788843e-01   3.06008744e+00   1.21030712e+00
    1.46868563e+00   4.91883576e-01   1.72975636e+00   1.17499220e+00
    6.02754176e-01   1.17608917e+00   1.12526441e+00   1.16663122e+00
    9.01484787e-01   1.70222247e+00   1.29193413e+00   2.53375602e+00
    9.62449908e-01   2.51567268e+00   2.51081991e+00   2.58207011e+00
    9.49415624e-01   1.19128156e+00   6.10186398e-01   2.94556350e-01
    1.70590150e+00   2.01732183e+00   1.38413727e+00   1.66668630e+00
    7.96447620e-02   7.48541653e-01   1.13549840e+00   5.63073099e-01
    1.07383810e-01  -3.02291717e-02   1.70370042e+00   2.47494861e-01
    1.23089695e+00   7.38234878e-01   7.19162166e-01   1.12925029e+00
    1.53487539e+00   7.42811859e-01   2.29067281e-01   9.11905646e-01
    1.25859642e+00   1.15296555e+00   9.89126980e-01   1.19096386e+00
    1.81813097e+00   1.77646303e+00   1.09734392e+00   1.11610007e+00
    9.76711988e-01   2.59489596e-01   1.12209189e+00   3.91451806e-01
   -1.81131475e-02   1.40961385e+00   9.97645974e-01   1.09776366e+00
    7.28509188e-01   3.32995534e-01   1.04544973e+00   1.59096253e+00
   -1.20345891e-01   1.18179345e+00   1.12542856e+00   1.88585699e+00
    7.89492190e-01   2.51713586e+00   5.78625023e-01   1.44373274e+00
    2.56301045e+00   7.19958425e-01   3.84515166e-01   8.76755893e-01
    1.70272732e+00   1.86266398e+00   1.73915517e+00   2.61969894e-01
    9.46693420e-01   1.57739401e+00   1.00924230e+00   1.14945447e+00
    9.99195814e-01  -7.09129963e-03   2.35915139e-01   8.46186340e-01
    1.09124982e+00   4.30107892e-01   1.11202133e+00   6.79595172e-01
    1.49304128e+00   1.13911057e+00   1.54973018e+00   5.95270038e-01
    9.31165099e-01   1.31567562e+00   9.15305138e-01   6.46971941e-01
    5.53054690e-01   9.47495341e-01   5.91268599e-01   6.75566673e-01
    5.96410215e-01   1.21860969e+00   7.19427705e-01   6.87193036e-01
    1.37095273e+00   1.44567478e+00   1.02155399e+00   1.16982698e+00
    1.71543407e+00   1.00916111e+00   1.13759887e+00   1.47680116e+00
    8.85116458e-01   3.55180234e-01   1.29955161e+00   1.02613258e+00
    1.52432430e+00   7.90025830e-01   1.83139360e+00   8.15139055e-01
   -3.26570086e-02   1.41640139e+00   7.37272203e-01   1.28497887e+00
    1.68459940e+00   9.95989978e-01   1.19363928e+00   1.33645332e+00
    1.07989454e+00   1.20688900e-01   1.56524944e+00   8.78583968e-01
    1.06775594e+00   1.12761688e+00   1.68843007e+00   1.01465273e+00
    1.46958292e-01   5.88451087e-01   6.03757858e-01   1.09846032e+00
    9.10269558e-01   7.49197125e-01   1.83394897e+00   1.52793396e+00
    4.91447449e-01   6.31184936e-01   2.44161412e-01   1.14990711e+00
    8.98533463e-01   1.06353569e+00   5.13788521e-01   1.45249498e+00
    2.00341439e+00   1.21212626e+00   1.37654805e+00   1.25795364e+00
    1.67384887e+00   1.84408474e+00   5.29656351e-01   1.79088712e+00
    1.73362172e+00   8.67942691e-01   2.16901258e-01   1.04130089e+00
    2.03273916e+00   1.09678340e+00   1.70698512e+00   1.27179968e+00
    1.36322415e+00  -6.59448430e-02   9.21233594e-01   1.53816831e+00
    1.01086485e+00   1.13087058e+00   1.37279129e+00   1.32090306e+00
    1.65170431e+00   5.70598364e-01   7.79608428e-01   2.01745963e+00
    2.27542710e+00   3.56511474e-01   7.61439681e-01   1.65110159e+00
    1.06616879e+00   2.78067231e-01   8.84925127e-01   1.30504155e+00
    1.03456819e+00   8.55291843e-01   1.37591088e+00   4.04452890e-01
    9.35457349e-01   2.48131275e+00   6.72943234e-01   1.30215347e+00
    6.14280522e-01   1.03468847e+00   1.07464898e+00   7.67248988e-01
    8.49041462e-01   1.54743934e+00   5.35857379e-01   6.67583048e-01
    1.44403741e-01   7.24449992e-01   1.42785835e+00   4.26216841e-01
    4.70592737e-01   1.22636902e+00   2.05960169e-01   7.35312462e-01
    1.30902362e+00   9.42378044e-01  -9.02029052e-02   1.42793643e+00
    9.23488319e-01  -5.21619432e-02   1.03694439e+00   1.87699378e+00
    1.13699520e+00   1.03474700e+00   1.44709110e+00   1.46479332e+00
    1.77503324e+00   1.25230062e+00   8.46932113e-01   2.23913789e+00
    1.35897756e+00   3.03521276e+00   1.56985712e+00   1.03266788e+00
    1.48981500e+00  -3.16749103e-02   9.03441250e-01   7.31548488e-01
    1.08081222e+00   5.61323047e-01   2.14459920e+00   1.02313602e+00
    1.83197796e+00   3.50986540e-01   4.73304152e-01   1.92672586e+00
    1.23117483e+00   1.46755266e+00   1.21055114e+00  -6.10295720e-02
    1.74806011e+00   7.51487255e-01   2.09033489e+00   1.26548243e+00
