  2.08509254e+00   1.85079324e+00   1.69076622e+00   1.47965169e+00
    1.88861620e+00   1.12346041e+00   9.24742699e-01   1.23158371e+00
    7.05724895e-01   3.02297056e-01   8.57183635e-01   2.05543423e+00
    5.26382029e-01   9.39175308e-01   4.63559866e-01   1.08038615e-02
    1.84851170e+00   6.91151559e-01   1.09852743e+00   1.11195803e+00
    1.40070546e+00   1.46447659e+00   1.39655626e+00   9.82192874e-01
    1.49469757e+00   1.01297104e+00   7.19391227e-01   2.77611399e+00
    1.26878572e+00   9.22696710e-01   9.36905563e-01   1.36826336e+00
    1.08210742e+00   8.18148196e-01   1.96363473e+00   1.67082214e+00
    7.43204594e-01   7.29574561e-01   7.69406736e-01   1.91017509e+00
    1.40558854e-01   5.10390818e-01   2.39125162e-01   6.69777811e-01
    7.35122740e-01   1.00894260e+00   9.13735747e-01   1.26928771e+00
    1.70568180e+00   2.73182130e+00   1.81183887e+00   1.58162451e+00
    7.70714521e-01   5.48505723e-01   2.26004767e+00   1.82377088e+00
    1.38090587e+00   1.23906612e+00   1.47483611e+00   2.35512763e-01
    1.28711152e+00   2.27831483e+00   1.25054812e+00   1.20851696e+00
    1.82140863e+00   5.67500532e-01   1.05401790e+00   1.19869983e+00
    8.63898933e-01   1.34632933e+00   1.84126914e+00   1.32845545e+00
    2.55255342e+00   9.00175750e-01   9.34583247e-01   1.00331330e+00
   -2.56767101e-03   1.28871930e+00   9.68272626e-01   1.14802897e+00
    1.42150128e+00   9.09003437e-01   1.08603728e+00   1.06387818e+00
    6.26762152e-01   2.69276905e+00   9.28333879e-01   1.86721981e+00
    1.00418949e+00   8.10524583e-01   2.77511072e+00   2.40044332e+00
    1.64470983e+00   1.16649425e+00   2.34204483e+00   5.61873019e-01
    5.66962838e-01   1.26689506e+00   7.01040506e-01   1.06750131e+00
    1.35280848e+00   1.12953532e+00   4.23931092e-01   7.97523037e-02
    1.11008477e+00   1.59417582e+00   1.10221779e+00   1.48599696e+00
    1.09688556e+00   2.35374999e+00   2.59071255e+00   1.95552576e+00
    1.54062057e+00   1.90198815e+00   9.70418990e-01   6.08624935e-01
    7.30550110e-01   1.46568453e+00   1.23499990e+00   7.24731266e-01
    7.35784769e-01   2.73122716e+00   1.56750429e+00   1.07758760e+00
    1.31828129e+00   1.61029208e+00   1.63043785e+00   1.91416967e+00
    2.03608006e-01   8.28263581e-01   1.21891356e+00   1.55187130e+00
    9.75406587e-01   1.49574721e+00   1.47799778e+00   1.41680157e+00
    1.16982377e+00   4.14028585e-01   7.65958667e-01   1.23041070e+00
    6.38192415e-01   1.47099209e+00   1.35939324e+00   1.00444436e+00
    7.41839409e-01   1.48547721e+00   1.27273464e+00   4.34288979e-01
    2.33512831e+00  -5.22853993e-02   1.40800393e+00   5.29535115e-01
    1.71386671e+00   1.75997174e+00   9.58694041e-01   1.47546530e+00
    7.50272930e-01   1.25134337e+00   1.20996368e+00   1.90897179e+00
    9.84766304e-01   1.20971644e+00   7.53420830e-01   1.16841078e+00
    1.80534720e+00   6.64067566e-01  -3.00725680e-02   1.21093500e+00
    8.36394310e-01   1.75385594e+00   1.11081707e+00   6.25701904e-01
    1.39513409e+00   2.30427098e+00   1.00750136e+00   1.42124808e+00
    1.78585935e+00   2.25945234e+00   2.70304871e+00   8.68752837e-01
    6.38622463e-01   2.18944216e+00   9.60746288e-01   1.71251929e+00
    1.40158594e+00   1.20864987e+00   9.27498400e-01   1.98719704e+00
    7.61894405e-01   1.10733020e+00   1.38284445e+00   1.64864993e+00
   -1.33466814e-02   1.20341218e+00   1.28088009e+00   1.28914595e+00
    6.95828557e-01   1.71592784e+00   7.52944529e-01   1.54302776e+00
    1.53223443e+00   1.98498094e+00   5.73590815e-01   5.95089316e-01
    1.13237941e+00   1.82825220e+00   1.01995337e+00   8.31214905e-01
    5.14074266e-01   1.28230333e+00   6.99929714e-01   8.07718277e-01
    1.22991848e+00   1.53575623e+00   1.18311298e+00   9.15616214e-01
    1.25261486e+00   1.32331312e+00   1.89025238e-01   1.56771708e+00
    1.36937952e+00   1.43953300e+00   8.65126312e-01   1.14323664e+00
    7.46599793e-01   1.79926574e+00   1.19030547e+00   1.73219371e+00
    1.78796875e+00   9.62517440e-01   3.18240309e+00   9.69538212e-01
    1.30028403e+00   2.71372557e+00   1.01385665e+00   1.04775965e+00
    1.34177351e+00   1.38478887e+00   1.14011562e+00   1.70761728e+00
    1.71167338e+00   1.26934028e+00   1.26238990e+00   5.56514680e-01
    2.56484866e-01   9.02516842e-01   2.28924513e+00   9.34403360e-01
   -4.78514768e-02   1.21413910e+00   4.06962514e-01   1.03177547e+00
    1.21123421e+00   1.76832366e+00   3.00155759e-01   1.82731426e+00
    1.52526903e+00   1.76962197e+00   3.42907858e+00   1.69565356e+00
    2.01929426e+00   5.93014419e-01   1.73351479e+00   1.29426146e+00
    1.01169717e+00   1.22887325e+00   7.03934610e-01   1.22259867e+00
    8.02421033e-01   1.23918879e+00   1.61670148e+00   1.95885575e+00
    8.95243108e-01   2.61522460e+00   2.39658427e+00   2.88646674e+00
    1.56676698e+00   1.47457194e+00   6.71634614e-01   9.97513771e-01
    1.70293105e+00   1.18915653e+00   7.86007166e-01   1.57602024e+00
    3.24819118e-01   1.24721885e+00   1.43367243e+00   6.14341974e-01
    6.90622509e-01  -2.95817591e-02   1.97057950e+00   7.84081638e-01
    1.30328691e+00   9.07051563e-01   5.19628823e-01   1.99958074e+00
    1.91292214e+00   1.37099409e+00   1.20052648e+00   1.73603213e+00
    1.71746016e+00   1.00803399e+00   1.07615173e+00   1.17060173e+00
    1.99810719e+00   2.05295134e+00   1.23987925e+00   1.07772052e+00
    1.59679735e+00   6.09823942e-01   1.81832778e+00   1.28443897e+00
    6.03324249e-02   1.42178953e+00   8.11336994e-01   1.39705169e+00
    8.46929014e-01   6.86233103e-01   1.26373184e+00   1.43605351e+00
   -4.02163193e-02   9.74705458e-01   1.02810884e+00   2.75454545e+00
    4.23431724e-01   3.18841934e+00   5.51125765e-01   1.15613556e+00
    1.80050838e+00   5.13292432e-01   1.85880327e+00   1.11724770e+00
    1.20585859e+00   1.70316720e+00   1.36020756e+00   4.93308157e-01
    9.28382099e-01   1.41976619e+00   1.32085156e+00   1.24144411e+00
    8.61320913e-01   3.51174921e-01   3.18728894e-01   1.12380552e+00
    1.15338898e+00   7.70513892e-01   7.86385357e-01   1.37434554e+00
    1.45632625e+00   1.82410073e+00   9.90670562e-01   6.15940511e-01
    9.77177322e-01   1.19389510e+00   8.47335577e-01   1.12919700e+00
    7.90948272e-01   1.46237719e+00   7.44048476e-01   1.23292816e+00
    9.46804166e-01   1.46281064e+00   7.89353549e-01   4.17553574e-01
    7.32825279e-01   1.72407711e+00   1.18716621e+00   1.16624689e+00
    1.84484613e+00   1.87871695e+00   1.33389735e+00   1.48901200e+00
    9.29787576e-01   4.91490304e-01   1.12889111e+00   1.01261795e+00
    1.92373133e+00   1.60586905e+00   1.11841583e+00   5.31434476e-01
    4.80513185e-01   1.41326559e+00   1.28593922e+00   1.26689279e+00
    1.19780207e+00   9.22528565e-01   1.09242427e+00   1.24205208e+00
    1.36374295e+00   1.55834392e-01   1.49978912e+00   1.25522745e+00
    1.12003016e+00   9.71074998e-01   1.33112383e+00   8.84806931e-01
    1.39206350e+00   1.15524387e+00   7.85353005e-01   1.14983881e+00
    8.50738585e-01   8.39914978e-01   1.68918765e+00   1.09847641e+00
    1.19166684e+00   1.03233612e+00   6.91754460e-01   1.62004828e+00
    1.30348074e+00   1.08206677e+00   2.42315918e-01   1.22463524e+00
    2.41379428e+00   9.94541407e-01   1.69884074e+00   7.71414220e-01
    1.43047202e+00   1.78543925e+00   1.11628544e+00   1.47066069e+00
    1.62130344e+00   8.93900633e-01   7.85941601e-01   1.86464000e+00
    1.80044985e+00   1.11510766e+00   1.75917673e+00   1.40395713e+00
    1.56873810e+00   2.57732272e-01   1.08691561e+00   1.24975681e+00
    1.01155055e+00   1.18518710e+00   1.14429772e+00   1.94691050e+00
    1.66242743e+00   8.90298009e-01   8.01639318e-01   1.36490154e+00
    2.55288744e+00   1.83108342e+00   7.06455767e-01   1.63466799e+00
    1.68574595e+00   6.50703907e-01   1.03251207e+00   1.22475398e+00
    1.03860211e+00   8.52172136e-01   1.45966315e+00   3.30870897e-01
    1.49417996e+00   2.12503409e+00   1.47133982e+00   1.68583500e+00
    1.45986617e+00   8.26171994e-01   7.86495090e-01   7.75422513e-01
    1.41693187e+00   1.27103293e+00   1.11181343e+00   1.14754796e+00
    1.29873189e-03   1.00535905e+00   1.67863703e+00   7.99226940e-01
    4.25793469e-01   7.50249565e-01   5.76786280e-01   7.09157526e-01
    1.28266811e+00   9.22022104e-01  -2.69739628e-02   1.57250214e+00
    8.84141326e-01   8.98345187e-02   1.06967342e+00   2.19913960e+00
    1.23908937e+00   1.17764127e+00   1.76884198e+00   1.35832155e+00
    2.10325003e+00   1.73536468e+00   1.20216286e+00   1.72929859e+00
    9.71046209e-01   2.25300908e+00   1.55863333e+00   5.74661016e-01
    1.53796911e+00   8.69079292e-01   8.60741079e-01   7.05477536e-01
    8.69355381e-01   8.87350202e-01   1.60680497e+00   1.29114425e+00
    1.32168078e+00   6.55278862e-01   7.91746736e-01   2.07201838e+00
    8.23363602e-01   1.49525869e+00   1.62069774e+00   6.42873108e-01
    2.32941771e+00   8.60458553e-01   1.65863514e+00   1.27043748e+00
