 0.76543164  2.58685732  1.44718051  1.44646454  1.4459337   0.88578892
   1.19562757  1.44165456  0.51237398  0.07744166  1.45949948  1.40880406
   0.68598628  0.62940609  0.45455298  0.10545342  1.92984688  0.66427606
   1.02376997  1.09813797  1.01432216  1.432809    2.46121311  0.96072108
   1.61343157  0.98705906  0.85453182  2.28629947  1.21358013  1.32382059
   1.39084649  1.4549619   1.02361822  0.91916531  2.15957332  1.53084838
   0.71710867  0.82845366  0.98166835  1.61383677  0.55028504  0.41456878
   0.62678111  0.6639384   0.70832288  1.09940648  0.99179631  1.26577592
   1.34587002  2.57118773  1.34363663  1.14585972  1.1020025   0.80012786
   1.65243924  1.6765511   1.13933027  0.85124636  1.93849146  0.74515122
   1.26857281  1.54703367  1.2457844   1.12457573  2.20512962  0.78047055
   1.06107235  1.19884098  1.0726757   2.20853496  1.60402572  1.83703184
   1.79885197  0.54336065  0.63453144  0.89328295  0.68501282  1.63283837
   1.13635349  1.10603094  0.8233583   0.91781837  1.1758213   1.39835918
   0.66410339  2.03452134  0.89568889  2.0035212   1.09083724  1.03392112
   2.69244766  2.20514989  1.74047363  1.29470229  2.25281358  1.44948649
   0.63017118  1.64609897  0.47026545  0.88002753  1.23900759  1.24193847
   1.32434845  0.43510684  1.62214947  1.75932312  1.4748702   1.69510102
   1.16366804  2.8644073   3.11753869  1.5517199   1.27047777  1.59008753
   0.72328711  1.11974323  1.31087363  1.46427119  1.21027935  0.76206481
   1.25318348  2.53827572  2.18642044  1.23545241  1.40840888  1.92016172
   1.61662281  2.0466578   0.10535744  0.82112145  0.75103247  1.57377458
   1.08797216  2.01575589  1.62206578  1.06707227  1.21234     0.31217885
   0.5980975   1.64924681  0.31190512  1.54537296  0.87246054  1.24239099
   1.18755364  1.15456426  1.44995463  0.50603139  2.41377306 -0.02384656
   1.47492468  0.87463528  1.25084805  2.33571339  0.91494387  1.46410477
   0.87838006  1.56305683  0.82121491  1.41149032  0.97284693  1.05385232
   0.40274537  1.32605994  1.73305202  0.91335571  0.2496063   1.00930011
   1.0010494   1.80393815  1.35259438  0.64591944  1.13728511  2.19328856
   1.25992787  1.86175931  1.77213991  1.31139314  2.64565253  1.12443304
   1.01039708  2.21715307  0.81690305  1.614555    0.9234302   1.32591903
   1.04925001  1.86939585  0.82156646  1.42313349  1.25536406  1.24823284
   0.2524946   1.11031711  1.47705662  0.05275548  0.6768074   1.95750046
   0.74381447  1.51888919  1.36893153  1.93065059  0.66501266  0.87654757
   0.71292698  1.97167051  0.86377329  0.67826021  0.49481773  0.98594683
   1.10955346  1.03118551  1.01703918  1.6880548   0.86106855  0.7996555
   1.30488157  1.02827668  0.4393605   1.40940809  1.73772454  1.38203979
   0.83359593  1.05802739  0.66954106  1.85014188  0.7906453   1.95305049
   1.28203225  1.25983059  3.34835625  0.62039155  0.9124741   3.40358448
   1.41935706  0.76347595  1.47444558  1.35650861  0.7988826   1.75479782
   1.33090866  1.23026001  1.08546042  1.11012363  0.31157175  0.88847685
   2.54812145  0.53792036 -0.0620332   0.90415484  0.55417788  1.06526721
   1.93062937  1.15014958  0.32085302  0.9214859   1.7843349   1.13303685
   2.69355631  1.84700453  1.58374298  0.83546245  1.71284103  0.87994504
   0.39573738  0.88131392  1.56740367  1.20552659  0.86516666  1.04578471
   1.61759531  2.02335143  0.97715122  2.51419783  2.4580586   2.86512375
   1.41490066  1.28085172  0.63067096  1.49090612  2.02729893  1.33635795
   1.01516294  1.41417742  0.97951967  0.70054686  1.00871694  0.86363482
   0.05186145  0.43664214  2.16725898  0.88701397  1.11315966  0.93607754
   0.67102742  2.41563129  1.64720225  1.09785974  0.36914662  1.6923666
   2.23244429  0.76523769  1.03787661  1.16074955  1.39906311  2.12658668
   1.05119526  1.05742061  1.59231126  0.48115209  1.63365293  0.75845432
   0.14846808  1.40536606  0.83451945  1.44801748  0.85193759  0.74558592
   0.55766779  1.82631624 -0.04014522  0.94863969  1.38727582  2.23540688
   0.41810286  2.53252172  0.52709693  1.37597358  2.51548624  1.1130687
   1.17391503  1.02161956  1.16101575  2.51326323  1.43016088  0.4081232
   0.986449    2.0803287   1.72532403  1.23210025  0.90337813  0.66198307
   0.98871773  0.84430164  1.15241337  0.75043142  1.28276658  1.28366506
   1.52497816  1.53797472  1.40787888  0.91568029  1.03958857  2.23383403
   0.79003012  0.9321391   1.08479929  1.37366056  0.70643812  1.34128428
   1.46412623  1.57588243  0.80050886  0.63639998  1.81318402  1.79669189
   1.1334697   1.28586972  1.75212359  2.22136164  1.40462029  1.47992122
   0.89222914  1.37082589  1.36805439  1.51353407  1.55510139  1.06090271
   0.98334044  0.64250171  0.23487557  1.73353338  1.70635009  1.25230467
   1.29606056  1.23512042  1.29358172  1.21361244  1.09355044  0.431236
   1.58790278  1.25333178  1.01667011  1.26756954  1.97825325  0.77439404
   0.59866351  1.24179888  0.77075309  0.89043105  0.82760537  1.28332245
   1.76353657  1.87141812  0.91671622  1.08493364  0.58214909  1.52233553
   1.31769133  1.34971154  0.36687016  1.52821386  2.08355808  0.59146941
   1.47975039  0.97185963  1.34321868  2.1147306   0.7803545   1.04346347
   2.28571796  0.69166505  0.9353525   1.65061617  1.92051065  1.09197199
   1.93305647  1.35365021  1.50466931 -0.05986118  1.5365876   1.30268097
   0.86312783  0.86873806  0.68240309  1.62572205  2.11501646  1.08233798
   0.73188639  2.08300161  2.11620808  2.75624704  0.88530326  1.36285722
   1.78224504  0.69003987  0.62407076  1.2514478   0.99393117  1.0134033
   2.59572148  0.48484963  1.47882509  1.89370763  1.34544683  2.09291816
   1.29442012  1.064031    1.14224303  0.78359979  1.95218766  1.19136977
   1.21563029  1.03767121  0.42710888  0.73630697  1.44017553  0.7918238
   0.43338528  0.75580508  0.47686374  0.43585542  1.35110915  0.86685765
  -0.00572005  1.58470666  0.79016471  0.80144525  1.13661814  1.96573961
   1.2992487   1.41006887  2.02695775  1.53509951  2.68228531  1.70877123
   1.13275349  2.73919415  1.24497843  1.80917168  0.82048005  0.46719038
   1.54721725  0.55077642  0.78902197  0.74206609  0.88094938  1.20938933
   1.75302625  1.6610707   1.2611289   0.92241585  0.7077744   1.332196
   1.03921413  1.31611514  0.87508553  0.25057915  2.26039982  0.61394697
   2.21420455  1.44096696
