 1.07969713  1.67286754  1.38610709  1.16553485  1.14348876  0.80576092
   1.42252219  1.024279    0.49314305  0.07665095  0.9027068   1.14621818
   0.6472646   0.20005475  0.46743926  0.21583433  1.89771402  0.62493855
   1.03363311  1.1022681   1.21196234  1.83808243  1.41978741  1.10101449
   1.79955864  1.05476153  1.08658993  2.67669058  1.40340245  1.42707646
   1.59326112  1.60819316  1.32809341  1.00242019  1.56152773  1.09195542
   0.48958114  0.80453575  1.1038363   1.82230365  0.05388994  0.53375959
   0.43925637  0.6103633   0.71601552  1.13153052  1.15748453  1.23301661
   1.01551783  2.56633639  1.63031828  0.68753916  0.7130819   0.38073376
   2.48934293  1.52384591  0.66365826  0.91708028  1.07897866  0.87957001
   1.29784536  1.13182318  1.24503434  1.11171198  0.99583066  0.75919753
   1.0544368   1.18418932  0.93905699  1.90263093  1.9297266   1.38747573
   1.70866525  0.32723546  0.81346977  1.06337941  0.80367625  1.78608656
   0.83381242  1.01404405  0.52428335  0.99022293  1.17472899  1.48089027
   0.56169343  1.45714104  0.90875685  2.03966117  1.2452755   0.61131001
   2.92987084  1.86106813  1.25943172  1.00702941  1.42667305  1.1553843
   0.71354103  1.46999526  0.40779606  1.70088625  1.22882962  1.13397479
   1.78609669  0.23819792  1.00916278  1.63935566  1.28474021  2.99005294
   1.59628248  2.04270983  2.29427814  1.64739144  1.40072298  1.48789966
   0.83511168  0.91490138  1.44273698  1.53709924  1.51789618  0.91499341
   0.87301368  2.57333827  2.50590658  0.87256289  1.13656497  1.67134023
   1.83911157  1.30169559  0.25086719  0.83322406  0.70190912  1.85037088
   0.54915082  1.72414529  1.74998057  1.10801673  0.80463421  0.01118298
   1.14085042  0.95611942  1.77006686  1.83197832  0.38752538  1.28901315
   1.25718844  1.08579099  0.93922257  0.65347868  1.92973125  0.39630541
   2.06897688  0.8278451   0.67544687  1.53336394  0.91382587  1.18192887
   0.82540929  1.28641272  0.78233612  1.04297185  1.10096765  1.30445206
   0.37190187  1.38442183  1.63383579  1.22034955  0.27019212  0.30852386
   1.14955807  1.88857317  1.22484708  0.72536373  0.86122477  1.06487739
   0.6234709   1.46118724  1.79441714  1.82453215  3.04197168  1.21075511
   0.52301216  2.19565177  0.95336115  1.04385304  0.88415158  0.92868805
   0.95614845  2.19467592  0.67165363  1.26948905  1.31376362  1.77545142
   0.68456519  1.15530407  1.09884357  0.4400371   0.77002048  1.98540461
   0.64836872  1.43077207  1.32279098  1.78528035  0.42329475  0.54857534
   1.05126202  0.98292577  1.19448996  0.62958109  0.6921522   0.76439619
   1.15602362  0.76248819  1.09226823  1.71645761  1.24226737  0.99996167
   0.75330037  1.16542768  0.37603754  1.85611856  1.59824097  0.92224348
   0.7721945   1.321859    0.75568205  0.78423375  1.13507676  1.57672191
   1.53072822  1.35487521  2.80230141  0.40246668  0.98806447  2.03028202
   1.38633513  0.65413421  1.55482864  1.24747729  0.82031327  1.64181209
   1.77990663  1.14566314  1.2342962   1.2020427   1.14481008  0.90011334
   2.92371464  0.77726233  0.01146012  0.71124345  0.29907718  1.14739144
   1.69304836  1.5946033   0.43454134  1.86420608  1.39737689  1.165133
   2.80034947  2.12634301  1.50096536  0.84045416  1.74047661  1.0638659
   0.47151566  0.86864549  1.95868409  1.74257815  0.95379972  0.69763666
   1.1798166   2.38120747  0.51453811  2.64472365  2.29873538  2.88793921
   1.74334836  0.88089275  0.66395062  0.77810037  1.71087515  1.12940168
   1.14283574  1.21789742  0.96881461  0.63657463  1.11001158  0.7836104
   0.1752407   0.44472992  2.73851371  0.56111574  1.32059205  0.68688059
   0.35007     2.16377997  1.40248942  1.31489396  0.42543906  0.9691996
   1.93062115  0.86858517  1.07105589  1.18604887  1.74525809  1.7394098
   1.1035217   1.17587197  0.95233923  0.59327012  1.05665267  0.96789759
   0.68246347  1.39906561  0.81868786  1.11789608  1.58627796  0.29315522
   1.35220516  1.95462334 -0.01135497  0.81557262  0.94926965  1.64968479
   0.45094925  2.02853966  0.53875268  1.07925189  1.85905313  1.05206585
   1.15085518  1.121696    1.13967538  2.13045311  1.66297495  0.09936307
   0.94873977  1.66521466  0.53297222  1.24829519  1.00355709  1.11476922
   0.95209497  1.10762417  1.23960686  0.41160765  0.76317298  1.24685967
   2.00593495  1.3805455   1.18204212  1.11549675  1.10099828  1.80076885
   0.46632871  0.86276644  0.84260499  1.39130914  0.38271192  1.06054175
   1.83755207  1.94646406  1.32923388  0.67013311  2.08276677  1.3042345
   0.8703233   0.62916714  1.42797697  2.0580225   1.48933935  1.48324025
   0.90932482  0.40970829  1.26732039  1.03235924  1.8162353   1.22793865
   1.15152085  1.05958402  0.84269887  1.64696586  0.98347002  1.28054965
   1.25591147  0.88731885  1.23522997  1.10094595  1.23185706  0.759875
   1.42603481  1.15095556  0.93755019  0.67517483  2.39567542  0.98668104
   0.65773737  0.77387404  0.67157477  0.62480742  1.3545469   1.43451118
   1.59413731  1.3933959   0.29281947  1.14259613  1.26539457  1.72058487
   0.69063014  1.38459134  0.43410921  1.39371085  1.87971127  1.23988354
   1.31807351  0.9944374   1.93203628  1.76037335  1.0624392   0.9662481
   2.38600278  1.33324039  0.52334458  1.21580434  1.85496306  0.98993123
   1.84054124  1.27572715  1.44378209 -0.01828753  1.60109401  1.43888688
   0.30920261  0.59620118  1.52641737  2.47994375  1.67985547  1.00976598
   0.85277528  1.89455843  1.74133325  1.93932199  0.99983388  1.18056989
   1.72206318  0.77380157  0.65860665  1.19684696  1.1829493   0.83381557
   2.51280999  0.61288857  1.65570521  2.02394438  1.44283593  1.24409366
   1.02543831  0.98565036  0.75270468  0.77946782  1.18207049  1.10778606
   1.08882368  1.53650522  0.84897798  1.24194562  1.73183489  1.18025887
   0.48430216  1.24785161  0.75693089  0.55455941  1.28623128  0.84393269
   0.81766289  1.7319169   0.93099266  1.15009189  0.95188475  1.71384335
   1.2228049   0.48311237  2.19111037  1.77466464  1.32255983  0.96899354
   0.92450798  2.60938287  0.88170761  2.55457902  1.15425551  0.9751001
   1.57239866  0.39488891  0.86480892  0.79780531  0.89902729  0.9225626
   1.52870131  1.2533437   1.69598663  0.96943396  0.67976141  1.44917703
   0.77964854  1.39682889  0.89757133  0.34130964  2.28308892  0.7675516
   1.59335363  1.30815971
