  9.91646111e-01   6.86131299e-01   1.06005073e+00   8.54784667e-01
    1.30548060e+00   5.52274287e-01   7.00403690e-01   1.30868542e+00
    5.53424060e-01   6.43728435e-01   1.17457092e+00   1.31091070e+00
    5.29646337e-01   3.47688109e-01   9.28494573e-01   1.22763944e+00
    2.22116995e+00   6.38905466e-01   2.08065104e+00   1.11169279e+00
    1.31536448e+00   1.80817795e+00   1.47665715e+00   1.71252608e+00
    1.79414320e+00   1.64963639e+00   1.75159359e+00   2.35512662e+00
    1.73258173e+00   1.25108671e+00   1.68189204e+00   1.16420341e+00
    1.35300577e+00   1.39675391e+00   1.19254017e+00   1.19285488e+00
    4.86117423e-01   1.60505426e+00   1.11944640e+00   1.96017754e+00
    3.80489796e-01   5.37257016e-01   6.24696612e-01   5.35060644e-01
    7.33224928e-01   1.35426164e+00   9.75898862e-01   1.25456405e+00
    1.13701510e+00   3.02916336e+00   1.41584563e+00   8.42123747e-01
    3.91716301e-01   5.75921237e-01   2.99842191e+00   1.72087979e+00
    6.63546622e-01   6.19114161e-01   6.67551517e-01   3.86119783e-01
    1.56315184e+00   6.49544060e-01   1.25626945e+00   9.80210781e-01
    1.71969354e+00   5.23483634e-01   1.04016256e+00   1.36248672e+00
    1.67307210e+00   1.39710677e+00   1.71436238e+00   9.13320422e-01
    1.65642750e+00   3.10130984e-01   9.30197120e-01   1.26376772e+00
    1.19199479e+00   1.95528018e+00   1.62576091e+00   9.98425126e-01
    6.72255099e-01   9.69183147e-01   1.14295483e+00   1.00897527e+00
    5.69624424e-01   1.05256832e+00   4.35015023e-01   1.80709672e+00
    1.10238910e+00   4.41036850e-01   2.32525396e+00   2.27954912e+00
    1.51238227e+00   9.36477005e-01   1.74957943e+00   9.56095695e-01
    4.92823422e-01   1.49473822e+00   9.80224669e-01   5.89945734e-01
    1.36121583e+00   1.15749454e+00   1.50346494e+00   2.79006541e-01
    9.81860101e-01   2.14910007e+00   1.02916265e+00   3.04345441e+00
    2.27829742e+00   2.71451283e+00   2.19580626e+00   1.76254833e+00
    2.08937049e+00   1.33407235e+00   5.36674261e-01   4.63982433e-01
    1.93459105e+00   1.57018435e+00   1.66718030e+00   1.04838932e+00
    1.37374091e+00   2.76882577e+00   2.19032669e+00   1.88883638e+00
    7.52042234e-01   1.95682740e+00   1.49628663e+00   1.11406922e+00
    4.92088497e-01   8.32235396e-01   6.69057608e-01   1.90650237e+00
    4.90958124e-01   1.14074433e+00   2.02714515e+00   1.31901634e+00
    7.32136607e-01   4.08244163e-01   1.37193608e+00   1.40813053e+00
    1.92941916e+00   1.65792441e+00   1.04553938e+00   1.21950018e+00
    1.57530355e+00   1.05500460e+00   3.94252479e-01   6.65656269e-01
    2.39426732e+00  -4.21031974e-02   2.02396250e+00   1.23366630e+00
    4.38445747e-01   1.16994667e+00   1.01004565e+00   1.53809583e+00
    1.31033325e+00   9.28038299e-01   9.00929809e-01   1.19380343e+00
    1.50992608e+00   1.55945027e+00   1.05885899e+00   9.82572198e-01
    1.19817090e+00   9.08632457e-01   4.11232769e-01   6.01285219e-01
    1.24270916e+00   1.81565619e+00   1.17317808e+00   6.85633183e-01
    9.51592147e-01   1.35655200e+00   6.63428783e-01   1.77228951e+00
    1.80771446e+00   2.20017171e+00   2.20947790e+00   1.25435793e+00
    7.54713297e-01   2.28852797e+00   1.38390458e+00   1.20411229e+00
    1.14828014e+00   1.56797123e+00   1.09978604e+00   1.68141437e+00
    6.39407277e-01   1.18594384e+00   1.45556104e+00   1.55024421e+00
    8.31323862e-01   1.05456316e+00   1.08911455e+00   1.65956005e-01
    1.07797718e+00   2.21687365e+00   7.86425650e-01   1.41119230e+00
    1.57610965e+00   1.77957499e+00   4.69459802e-01   9.04872715e-01
    6.63774908e-01   1.40372622e+00   1.06001353e+00   4.19046670e-01
    7.06705153e-01   8.49296927e-01   1.45467961e+00   1.10117483e+00
    9.45824087e-01   1.47170460e+00   1.33404171e+00   9.46563661e-01
    6.80883706e-01   1.01925027e+00   6.57272696e-01   2.03556752e+00
    1.22344017e+00   8.00942063e-01   1.24579573e+00   1.06259549e+00
    1.34678376e+00   8.80683303e-01   1.18285739e+00   1.73370707e+00
    2.06636286e+00   1.08971786e+00   3.10350108e+00   5.99730492e-01
    1.47735476e+00   1.85423017e+00   8.44593823e-01   1.06673014e+00
    1.50278163e+00   1.33690143e+00   7.93295085e-01   1.48558831e+00
    1.84828496e+00   1.22366452e+00   1.00693297e+00   1.05374074e+00
    1.35197878e+00   9.09931719e-01   2.66842651e+00   3.85922045e-01
    7.49844611e-02   1.45728481e+00   3.96418303e-01   1.75090742e+00
    1.25179517e+00   1.16233921e+00   4.48080122e-01   2.09021735e+00
    1.66626012e+00   1.30761504e+00   2.58132339e+00   1.46141779e+00
    2.15772390e+00   1.05759549e+00   1.73972440e+00   1.18033516e+00
    1.20305574e+00   1.24517441e+00   1.45632327e+00   1.93935573e+00
    8.71099651e-01   5.26950359e-01   1.36019683e+00   2.47636294e+00
    5.78472689e-02   2.77143264e+00   2.44993472e+00   2.96442771e+00
    1.80114830e+00   7.71965027e-01   4.69146848e-01   9.01807785e-01
    1.26895547e+00   8.73653710e-01   1.06829858e+00   1.27319825e+00
    8.05761456e-01   1.30284941e+00   1.28114188e+00   1.22287488e+00
    2.79399335e-01   6.79307938e-01   2.58504176e+00   9.32385981e-01
    1.28433001e+00   4.07393187e-01   6.26321673e-01   2.90766239e+00
    1.38568413e+00   1.56342065e+00   3.87926370e-01   7.04782665e-01
    1.81541097e+00   8.13824713e-01   1.12977111e+00   1.43531239e+00
    1.55707467e+00   1.82090998e+00   1.34350455e+00   1.22856307e+00
    1.21975970e+00   1.94003716e-01   1.34936869e+00   1.43551871e-01
    4.52238232e-01   1.36658299e+00   7.99230456e-01   7.99683094e-01
    1.77397799e+00   1.34469092e-01   1.27969015e+00   1.76451492e+00
   -5.69469631e-02   8.03775907e-01   9.47964787e-01   2.11891556e+00
    4.43323314e-01   1.95402622e+00   5.79983830e-01   1.04564667e+00
    1.98163307e+00   1.38308001e+00   1.20698822e+00   1.43800759e+00
    1.44022346e+00   1.45509541e+00   1.47003603e+00   5.29713668e-02
    9.40982759e-01   1.24660850e+00   4.55158532e-01   1.56582773e+00
    8.62245619e-01   1.19498110e+00   1.09736717e+00   1.92396474e+00
    1.03896463e+00   5.99389434e-01   1.22050130e+00   9.02738512e-01
    1.51040936e+00   1.83854795e+00   1.49351394e+00   9.08033729e-01
    8.96400571e-01   1.17090142e+00   4.17830467e-01   4.86504555e-01
    1.03778672e+00   1.71910977e+00   1.13776422e+00   1.10247672e+00
    1.29117417e+00   1.42959142e+00   1.16322553e+00   5.60382247e-01
    1.92039824e+00   1.28780818e+00   1.52601337e+00   8.56402755e-01
    1.01251531e+00   1.17190349e+00   1.84174812e+00   1.55431616e+00
    8.03204179e-01   3.12460661e-01   9.60293472e-01   1.11593652e+00
    1.43689060e+00   1.87209082e+00   1.02756417e+00   1.16651833e+00
    9.05254304e-01   1.86461365e+00   8.65338862e-01   2.43722224e+00
    1.30212450e+00   8.99681687e-01   1.52488375e+00   1.02621055e+00
    1.77347338e+00   3.91053259e-01   1.40530622e+00   1.62278533e+00
    7.44920015e-01   6.89655244e-01   2.66323924e+00   9.41026330e-01
    5.33197105e-01   1.12293601e+00   1.11560035e+00   8.23822081e-01
    5.57152808e-01   8.62476230e-01   1.76825595e+00   1.21595812e+00
    4.16712314e-01   1.26508641e+00   1.06891370e+00   2.09850478e+00
    7.78458118e-01   1.47645891e+00   5.66514730e-01   1.26710236e+00
    2.56301737e+00   5.93565047e-01   1.74506998e+00   1.02915227e+00
    1.27185655e+00   1.87617397e+00   1.07623005e+00   9.09164071e-01
    1.54277098e+00   1.40056455e+00   1.58625603e+00   1.65910470e+00
    1.82837164e+00   9.99052584e-01   2.17072082e+00   1.26019049e+00
    1.44043899e+00  -7.52205402e-02   1.13933897e+00   2.57073617e+00
    2.42550105e-01   8.16178143e-01   7.75196552e-01   2.73521018e+00
    1.53343761e+00   1.19396710e+00   6.40628576e-01   1.66171074e+00
    1.71021402e+00   1.63038361e+00   9.83862460e-01   1.17374980e+00
    1.77177584e+00   1.40772784e+00   9.93890464e-01   1.16267669e+00
    9.47447062e-01   9.64403033e-01   2.51263666e+00   7.70390689e-01
    2.25892663e+00   2.55234146e+00   1.26351488e+00   1.59600961e+00
    1.08556581e+00   8.95188928e-01   1.37118089e+00   7.76837111e-01
    9.06942308e-01   1.47385263e+00   1.71989846e+00   1.25507390e+00
    6.95672154e-01   1.23389673e+00   9.18166518e-01   1.46594930e+00
    5.72928309e-01   5.57869494e-01   1.06984007e+00   7.76463687e-01
    2.13192368e+00   1.04323316e+00   9.60306823e-01   1.84302044e+00
    1.27625978e+00   1.29745364e+00   1.82837093e+00   1.33062482e+00
    9.31177676e-01   1.04194558e+00   1.80316877e+00   1.80352247e+00
    7.57726729e-01   1.19717622e+00   5.28338909e-01   1.49011219e+00
    9.89411712e-01   2.13954687e+00   3.04618740e+00   5.59687972e-01
    1.62113774e+00  -1.76670810e-03   8.24403763e-01   7.09751129e-01
    8.06496680e-01   7.92145014e-01   1.37845039e+00   2.57537651e+00
    1.50117517e+00   1.17528009e+00   6.00484490e-01   1.24839151e+00
    9.18984830e-01   1.29409504e+00   8.26981246e-01   5.48815012e-01
    2.08883905e+00   8.52808356e-01   1.55206728e+00   2.11602402e+00
