  6.11573458e-01   1.40384376e+00   8.53495479e-01   9.73674953e-01
    1.44146729e+00   8.53763103e-01   1.14982057e+00   1.56955922e+00
    6.42352939e-01   2.05335438e-01   6.46598041e-01   1.79446578e+00
    4.54740763e-01   3.99351358e-01   6.33844972e-01   6.80733383e-01
    1.61066115e+00   7.39739060e-01   1.95358670e+00   1.09764743e+00
    1.16563714e+00   1.63650727e+00   8.49465311e-01   1.09017074e+00
    1.21171844e+00   1.49885070e+00   1.21904159e+00   1.66850185e+00
    1.95107186e+00   1.37680399e+00   2.33815002e+00   1.43632364e+00
    1.69239366e+00   1.23235393e+00   1.75451696e+00   1.95396912e+00
    6.16936088e-01   8.37961078e-01   8.35929751e-01   1.50085485e+00
   -2.09240690e-02   6.30954802e-01   6.10389769e-01   1.74744272e+00
    7.45445848e-01   1.21774900e+00   1.51711237e+00   1.23456466e+00
    1.64937985e+00   2.70638728e+00   1.47925210e+00   6.90149963e-01
    1.09310997e+00   7.35475183e-01   2.16544032e+00   1.57929587e+00
    6.16456509e-01   1.13331270e+00   7.98268795e-01   4.27059323e-01
    1.29006326e+00   5.63567936e-01   1.26617527e+00   8.18515480e-01
    7.36007392e-01   9.82506812e-01   1.04590607e+00   1.26553750e+00
    2.07342124e+00   1.87163651e+00   1.35339165e+00   6.89333022e-01
    1.96092021e+00  -2.24165362e-03   1.27553892e+00   1.14957523e+00
    1.34730136e+00   1.97567415e+00   1.64379287e+00   1.23483312e+00
    8.33613873e-01   9.81774628e-01   1.14544952e+00   1.14099300e+00
    9.74786878e-01   8.40015352e-01   4.64268535e-01   1.92136967e+00
    1.28148699e+00   1.23560202e+00   2.26767945e+00   2.35238504e+00
    1.39570415e+00   9.93933141e-01   9.59128916e-01   1.23037052e+00
    7.96057045e-01   1.55260742e+00   1.69631279e+00   8.05936277e-01
    1.44105756e+00   1.18669534e+00   1.91943991e+00  -9.84869525e-03
    8.07214320e-01   1.95683205e+00   1.05877101e+00   2.83502841e+00
    2.69544840e+00   2.49691200e+00   2.43564820e+00   1.33280742e+00
    1.82484019e+00   1.53510511e+00   5.97288609e-01   7.85140336e-01
    1.46294713e+00   1.67755234e+00   1.37565005e+00   8.89648795e-01
    1.45478761e+00   2.32035255e+00   2.88663840e+00   1.43239224e+00
    1.25563049e+00   1.83787489e+00   9.69241977e-01   1.22420633e+00
    5.29764593e-01   8.29241216e-01   6.63768649e-01   2.05363989e+00
    6.04584575e-01   1.54397285e+00   2.38808060e+00   1.37743855e+00
    6.56080127e-01   8.92074347e-01   1.51513982e+00   9.20509636e-01
    1.88607097e+00   8.19777369e-01   1.13886774e+00   1.17055452e+00
    1.26296461e+00   1.15392745e+00   8.29213202e-01   1.36639810e+00
    2.45483494e+00   2.51946300e-01   1.36353135e+00   1.52237666e+00
    7.26145267e-01   1.59011710e+00   7.16913879e-01   2.23965812e+00
    1.57952845e+00   9.22700346e-01   5.67521632e-01   1.66988075e+00
    1.20568860e+00   1.33278477e+00   1.04105389e+00   1.07193518e+00
    9.33097184e-01   7.95571327e-01  -7.79002234e-02   8.97864044e-01
    1.46474111e+00   1.50029957e+00   1.34586895e+00   6.59976721e-01
    1.11183810e+00   9.71053004e-01   5.08654416e-01   1.78462279e+00
    1.79592705e+00   1.82863307e+00   2.14216805e+00   9.42395389e-01
    9.91542876e-01   1.89565897e+00   1.71049845e+00   1.53859723e+00
    1.43340242e+00   1.39392674e+00   1.24826884e+00   1.54738319e+00
    6.40453994e-01   1.17108130e+00   1.31342196e+00   1.73683763e+00
    9.07336175e-01   1.23544896e+00   1.10593045e+00   2.71179080e-01
    9.88272667e-01   1.74594223e+00   9.91581500e-01   1.32996011e+00
    1.22443426e+00   1.00166941e+00   3.82666498e-01   1.01363862e+00
    9.88122106e-01   8.06621790e-01   1.53248620e+00   5.17455518e-01
    6.94352806e-01   6.60640061e-01   1.34353757e+00   1.19172454e+00
    9.47915494e-01   1.46546841e+00   1.11123145e+00   8.55098903e-01
    4.08767730e-01   1.11293066e+00   2.19074741e-01   2.73362255e+00
    1.18051553e+00   7.96908736e-01   1.27315867e+00   1.21520150e+00
    1.04837501e+00   1.55018222e+00   8.52899194e-01   1.60888934e+00
    1.33506489e+00   1.12911856e+00   3.69373536e+00   7.99976528e-01
    1.40675330e+00   2.11312294e+00   1.22430241e+00   2.00798035e+00
    1.77445686e+00   1.48035312e+00   9.93063748e-01   1.59170485e+00
    2.38420463e+00   1.32590163e+00   9.38983917e-01   2.07534289e+00
    1.10861969e+00   9.51358855e-01   2.66190886e+00   1.20534098e+00
    8.36958885e-01   2.16105461e+00   1.36924291e+00   1.52620482e+00
    1.59916413e+00   1.42765260e+00   2.47969747e-01   1.96071625e+00
    1.11805081e+00   1.28851271e+00   2.73635340e+00   1.15789902e+00
    1.58517790e+00   1.51979911e+00   1.72886014e+00   1.82583463e+00
    2.61885190e+00   1.82855856e+00   1.24422514e+00   1.65151274e+00
    9.90336537e-01   7.05452025e-01   1.43347633e+00   2.75308180e+00
    4.46807086e-01   2.99102068e+00   2.81702781e+00   2.92059803e+00
    1.76141191e+00   1.07883620e+00   6.33607864e-01   1.32790065e+00
    1.43155456e+00   5.45055747e-01   1.36913157e+00   1.34673333e+00
    8.65086794e-01   9.50869203e-01   1.31479180e+00   1.02726376e+00
    6.41646981e-01   8.98757398e-01   2.09886360e+00   1.17043507e+00
    1.93087387e+00   5.60029566e-01   3.79290760e-01   1.57537234e+00
    9.05023634e-01   1.90489554e+00   3.96102399e-01   2.52466410e-01
    1.57002580e+00   1.03685904e+00   1.03743374e+00   1.64295387e+00
    1.24489808e+00   1.58121181e+00   1.93156624e+00   1.00882328e+00
    1.41034675e+00   3.13868970e-01   1.31134713e+00   7.68688023e-01
    1.38013393e-01   1.36814427e+00   1.35847318e+00   1.06860197e+00
    1.22568548e+00   6.59126103e-01   1.57263553e+00   1.64396739e+00
    2.77673174e-02   8.60895038e-01   1.13270557e+00   1.59761560e+00
    4.34366614e-01   2.26009774e+00   5.08019388e-01   1.16930568e+00
    1.34841919e+00   1.81496191e+00   1.84632027e+00   1.38750780e+00
    1.39056039e+00   1.99860835e+00   1.31966484e+00   8.25775087e-01
    9.34140801e-01   1.10754669e+00   1.21457517e+00   9.15829718e-01
    9.79270935e-01   1.46244431e+00   1.23238707e+00   1.88017702e+00
    1.16560614e+00   4.73265916e-01   6.62131429e-01   9.86037076e-01
    1.47040617e+00   1.59610844e+00   7.94969320e-01   7.07973897e-01
    9.51264977e-01   1.05355644e+00   8.78962159e-01   9.02310133e-01
    1.38287842e+00   1.12546444e+00   1.36799562e+00   1.38575900e+00
    1.60867572e+00   1.59472191e+00   1.13527036e+00   8.90642881e-01
    2.29279375e+00   1.29657948e+00   1.14258516e+00   4.94986355e-01
    1.99469066e+00   1.55076051e+00   1.26288545e+00   1.47639561e+00
    9.99949157e-01   1.30675972e+00   1.05321789e+00   1.00922000e+00
    1.97174335e+00   1.68469393e+00   2.23432660e+00   1.03229725e+00
    1.11099660e+00   1.71559060e+00   1.32998979e+00   1.38644814e+00
    1.21173167e+00   9.70753431e-01   1.57657933e+00   1.10595119e+00
    1.00693750e+00   5.48274398e-01   1.19964480e+00   2.02730131e+00
    9.14767087e-01   9.28015649e-01   1.82040799e+00   7.61126399e-01
   -7.34586781e-03   8.99308681e-01   7.96827197e-01   8.68362546e-01
    5.63896239e-01   1.44599843e+00   1.61914885e+00   1.41696382e+00
    3.49800408e-01   7.97118425e-01   3.26422989e-01   1.55427706e+00
    7.92760968e-01   1.48751450e+00   1.29751241e+00   1.15551412e+00
    1.59365964e+00   1.14792991e+00   1.66702461e+00   1.11290860e+00
    1.74757600e+00   1.91311121e+00   1.56790853e+00   5.69367230e-01
    1.24892461e+00   9.91767108e-01   1.00383210e+00   1.34095621e+00
    1.93883288e+00   1.04638433e+00   2.11865854e+00   1.30141258e+00
    1.59243858e+00  -8.22463557e-02   1.24002695e+00   2.25216055e+00
    1.64534062e-01   5.93721449e-01   8.36075425e-01   2.29275560e+00
    2.45766187e+00   8.34031165e-01   5.40182948e-01   2.65898728e+00
    1.63026667e+00   1.53365386e+00   7.86760807e-01   1.27717280e+00
    1.18718183e+00   1.50611043e+00   8.86141002e-01   1.51842570e+00
    1.08699477e+00   9.04515922e-01   1.78912747e+00   1.44819140e+00
    1.20335150e+00   2.30321097e+00   1.06330025e+00   1.57024872e+00
    9.09956753e-01   9.94213760e-01   1.23724055e+00   7.79379606e-01
    1.27224910e+00   1.59165347e+00   1.40548635e+00   1.70796120e+00
    1.17227042e+00   1.44157636e+00   1.31095636e+00   9.87802207e-01
    1.30043173e+00   9.36865330e-01   7.24874377e-01   1.00041246e+00
    1.54268396e+00   1.13759005e+00   1.03302050e+00   1.52533937e+00
    7.44394779e-01   1.24005532e+00   2.51659942e+00   1.35582852e+00
    7.12684691e-01   7.33434021e-01   1.80115342e+00   1.34279692e+00
    7.90328085e-01   1.30351412e+00   6.30730391e-01   1.93570411e+00
    1.03849542e+00   1.82629442e+00   2.27919817e+00   7.52396166e-01
    1.69235063e+00   6.04843915e-01   8.42330337e-01   8.35077643e-01
    8.17651570e-01   8.48935306e-01   1.41262734e+00   1.53846192e+00
    1.47619426e+00   1.19643795e+00   6.43058896e-01   9.21551108e-01
    1.47406626e+00   1.26393211e+00   1.18393946e+00   3.24743629e-01
    2.45296931e+00   1.08363664e+00   1.57053161e+00   6.98712885e-01
