 0.64080781  0.97236764  1.38109791  0.64243329  1.44752073  0.66843247
   0.8099888   1.05077541  0.62222195  0.22520421  1.33244801  1.23170388
   0.44433001  0.15933551  0.47430682  0.01928286  1.66095412  0.83735806
   1.9343859   1.1622386   1.14647901  1.63007605  1.38963437  1.62029004
   1.48811662  1.08296835  1.36553276  1.76196516  2.26701427  0.52478999
   1.13537288  1.24163687  0.98872161  1.6911751   1.66074955  1.22910821
   0.48967245  0.88204283  0.55702567  1.60692894 -0.03779454  0.39023131
   1.35403037  1.12547982  0.62506413  0.87319648  1.01913428  1.26059651
   1.30457437  2.39641523  1.36175871  1.00747085  1.00652242  0.71905804
   2.50327682  1.89349306  0.61579067  0.83134192  1.34971762  0.76035768
   1.31992769  0.92239618  1.26916635  0.9160735   0.85611701  0.60947645
   1.04850626  1.29381788  1.99286878  1.39787507  1.64284837  1.41986597
   1.40691018 -0.0115974   1.52008271  1.01294696  0.36435109  2.0916996
   1.10961223  1.07375872  0.41504678  1.09889889  1.11472499  1.03822613
   0.61462915  1.05484998  0.32615551  1.85257816  1.27465796  0.97666782
   1.67415142  1.0665822   0.81760019  0.98018914  1.55947042  0.87746787
   0.69603568  1.40676987  1.09887445  1.05352461  1.44148505  1.16617703
   1.51342547  0.19262794  1.07213223  1.96745074  1.08511662  2.72391486
   1.67052829  2.32756615  1.69642186  1.42895722  2.08732343  1.52137804
   0.59732288  0.47740489  0.83466411  1.73602629  1.3509177   0.91244072
   0.8585245   2.53845716  2.0036118   0.9333089   0.86945772  1.49765193
   0.9304924   1.65524673  0.32216585  0.83049285  0.88458586  1.96135664
   0.57664138  0.99987888  1.89091384  1.54621136  0.75962037  0.66542655
   1.00105238  1.5727371   1.38431072  0.77379167  0.81212926  0.82004678
   1.18530548  1.0014708   1.18883872  0.76505125  2.15236998 -0.0281716
   1.41086912  1.35422468  1.05661047  1.71643686  0.42097569  1.48182762
   1.61331749  0.93032497  0.63937634  1.38291323  1.33763218  1.10148346
   1.36407471  0.97702336  0.77263194  0.82426912  0.21097161  0.49574628
   1.29733884  1.87418389  0.89867395  0.78547305  1.29219294  1.38376296
   1.0736208   1.78676522  1.78883362  1.82192159  2.1056602   0.811023
   0.55442023  1.74308527  1.24665797  1.16353059  1.16379642  1.47134161
   1.02578044  1.51841998  0.69753253  1.01127827  0.89498961  1.60726523
   1.14870965  1.06520164  1.09906077  0.07891022  1.58699679  2.42556024
   0.81091309  1.00117099  1.31466043  1.79717469  0.31785521  1.43886983
   0.97027844  0.87188101  0.76317072  0.73147249  0.40801868  0.76111132
   1.57955694  0.96198142  0.94424641  1.47956502  0.83333176  0.9597376
   0.68943906  1.12413895  0.25669295  1.77654409  0.76145285  1.16363692
   1.48256409  1.01668108  1.47767627  1.26080835  1.1702894   1.68598008
   1.37377691  0.86670089  3.85249829  0.90854359  1.7096132   1.90474904
   0.70807528  1.62274492  0.93474114  1.28879702  0.72412026  1.50360847
   1.72443306  1.65164685  1.01259995  1.24259257  0.88440782  0.90779531
   2.69206905  0.65935808  0.47587228  1.57513666  0.88871628  1.47402596
   1.20734537  2.15697551  0.03304065  1.93381965  0.97629696  1.14883471
   2.59521317  1.21437073  1.98174167  1.0588485   1.73390925  1.17434788
   1.50404298  1.21384645  1.45348525  1.11581254  1.13662302  1.32436955
   1.64489269  1.88675284  0.46089944  3.01122451  2.92355847  2.88291788
   1.20787835  1.10018885  0.48619953  0.78587526  0.93038118  0.60945588
   1.46672964  1.32195973  0.65164357  0.71516085  1.48387134  0.98554754
   0.16163097  0.72006941  2.39552021  0.96314925  1.50333905  0.49630383
   0.48164946  0.98755431  0.61381453  1.49017024  0.28975999  0.7610116
   1.86036873  0.8853336   0.99047434  1.16735852  1.69843137  1.98547983
   1.41991651  0.9905355   0.97297561  0.21825486  1.50421607  0.54915327
   0.24150664  1.37864757  1.10030985  0.81699657  2.28590918  0.2134774
   1.28247797  1.51341701  0.63863796  0.74843705  1.05704165  2.26853776
   0.44199947  1.7158283   0.49467748  1.10779476  1.75903916  1.20719802
   0.77202022  1.8633467   2.19638133  1.96914327  1.36439908  0.5535683
   0.94144464  1.07442188  1.23708761  0.88857216  0.7788803   1.28747618
   0.75559711  1.21575177  1.07235599  0.48440275  0.76006901  1.08388686
   0.68428195  1.50044036  1.02915561  0.78935462  1.07775223  1.04196
   1.07375228  0.74054676  1.44717228  1.32768357  1.62633359  1.47788155
   0.87307763  1.66361082  0.96518165  1.27962387  1.69611204  1.1636616
   1.52196753  0.65014654  1.66194749  1.06064844  1.18119049  1.47617161
   0.85330176  0.48239502  1.32491839  1.01019168  1.66825545  1.32212389
   0.96149856  0.79864961  0.28107932  1.75879228  0.82095045  1.26402593
   1.16824782  1.35955179  1.35587204  1.09998083  1.09877777  0.66488767
   1.52828526  1.14994931  1.37691927  0.80074185  1.47604024  1.0437963
   0.42639562  0.99612266  1.08270204  0.86322343  0.2767202   1.44088089
   1.72355807  1.19754159  0.59133005  0.7817145   0.10973734  1.57050061
   0.82037932  1.61476243  0.46103722  1.72243273  1.86488795  0.94305664
   1.26368225  1.05200088  1.96070611  2.09443498  1.45806491  0.63785225
   1.13166153  1.19916403  0.75294942  1.58223224  1.8305974   1.00862038
   2.22943592  1.25702155  1.31149626  0.29249063  0.91940641  1.43674946
   0.55265665  1.00002623  1.26773405  1.38263524  1.46394181  0.85805696
   0.65837944  2.45907593  1.2793082   1.04319394  1.00150609  1.57323825
   1.82125819  0.98178422  1.01050806  1.91739953  0.94454437  0.74566662
   0.89640105  1.74859905  1.28633332  2.33142352  0.79507428  1.48893464
   1.06456912  0.94012749  1.43858027  0.77699131  1.12919974  1.39811301
   1.18653727  1.00745523  0.4607912   2.29531765  1.19386423  0.58964419
   0.64080215  1.10410452  0.59111798  1.23065388  1.11795247  0.89874333
   0.90859121  1.98312449  0.57595354  0.58046371  2.53454161  1.48845005
   1.11524343  0.6091975   1.64154112  1.16405511  0.71207446  1.09110308
   0.45483398  1.11419463  1.09639502  1.96884954  2.46603131  0.88816637
   1.85224044  0.76763153  0.81258172  0.51809555  0.91365194  0.95607793
   1.57454681  1.02827716  2.27862406  0.8136391   0.88641137  1.26771438
   0.69205183  1.19305849  0.76107359  0.30852035  1.8138051   1.1284349
   2.09189987  0.88390517
