  7.07277536e-01   1.29809856e+00   1.84314704e+00   6.08229280e-01
    1.52471185e+00   5.31914830e-01   1.19069099e+00   1.07706642e+00
    7.09539294e-01   2.51271546e-01   1.73435473e+00   1.55493414e+00
    1.83086902e-01   1.97413296e-01   6.80478871e-01   1.74853325e-01
    1.55049551e+00   7.11017132e-01   1.95462608e+00   1.10779572e+00
    1.03589141e+00   1.64920855e+00   8.60696793e-01   1.29486811e+00
    1.40373731e+00   1.11918223e+00   9.27962780e-01   1.79262865e+00
    2.44231486e+00   3.45500857e-01   7.32526362e-01   1.02645957e+00
    1.23974633e+00   1.68052638e+00   1.16744757e+00   1.42677367e+00
    8.11698258e-01   2.05476594e+00   7.98232913e-01   1.81256914e+00
   -1.20205760e-01   4.37564701e-01   2.84416348e-01   6.34894192e-01
    7.25251794e-01   1.30549979e+00   8.63735080e-01   1.20263338e+00
    8.15026522e-01   2.04381418e+00   1.34463918e+00   9.97439146e-01
    1.01403511e+00   1.03166223e+00   2.94275880e+00   2.14089179e+00
    7.01738536e-01   1.11781919e+00   1.84568727e+00   5.77171296e-02
    1.31586242e+00   1.26709330e+00   1.27801561e+00   9.40979540e-01
    8.06832790e-01   7.47170746e-01   1.04592013e+00   1.24464953e+00
    2.05813885e+00   1.45591891e+00   9.61733997e-01   1.13175273e+00
    1.92929494e+00  -7.04188868e-02   7.62076557e-01   1.54071879e+00
    4.08702672e-01   1.33045197e+00   9.92278576e-01   1.08879280e+00
    6.44519210e-01   1.02236748e+00   1.26409924e+00   1.13952386e+00
    6.92679703e-01   1.13257194e+00   3.20083976e-01   1.79998755e+00
    1.31320155e+00   8.72197092e-01   2.28346515e+00   2.23470855e+00
    9.15242851e-01   1.08917022e+00   1.19389594e+00   9.31656659e-01
    9.88179982e-01   1.37871754e+00   1.15915501e+00   1.10919261e+00
    1.60038769e+00   1.15557826e+00   1.26428056e+00  -5.88491075e-02
    6.05670094e-01   2.07927394e+00   9.80393052e-01   1.88194954e+00
    1.20308030e+00   2.72079802e+00   1.95171094e+00   1.82284176e+00
    1.90375507e+00   1.33838046e+00   8.63091826e-01   1.07428992e+00
    1.13937604e+00   1.77749801e+00   1.65908861e+00   9.78832901e-01
    6.90912545e-01   2.09461951e+00   2.07765532e+00   1.62292111e+00
    1.28329182e+00   1.22987700e+00   9.35954630e-01   1.13603938e+00
    2.51000345e-01   8.29675555e-01   9.08677399e-01   1.53273380e+00
    1.28879026e-01   6.53425157e-01   1.36691523e+00   1.40491629e+00
    9.06034350e-01   1.44358993e-01   6.51137888e-01   1.47408819e+00
    7.42074907e-01   7.43784845e-01   6.40191853e-01   1.00684679e+00
    1.32274854e+00   8.19111824e-01   6.70645356e-01   6.37538791e-01
    2.55248404e+00  -1.33265872e-02   1.55916023e+00   1.06376040e+00
    8.84465039e-01   1.07054317e+00   3.74413818e-01   1.30727601e+00
    1.37352312e+00   1.29322290e+00   8.65315437e-01   1.34785330e+00
    1.27706110e+00   1.58432841e+00   8.58782709e-01   1.13271713e+00
    1.18922520e+00   7.64699340e-01   6.64975643e-01   6.02624714e-01
    1.24105060e+00   1.72509718e+00   1.07330191e+00   6.41582787e-01
    1.45045149e+00   1.84689331e+00   5.75959325e-01   1.57189703e+00
    1.94259167e+00   2.06510520e+00   1.88444543e+00   1.04314804e+00
    1.24768436e+00   1.68510461e+00   7.76759624e-01   1.16267836e+00
    1.27650619e+00   1.28136861e+00   1.33253503e+00   1.76229167e+00
    6.82142675e-01   9.88995790e-01   1.27458000e+00   1.88704944e+00
    1.05488145e+00   9.86495554e-01   1.10175788e+00  -5.73441340e-03
    1.55183160e+00   2.34946108e+00   6.91805840e-01   9.71757472e-01
    1.78667760e+00   1.10074067e+00   5.67450345e-01   9.30940866e-01
    5.82058787e-01   1.21121466e+00   1.58762383e+00   6.70482218e-01
    4.31782007e-01   5.86711586e-01   1.46613395e+00   1.22384787e+00
    1.03411913e+00   8.62996280e-01   5.25421858e-01   7.35261083e-01
    4.42128092e-01   1.05095279e+00   2.29569271e-01   1.60123694e+00
    1.18695736e+00   8.30915809e-01   1.02294481e+00   1.10333443e+00
    5.20835578e-01   1.11023247e+00   1.04291439e+00   2.00894547e+00
    4.85764086e-01   8.80901456e-01   4.43449354e+00   1.08909369e+00
    8.32041144e-01   1.86045837e+00   5.55241704e-01   2.13790321e+00
    9.77127969e-01   1.41996777e+00   9.33923185e-01   1.57710040e+00
    1.26922154e+00   1.30945694e+00   8.80205274e-01   3.33604097e-01
    2.20108733e-01   1.27004814e+00   2.51687765e+00   5.34110785e-01
    2.37493709e-01   1.48420942e+00   6.24365151e-01   5.29259801e-01
    1.48123109e+00   2.03574896e+00  -6.11377954e-02   1.67650712e+00
    7.92879820e-01   9.39374506e-01   3.24512935e+00   7.81642139e-01
    1.59170234e+00   8.95784974e-01   1.73133814e+00   1.34672081e+00
    1.38198078e+00   8.09790432e-01   1.99894524e+00   1.12517428e+00
    9.64438260e-01   6.09929681e-01   1.26969051e+00   1.60690749e+00
    4.15659338e-01   2.86888766e+00   2.87228870e+00   2.71315479e+00
    1.18468368e+00   9.31517005e-01   7.15785921e-01   4.92023051e-01
    9.86110032e-01   8.75192583e-01   1.04873085e+00   1.37829792e+00
    8.62054706e-01   5.47416329e-01   1.11942589e+00   4.45229292e-01
   -1.68096330e-02  -3.30900005e-03   2.40715718e+00   8.80036235e-01
    1.62305582e+00   5.32755196e-01   3.41813952e-01   1.55540454e+00
    8.03715885e-01   1.03525698e+00   4.00785595e-01   6.73675597e-01
    2.18984699e+00   1.00864422e+00   1.18471229e+00   1.15947425e+00
    1.27615750e+00   1.57825565e+00   1.58488798e+00   1.30265927e+00
    9.35387731e-01   4.76563036e-01   1.30802155e+00   6.26347125e-01
    1.89338252e-01   1.42132378e+00   9.15792406e-01   1.04207420e+00
    1.66584873e+00   2.28844881e-01   8.50508392e-01   2.08191657e+00
   -1.69960912e-02   1.04511082e+00   1.18364990e+00   1.99663079e+00
    4.38387901e-01   2.47325230e+00   5.40898502e-01   1.34558153e+00
    2.16751480e+00   7.88499653e-01   6.39880121e-01   1.71970010e+00
    1.59516346e+00   1.94606626e+00   1.24042034e+00  -2.85341348e-02
    9.35854971e-01   1.04836357e+00   1.05995584e+00   8.55965018e-01
    7.88456500e-01   1.30550802e+00   3.10589135e-01   7.09960341e-01
    1.29125190e+00   6.89914227e-01   8.38745058e-01   1.07580900e+00
    1.43013406e+00   1.37682784e+00   1.07833695e+00   9.31100070e-01
    6.75135911e-01   1.60552192e+00   2.09056422e-01   8.71917680e-02
    8.81449759e-01   1.15220320e+00   1.26843536e+00   1.87838018e+00
    1.27884078e+00   1.85254085e+00   6.58820093e-01   1.59483671e+00
    1.83709335e+00   1.49701560e+00   6.24894917e-01   7.19221652e-01
    1.20352519e+00   9.98542905e-01   7.43822038e-01   1.50248742e+00
    8.89467478e-01   6.22651935e-01   1.17748344e+00   1.48865223e+00
    1.87909865e+00   1.06062615e+00   1.72493482e+00   7.31468081e-01
   -1.31734358e-02   1.73348951e+00   1.10782623e+00   1.25958419e+00
    1.06359828e+00   9.90922749e-01   1.43299782e+00   1.07326543e+00
    1.14727652e+00   8.15684080e-01   1.05027068e+00   9.07688439e-01
    1.01589346e+00   1.20169675e+00   1.45828331e+00   8.82607341e-01
    4.75383878e-01   3.86450022e-01   1.24303734e+00   1.08371520e+00
    1.11944079e+00   1.93454182e+00   1.62971818e+00   1.42520368e+00
    9.43184733e-01   4.27060485e-01  -3.48559059e-02   1.54926014e+00
    6.77575767e-01   7.86000490e-01   3.78642201e-01   1.95545888e+00
    1.98473036e+00   7.55778432e-01   1.30175257e+00   1.11554253e+00
    1.38702476e+00   1.84497023e+00   1.11044645e+00   1.18975580e+00
    1.58455002e+00   1.16877162e+00   8.03537309e-01   1.66005790e+00
    1.91086507e+00   9.70733106e-01   2.01460767e+00   1.26241672e+00
    1.27658617e+00   7.14875579e-01   1.23148608e+00   1.34890330e+00
    1.11174262e+00   7.14776218e-01   1.24241149e+00   1.06440377e+00
    1.61015725e+00   6.00632310e-01   8.01557839e-01   2.37116623e+00
    1.53448367e+00   8.85120213e-01   8.24188650e-01   1.30867243e+00
    1.35182714e+00   7.34740973e-01   6.77411258e-01   1.72753918e+00
    9.54450846e-01   7.49775290e-01   1.28465116e+00   9.09238994e-01
    1.37843597e+00   1.91733694e+00   1.55025196e+00   1.41613626e+00
    6.14358068e-01   9.65325177e-01   1.33015203e+00   7.70246625e-01
    8.44026864e-01   1.42357087e+00   1.05429590e+00   1.27505624e+00
    9.07103658e-01   1.13977098e+00   1.25285661e+00   3.38020653e-01
    6.69649422e-01   1.16545939e+00   8.65711391e-01   6.98790312e-01
    9.76005256e-01   1.25478196e+00   1.19245553e+00   1.41700768e+00
    7.89125979e-01   3.98462117e-01   1.92100871e+00   1.64116740e+00
    7.12401569e-01   6.90249860e-01   2.08400202e+00   1.34842670e+00
    5.54501295e-01   1.24009287e+00   6.25378907e-01   1.72809064e+00
    9.88614857e-01   2.43486619e+00   1.95133078e+00   7.04633057e-01
    1.94529808e+00   5.37307739e-01   8.65619242e-01   6.10084355e-01
    9.16308403e-01   5.57134449e-01   1.51199603e+00   1.37404132e+00
    1.65270424e+00   2.66702473e-01   4.48218614e-01   1.23868513e+00
    4.42998886e-01   1.29830849e+00   8.91872466e-01   4.79005784e-01
    1.11274290e+00   8.89135003e-01   2.11841369e+00   8.01901162e-01
