  9.71237183e-01   1.14111733e+00   2.75428915e+00   9.44546402e-01
    1.52142429e+00   7.42785037e-01   1.37565958e+00   1.36325681e+00
    7.07623184e-01   3.74334008e-01   1.01747417e+00   1.67506385e+00
    3.04303020e-01   4.86712247e-01   7.24041283e-01   2.23872334e-01
    2.00673866e+00   6.34876192e-01   8.90948772e-01   1.14726853e+00
    1.07637703e+00   1.29109550e+00   1.25034189e+00   1.15915215e+00
    1.44870543e+00   1.29450154e+00   8.01882803e-01   1.57819796e+00
    2.45385313e+00   1.26215935e+00   1.75997019e+00   1.35601699e+00
    1.45200562e+00   8.26503754e-01   1.41786933e+00   1.41772640e+00
    6.24763548e-01   2.33117318e+00   7.42391646e-01   1.58918893e+00
    1.80587858e-01   3.92075062e-01   2.50196099e-01   8.04402590e-01
    7.41553903e-01   1.56580722e+00   1.22184849e+00   1.17140496e+00
    1.27299321e+00   2.45197630e+00   1.58298659e+00   1.24990880e+00
    7.40172744e-01   5.33039272e-01   2.63304186e+00   1.88709664e+00
    9.79227543e-01   1.78280938e+00   1.93195689e+00   2.07430258e-01
    1.39351439e+00   9.82078433e-01   1.27367115e+00   8.77491415e-01
    1.78738141e+00   7.59390414e-01   1.04233575e+00   1.16878176e+00
    9.92431462e-01   1.25416195e+00   1.08089864e+00   1.43903911e+00
    2.01078558e+00  -5.87705560e-02   1.71017051e-01   1.85641372e+00
    4.84657347e-01   8.86365175e-01   1.03687894e+00   1.37358081e+00
    4.32189107e-01   1.10866725e+00   1.23254013e+00   1.46700704e+00
    7.78326213e-01   1.17870128e+00   8.16190779e-01   1.95192146e+00
    1.24111378e+00   1.32426703e+00   2.53796744e+00   2.73410344e+00
    7.99084961e-01   1.27517772e+00   1.04765975e+00   8.61518025e-01
    4.93682534e-01   1.35934472e+00   1.35630274e+00   9.27322209e-01
    1.95255923e+00   1.11991441e+00   4.85417135e-02   5.13021313e-02
    2.80841738e-01   2.40247154e+00   1.49611664e+00   2.56275153e+00
    1.20533156e+00   1.97263455e+00   2.10532236e+00   1.89389169e+00
    1.72136581e+00   1.47048426e+00   1.25064766e+00   1.11022568e+00
    1.41790104e+00   1.55080318e+00   1.68829608e+00   7.96430171e-01
    4.25321490e-01   2.56234002e+00   2.18417978e+00   1.78319550e+00
    1.64178991e+00   1.65219438e+00   9.15351510e-01   1.26549697e+00
    7.48131037e-01   8.83327127e-01   9.02303219e-01   1.55667031e+00
    5.41234732e-01   9.89513338e-01   2.23746490e+00   1.40025902e+00
    1.21613324e+00   3.69590014e-01   7.93748975e-01   1.90046549e+00
    3.84726912e-01   8.57974291e-01   1.33334768e+00   1.15376592e+00
    1.03003883e+00   1.08034146e+00   4.58694130e-01   7.67757297e-01
    2.21928310e+00   2.27095261e-01   1.42367125e+00   7.98691809e-01
    1.38969231e+00   1.52084172e+00   4.68651295e-01   1.55623233e+00
    1.22655094e+00   1.25119436e+00   8.05611968e-01   2.30663300e+00
    1.40399766e+00   1.48938429e+00   1.01413214e+00   1.15352750e+00
    8.83644402e-01   8.81587327e-01  -1.69417297e-03   4.14077967e-01
    1.02415657e+00   1.85703194e+00   1.23929489e+00   6.11048460e-01
    1.63784552e+00   1.53882527e+00   4.78007525e-01   2.04303861e+00
    1.90578032e+00   1.70755374e+00   2.38012028e+00   1.09941328e+00
    1.08355355e+00   2.22669291e+00   1.27119482e+00   1.52545905e+00
    1.66176426e+00   1.29232955e+00   1.35821629e+00   1.73652756e+00
    7.68950522e-01   1.24765754e+00   1.46730196e+00   1.93182659e+00
    1.39361393e+00   1.28123307e+00   1.89502299e+00   2.05679432e-01
    1.57440376e+00   2.50866652e+00   8.81865144e-01   1.80363703e+00
    1.75285900e+00   1.82715738e+00   4.19823408e-01   5.84682941e-01
    9.94155526e-01   7.96637714e-01   9.76433218e-01   1.03949475e+00
    4.58187670e-01   1.04650617e+00   1.35817552e+00   1.30353868e+00
    9.40200984e-01   1.19213700e+00   7.53047526e-01   1.14291906e+00
    5.44801891e-01   1.30438960e+00   7.04719946e-02   1.89342797e+00
    1.25882804e+00   1.69422901e+00   6.02766812e-01   1.09851146e+00
    7.24395812e-01   1.36974025e+00   1.24609327e+00   1.78104949e+00
    7.81850219e-01   8.89986455e-01   4.18367243e+00   6.93884254e-01
    1.32571042e+00   1.84672797e+00   1.02172279e+00   1.06876874e+00
    1.19662094e+00   1.29593480e+00   1.04749262e+00   1.62681007e+00
    1.32099020e+00   1.24353278e+00   8.45544219e-01   7.24851429e-01
    6.14773571e-01   1.42281687e+00   3.41429257e+00   4.77635264e-01
    2.13426173e-01   1.31219447e+00   3.06389362e-01   6.39023423e-01
    1.09848058e+00   2.09199834e+00  -2.75980774e-03   1.48571360e+00
    1.32513165e+00   8.59074712e-01   3.96857166e+00   1.26711380e+00
    1.48183882e+00   1.01779735e+00   1.73940742e+00   9.47163224e-01
    9.48273122e-01   1.09277737e+00   1.26439023e+00   1.13719010e+00
    9.98048961e-01   8.98367584e-01   1.31403267e+00   3.15845108e+00
    1.07325840e+00   2.80726838e+00   3.05174565e+00   3.42385721e+00
    1.06165683e+00   1.08484161e+00   7.58868515e-01   6.84000552e-01
    1.32971609e+00   1.53314888e+00   6.34200156e-01   1.60461676e+00
    8.85508955e-01   6.60281062e-01   1.61569488e+00   5.34167469e-01
    4.16155398e-01   8.49784091e-02   1.79149902e+00   1.18567002e+00
    1.89565754e+00   4.69684929e-01   3.58419210e-01   2.07325411e+00
    1.54008901e+00   1.06525457e+00   8.29505861e-01   1.08715379e+00
    2.70578003e+00   1.12354612e+00   8.94311488e-01   1.16709936e+00
    1.24546409e+00   1.75559998e+00   9.25641954e-01   1.52583337e+00
    1.22543681e+00   6.97507322e-01   1.37325490e+00  -5.52193029e-03
    8.52409452e-02   1.44943583e+00   1.14169002e+00   9.78342772e-01
    1.40183687e+00   5.49212992e-01   3.34238470e-01   2.72210741e+00
   -5.59160225e-02   1.24633980e+00   1.05177617e+00   2.04641557e+00
    4.46630985e-01   1.88266814e+00   6.01073861e-01   1.19046950e+00
    2.62552500e+00   1.04849279e+00   1.13138533e+00   2.14928412e+00
    1.75425708e+00   1.89600492e+00   1.11025167e+00   3.20939749e-01
    1.08782411e+00   1.37871182e+00   1.41184747e+00   1.25989544e+00
    7.70763874e-01   1.26493967e+00   8.88615131e-01   7.46615946e-01
    1.24891531e+00   5.68095565e-01   1.04383218e+00   7.58780956e-01
    1.51074743e+00   1.40288913e+00   1.13593292e+00   1.21552467e+00
    8.75281930e-01   1.30782974e+00   5.76804519e-01   7.30603278e-01
    1.13468695e+00   1.32676125e+00   3.50446135e-01   9.73700643e-01
    1.15219879e+00   1.58922851e+00   7.66874671e-01   1.40896165e+00
    1.81689572e+00   1.88770688e+00   8.74068677e-01   9.93991435e-01
    1.97842407e+00   1.30906212e+00   1.09335303e+00   1.47187960e+00
    8.29037488e-01   2.52935648e-01   1.12438071e+00   1.09359086e+00
    1.71647310e+00   1.53765726e+00   1.43627310e+00   8.63667965e-01
    8.78378570e-01   1.68365705e+00   5.74566662e-01   1.25851595e+00
    1.12541795e+00   1.27743399e+00   1.77248955e+00   1.21021485e+00
    1.18222094e+00   7.18198121e-02   1.35609722e+00   1.21280360e+00
    6.27600610e-01   1.41009414e+00   1.55154729e+00   9.81672823e-01
    4.51750636e-01   1.07116497e+00   5.72799206e-01   9.38703179e-01
    1.39759719e+00   1.49242115e+00   1.85251713e+00   2.03270102e+00
    3.90732855e-01   4.74208146e-01  -7.93180838e-02   2.16598773e+00
    1.25682318e+00   5.26035428e-01   9.93109465e-01   2.16639233e+00
    2.15242815e+00   1.23419178e+00   1.77475727e+00   9.45990920e-01
    1.55737793e+00   1.81552768e+00   1.19971907e+00   2.04562974e+00
    1.99598789e+00   1.61587310e+00   6.73022568e-01   1.31175101e+00
    1.97292161e+00   9.81286764e-01   2.25299191e+00   1.33721173e+00
    1.18183851e+00   1.14927977e-01   9.39519465e-01   1.73462665e+00
    1.06140542e+00   4.16583747e-01   1.19238901e+00   9.28827167e-01
    2.28049064e+00   7.69932210e-01   9.47090089e-01   2.02708340e+00
    2.14653683e+00   1.46063006e+00   7.13590443e-01   1.34410357e+00
    1.19355559e+00   6.01137757e-01   8.57780039e-01   1.48017478e+00
    1.00393748e+00   8.60382736e-01   1.61277544e+00   8.89343262e-01
    1.33527613e+00   2.39978528e+00   1.59779108e+00   1.52138114e+00
    1.16857278e+00   1.12274027e+00   1.14082253e+00   7.77688742e-01
    1.27538753e+00   1.59749746e+00   1.19320154e+00   1.01002538e+00
    1.19476998e+00   1.54483330e+00   1.86320102e+00   3.31900269e-01
    5.83228350e-01   1.18603492e+00   7.49646187e-01   1.06912696e+00
    1.01752484e+00   1.57236648e+00   8.94547403e-02   1.71387911e+00
    6.13995075e-01  -2.84314305e-02   1.37475920e+00   1.48251522e+00
    1.08669233e+00   9.71978784e-01   2.33394551e+00   1.57657993e+00
    8.96249056e-01   8.18144441e-01   5.00846028e-01   1.22325289e+00
    1.26422894e+00   3.20120740e+00   1.91537321e+00   9.68351483e-01
    2.15177035e+00   5.90687990e-01   7.60066211e-01   1.05056632e+00
    9.31204617e-01   1.17507315e+00   1.54747772e+00   1.53042257e+00
    2.38982821e+00   4.89838868e-01   9.25882578e-01   9.61654782e-01
    4.26235706e-01   1.35578239e+00   1.08577287e+00   1.50572374e-01
    1.03306139e+00   7.86556184e-01   2.48959517e+00   8.25560451e-01
