 0.7950266   1.61345971  2.36455417  0.79038864  1.43050373  0.81903237
   0.60389465  1.4206239   0.50537616  0.73109031  1.14925623  1.62945437
   0.58817905  0.50191563  1.01041615  0.22172926  2.036304    0.73696518
   1.17489195  1.15662539  1.48882163  1.39616525  1.67159295  0.83155859
   1.97654498  1.10609913  1.2913835   1.85393131  2.3838675   1.26930809
   1.37315965  1.47324932  0.97116739  0.95593584  1.59285545  1.12651074
   0.52615207  0.87417746  0.66059101  1.58030903  0.11135913  0.40727293
   0.57781804  0.92068374  0.76413763  1.19862592  0.69841254  1.22228503
   1.56863403  2.09282732  1.65877187  0.92609262  1.12412202  0.60517627
   3.07457662  1.97336686  0.9325915   1.53737617  1.18855333  0.45625782
   1.8527199   0.77880353  1.28280628  0.9082638   1.24708188  0.27890682
   1.04669106  1.24207044  1.01698542  1.39301181  1.29660082  1.36969721
   2.19899344 -0.0419486   0.28004158  1.39733005  0.42617244  0.93709427
   1.18636179  1.57566643  0.35283741  1.19498539  1.29505646  1.68924367
   0.60742271  1.15406275  1.24523985  2.07372928  1.20665276  0.98415738
   2.28013015  1.92745662  1.07801294  1.03297758  1.45940435  0.74946028
   0.54854727  1.44764912  0.03952399  1.0241046   1.96608949  1.13574755
   0.18728532  0.65328807  0.66437459  1.5026933   1.30894089  3.88832736
   1.57490563  1.71704388  1.93626273  1.97381282  1.86892128  1.49398947
   1.27935958  0.72815323  1.62426364  1.72668159  1.98981178  0.83484674
   0.68747073  2.97441554  1.48192108  1.15102601  1.28616428  2.16802549
   2.0047164   1.42259836  0.91442013  0.82857627  0.63243222  1.61927176
   1.27720177  1.65630579  1.67824554  0.93118316  1.64312458  0.37222207
   0.66123378  1.11291039  1.30842674  0.8357287   1.64853525  1.02993584
   1.39723229  1.0277735   0.91225499  0.62568784  2.10246682  0.26304877
   1.78440225  0.89885956  1.29263246  1.42291939  0.44049212  1.41165435
   1.11991704  1.23260641  0.78023785  1.51957774  1.56203675  1.20646095
   1.01967943  1.0622822   1.70035779  0.94133133  0.1767011   0.30441341
   0.85388035  2.12368846  1.39957118  0.54408205  1.71747518  1.30393267
   0.8334204   1.83042014  1.7923491   1.88941395  2.97028899  1.07897186
   1.16221488  1.9195689   0.85210496  2.09224105  1.5627768   1.23646462
   1.52314889  1.61836767  0.81451279  0.9774152   1.79189253  2.17976761
   1.67964685  1.32057595  1.7720437   0.9047792   1.87132406  2.66293001
   0.76216763  1.80187654  1.44109726  2.74216127  0.4514617   0.46020308
   0.40856543  0.70770848  1.14023948  0.80518031  0.71651912  0.92891294
   0.88892341  0.7175172   1.51990283  0.87180936  0.93575937  1.16391861
   0.7026208   1.42275858  0.64180577  1.59020221  1.12591147  1.26813281
   1.12692058  1.18656194  1.0347966   1.79115617  1.15226567  1.73781705
   1.42595708  0.90455723  3.60357785  0.84829718  1.68350148  2.53655124
   0.80046737  1.19021451  1.14221585  1.25674188  0.46182424  1.55018067
   0.74208903  1.37380886  0.867805    1.34247684  0.40309426  1.47502685
   3.24936628  0.65877342 -0.03384219  1.82722402  0.30849245  0.8845033
   1.23935032  2.5946362   0.0982866   1.73468745  1.2058171   1.05582607
   3.60661936  1.58803689  1.52786481  0.91749614  1.72826207  0.88174629
   1.17599535  0.91624236  1.01981592  1.00260496  0.93247271  1.01245964
   1.50804758  3.20656753  1.0668869   3.19062352  3.30898333  3.43172884
   1.12086308  1.14540792  0.87385082  1.08281088  1.48064661  0.61032373
   0.61035711  1.82477427  0.39106703  0.87439704  1.07478106  0.34638441
   0.39549887 -0.05559845  2.24413276  1.51980758  1.62896085  0.5515759
   0.33700377  1.7915777   1.05399382  1.39626455  1.10530138  1.645347
   2.93097997  1.14948404  0.96843368  1.16655028  2.28210688  1.94942844
   1.17286968  1.54923022  1.50732267  0.32026327  1.46669114 -0.01745421
   0.8996169   1.44443488  1.10086226  0.84010434  1.1421181   0.40289715
   0.22401047  2.52794719 -0.02200396  1.11075282  1.16662061  2.5591507
   0.44081584  1.81606829  0.55381471  1.2430923   1.71991801  1.65034199
   0.44528526  2.18974328  1.59431374  1.78138876  1.32592225  0.13909361
   1.0192343   1.55010259  1.09615934  1.64301407  0.89166862  0.43536264
   0.68824148  0.55189443  1.36713934  0.48153377  1.37262058  1.10985291
   1.17054951  1.33291149  1.10843909  1.00290644  1.01305807  1.42648184
   1.15226567  1.03515375  0.89190972  1.29556215  0.45165476  1.27397966
   0.77934986  0.96626234  1.0582248   1.81778526  1.19660532  1.51703095
   0.4398292   0.81663948  1.74167991  1.19353461  1.14692652  2.52118945
   0.8324517   0.68800306  1.15234542  1.24531746  1.52008212  1.84496725
   1.53586662  0.59280121  0.39953944  1.65262985  0.65558898  1.25362027
   1.10105193  0.93517649  1.685251    1.17614019  1.00687623  0.4264529
   1.29863691  1.2916106   0.7889989   1.24912047  1.93339479  0.91131252
   0.82812864  1.30649495  0.47473267  1.28509688  0.93854988  1.17328691
   1.72979712  1.30036676  0.58165914  0.9459148   0.32078579  2.61336231
   1.50664663  1.09830856  1.0090065   1.95890403  2.00285316  1.04947484
   1.5087229   0.92608023  1.60644674  1.72805262  1.12447035  1.61917615
   1.93678963  2.05899715  0.54482651  1.43100905  2.2188437   1.06504071
   1.99780381  1.25298154  1.30460727 -0.01015372  0.98127937  1.86864197
   1.4233166   0.86014867  1.2157892   1.50799584  1.92493927  1.40729237
   0.75499713  2.24254274  1.72273219  1.88559937  0.91721004  1.37663496
   1.84668422  0.7518633   0.61956292  1.95773911  0.95457917  0.78729701
   1.35556829  1.1986804   1.32613945  2.57485199  1.00504291  2.34436464
   1.08175159  1.04295313  0.95859104  0.77375621  1.36629641  1.32872748
   1.3999126   0.87085474  0.82624173  1.11866581  1.44261205  0.41657272
   0.74090594  0.90973401  0.41799515  1.34985232  1.11605167  1.82177734
  -0.01409509  2.0930326   0.80490273  0.0191065   1.27469826  1.58978653
   0.68904948  0.59018016  2.00458765  2.31505632  0.72848874  1.6652745
   0.31622872  1.52919674  1.09092641  2.79919457  1.34099329  1.14380682
   1.89802563  0.33066091  0.70620835  0.93885535  0.93389779  1.63088572
   1.70377278  2.02951074  2.72283578  0.70020193  1.42145312  1.24000716
   0.48831868  1.25681937  0.84064806  0.10600676  1.26598537  1.06133056
   2.49421453  1.27716088
