 0.68437433  0.98880512  2.16091442  0.82286763  1.59456635  1.29302049
   0.85820639  1.26695204  0.5009926   0.43447822  0.97835404  1.76067507
   0.30063999  0.59641373  0.6842953   0.37154064  1.66537726  0.79187346
   1.52375758  1.09134138  1.41665733  1.56936586  1.6452527   1.70266569
   1.45039999  1.16320693  0.82967699  2.05865455  2.63711023  0.99072415
   1.19106948  1.36324584  1.50288022  0.9437241   1.30076456  1.56792867
   0.8060813   0.56842834  0.90941328  2.31566572  0.25487772  0.49698511
   0.56679672  0.87372464  0.74403566  1.25386977  0.74662977  1.17409706
   1.86916435  1.61135828  1.52140105  1.44798696  0.8579728   0.48862994
   2.05608654  2.4714272   0.84034693  0.81210625  1.25687957  0.36755702
   1.29782188  1.04442871  1.26314747  0.93278801  0.57509452  0.67487806
   1.04169953  1.06606126  0.84250826  1.58874381  0.86094242  1.44589984
   1.64778519 -0.06483034  0.03945346  1.41118169  0.55145019  0.70337427
   1.18653429  1.18446791  0.78661442  1.06257415  1.16181767  1.28935027
   0.32443243  1.20591724  0.70449543  1.7033329   1.2049731   0.18403061
   2.06553602  1.0935998   0.68819851  1.24079752  1.04869318  0.42749095
   0.55662984  1.47117794  0.4384487   1.0382967   1.81195033  1.11716938
   0.43679902  0.30947307  0.10667983  1.67719841  0.94427544  1.72346818
   0.88932276  1.57005525  2.04074955  1.50552821  1.89326739  1.62144506
   1.21236193  0.76724505  1.2101655   1.77880192  1.22257578  0.84958118
   0.73624343  3.02361298  1.34450185  2.45400977  1.2976383   1.35725665
   0.96462756  1.98280966  1.36487019  0.83186442  0.6678654   1.6906023
   0.97892553  1.83353674  1.12784541  1.05988932  1.10148323  0.19594714
   0.50369298  0.97264582  0.92007214  1.01909006  1.35285258  1.25530732
   1.44518375  1.03840137  0.52102613  0.77489161  2.64192843  0.51179278
   1.36505616  0.86595201  1.04191995  1.64557016  0.49783772  1.20147264
   0.86153209  1.45405984  0.86025733  1.70462811  1.33091891  1.32636368
   1.03322363  1.06200016  0.75523072  0.94494623  0.088942    0.62589866
   0.84864163  1.76054108  1.25929153  0.60247505  1.82700348  0.85472798
   1.02725518  2.15576291  1.80408895  1.43944025  2.57553411  1.07365
   0.54711181  1.69836283  0.67707253  1.8848865   1.73435807  1.36102879
   1.25093186  1.66102982  0.66263533  0.95736939  1.30679011  2.11456895
   0.41228127  1.03439462  1.47424424  0.70388794  1.53088439  2.05933881
   1.47765291  1.78099108  1.22076631  1.25904417  0.47108635  0.76939303
   0.70731264  1.06249201  1.24107027  0.94212848  0.58071178  0.80319262
   1.44773102  0.59336555  1.6226418   0.59681654  0.91887122  0.87118334
   0.52936959  1.55493569  0.46582448  1.13788605  0.9834826   1.22204292
   0.80941647  1.27989054  0.93972921  1.4438405   1.90604627  1.66254747
   0.70674759  1.14367652  4.14836454  0.77959567  1.62639558  3.13747883
   1.34079146  1.20916402  1.3212229   1.45758212  1.10740232  1.50404954
   1.08589768  0.95475221  0.8658188   1.29698431  0.16677143  1.63152039
   4.04434109  0.40815058 -0.09011465  1.50712788  0.30518931  1.18172705
   1.08558905  1.89734221  0.35246786  1.34180903  1.22243881  0.96431363
   3.98640823  1.43454766  1.75056565  0.7445448   1.73505437  0.82526219
   1.22023106  1.3339808   0.7745499   0.92514396  0.95240641  1.50502396
   1.73279393  2.25821352  0.76923525  3.21657109  3.30549479  3.31664062
   1.21591556  0.86341864  0.67408144  0.90889496  1.55189991  1.12204552
   0.7846089   1.37506056  0.21317482  1.08655071  1.07062054  0.67692578
   0.32337636 -0.0234133   1.98583066  1.36204147  1.41160309  0.59143287
   0.50636756  1.72479248  1.19795966  1.04293454  0.9567098   0.95692331
   2.50474644  0.99367416  0.89038777  1.16909468  0.93411505  1.57534301
   1.65843272  1.43993187  1.13323331  0.23305744  1.66380608 -0.00908374
   0.87927228  1.36149752  1.25846076  0.84590274  1.6424228   0.18455994
   0.47359636  2.2347331  -0.11264079  1.07420635  1.07199454  2.01740432
   0.66495687  1.66173732  0.53762853  1.28646398  1.4864347   1.20046103
   0.6529879   2.22637296  1.84123802  1.80266345  1.90188503  0.4198972
   1.108518    0.9483211   1.16470098  1.40109682  0.89891714  0.54148304
   0.53962117  0.43878219  1.44891143  0.5715856   1.10110879  1.08266997
   0.88798535  1.2987541   0.98285633  0.61459541  0.82905942  1.08062017
   0.32097965  0.7856288   0.73244762  1.41730714  0.64485413  1.46917176
   0.58841962  0.99766243  0.80940068  1.74926269  1.10612512  1.19080317
   0.85746312  0.58548743  1.86435211  1.04255128  1.11867905  1.47176588
   0.87877762  1.03010297  0.95103341  1.02245438  1.78726602  1.57726634
   2.23271585  0.91024119  0.21845908  2.03372192  0.35894001  1.26133096
   1.53805077  1.01669836  1.37744558  1.08164942  1.53286695  0.18209201
   1.32116282  1.03816748  1.21197295  0.71489716  1.25418329  0.81269026
   0.96453506  0.53564727  0.30713138  1.18820035  1.13098609  1.65380085
   1.66403949  1.30399168  1.1664269   0.45368955 -0.00939701  1.99174201
   1.77509832  0.94835824  0.43610448  1.11198604  2.08935308  1.10385334
   1.87509012  0.71614277  1.43815029  1.69562042  1.10891247  1.49839592
   1.88226557  2.46345997  0.51634914  1.05385387  1.93977273  1.03525686
   1.73528969  1.25086105  1.43930316  0.18294099  0.93866974  2.07372093
   0.96893388  0.8990404   1.52119076  0.78717452  1.26327753  1.23367369
   0.98370403  1.95836091  2.21869326  1.62965524  0.94620746  2.09290504
   1.69155145  0.5437327   0.56263703  1.76316381  1.00390148  0.72569704
   0.98299956  1.10145783  1.80650544  2.37155938  1.32551944  1.56098282
   1.04649365  1.09720373  1.23209763  0.78296518  1.60322845  1.29859197
   1.27292323  1.32177484  0.78030598  1.72416747  1.3249892   0.69077814
   0.60377562  0.76520747  0.72747654  0.94919991  1.00664985  1.86167884
  -0.04976407  1.76352024  0.76306838  0.31835535  1.40364146  1.97702289
   0.80672425  1.21238601  1.65943003  2.09126544  1.03619528  1.486884
   0.54229355  1.96753907  1.22459602  1.56048548  1.48338735  1.21191275
   1.82066107  0.30679104  0.78092605  1.56661677  0.99900502  1.52028263
   1.6077584   1.32309175  1.31381106  0.42446631  0.87218332  1.35057592
   0.89254647  1.30316162  0.64069319  0.11063292  1.22328222  0.85386944
   1.80882478  0.94756526
