  8.69097292e-01   1.11381400e+00   1.98271561e+00   8.15576196e-01
    1.62580180e+00   1.07834005e+00   9.06384230e-01   1.77102339e+00
    6.00967646e-01   7.44653940e-01   1.18804801e+00   1.80909002e+00
    6.30585492e-01  -3.14220861e-02   8.35699439e-01   4.40769941e-01
    1.97237611e+00   7.09794939e-01   2.35172653e+00   1.11651778e+00
    1.46733832e+00   1.39856422e+00   1.82552230e+00   1.24848664e+00
    1.88491821e+00   1.59871018e+00   5.95901251e-01   1.93143892e+00
    2.52807903e+00   1.24840975e+00   1.75510788e+00   1.22300720e+00
    1.76833177e+00   8.17326188e-01   1.14981031e+00   1.70657027e+00
    8.73414040e-01   9.81023669e-01   7.88310230e-01   2.01410675e+00
    4.08407032e-01   2.97346324e-01   7.43980855e-02   6.30931258e-01
    6.94398224e-01   1.13783574e+00   8.40278566e-01   1.24069500e+00
    1.45663595e+00   1.90450132e+00   1.29846203e+00   1.28589666e+00
    8.77441823e-01   6.45622313e-01   2.82023835e+00   2.71991706e+00
    8.13696444e-01   1.47569168e+00   1.27886307e+00   9.94193017e-01
    1.44906473e+00   1.12950814e+00   1.26077342e+00   9.37546551e-01
    8.28887939e-01   2.71847874e-01   1.05119979e+00   1.19685853e+00
    1.21565628e+00   1.12551653e+00   1.00170112e+00   1.37382174e+00
    1.83263278e+00  -6.92040846e-03   1.29605636e-01   1.46012437e+00
    8.50217462e-01   8.11361074e-01   1.07397234e+00   9.85817373e-01
    7.90639699e-01   9.85464096e-01   1.04860449e+00   1.46711659e+00
    9.67602372e-01   1.17878807e+00   5.89395583e-01   1.88380909e+00
    1.28471565e+00   3.15833956e-01   2.27398658e+00   1.71944141e+00
    9.99867618e-01   9.69566703e-01   1.60279715e+00  -1.75026320e-02
    7.23511517e-01   1.42174816e+00   3.16759467e-01   7.27641284e-01
    1.95011568e+00   1.15913677e+00   4.69514638e-01   4.09444958e-01
    6.70043409e-01   1.60975516e+00   9.35030282e-01   1.66259384e+00
    1.16069102e+00   1.81825745e+00   2.27754307e+00   2.47863245e+00
    2.52303553e+00   1.70263660e+00   1.56249285e+00   9.27159905e-01
    1.65653229e+00   1.72989404e+00   1.45675254e+00   7.37266660e-01
    6.31247699e-01   3.16924691e+00   1.62705994e+00   1.34192228e+00
    8.03847313e-01   1.91026652e+00   1.81621623e+00   1.74759591e+00
    1.54874063e+00   8.28928947e-01   4.92615670e-01   2.06205869e+00
    1.57156491e+00   1.74377561e+00   1.50659716e+00   9.98992264e-01
    1.14529419e+00  -1.25012817e-02   1.07524836e+00   1.26717544e+00
    1.07900679e+00   1.19735801e+00   1.24073851e+00   2.02785635e+00
    1.01623213e+00   1.27339041e+00   5.71948826e-01   6.22929513e-01
    2.84883308e+00   5.60573041e-01   1.31646669e+00   7.47506261e-01
    1.21266210e+00   1.23724258e+00   1.07526767e+00   1.50360262e+00
    1.26214516e+00   1.39877427e+00   6.12973034e-01   1.69080651e+00
    1.55979717e+00   1.23840988e+00   1.33732057e+00   1.09883618e+00
    9.47079182e-01   9.72435474e-01   4.26064163e-01   3.07876736e-01
    9.49096441e-01   2.11711979e+00   1.17784047e+00   6.51219964e-01
    1.63826036e+00   8.48885834e-01   2.03838110e+00   1.24631417e+00
    2.05994010e+00   1.37250137e+00   2.75768638e+00   7.82563984e-01
    8.36993217e-01   2.55333042e+00   9.96448874e-01   1.94394588e+00
    1.91470051e+00   1.73505032e+00   1.78295732e+00   1.49984777e+00
    7.14761317e-01   8.85001242e-01   1.35453951e+00   2.32138062e+00
    1.34927571e-01   1.06206417e+00   1.58005476e+00   1.05192816e+00
    1.88902998e+00   3.42906857e+00   1.13405442e+00   2.15120602e+00
    1.23694229e+00   1.53111804e+00   3.96926552e-01   9.94600236e-01
    5.79383850e-01   1.41904497e+00   1.31869614e+00   6.10699534e-01
    5.97226739e-01   6.42845690e-01   1.07532752e+00   9.05630767e-01
    2.10641241e+00   7.66048729e-01   1.02806497e+00   9.12220597e-01
    1.13437283e+00   1.35825920e+00   6.39954448e-01   1.07795131e+00
    1.02601898e+00   1.39719617e+00   1.28279924e+00   1.46651483e+00
    8.25054467e-01   2.07164359e+00   1.28006411e+00   1.67637312e+00
    1.17705965e+00   1.02697945e+00   4.43250465e+00   1.01168168e+00
    1.50901508e+00   3.32758951e+00   7.46749699e-01   1.96076524e+00
    1.34897912e+00   1.26048779e+00   7.52258122e-01   1.57902551e+00
    1.29714823e+00   1.03124130e+00   8.32836032e-01   1.87358797e+00
    6.57164276e-01   1.28774571e+00   4.20342302e+00   6.32015646e-01
   -9.42915902e-02   1.82466090e+00   3.20693165e-01   1.31129229e+00
    1.38755703e+00   1.71416974e+00   7.52243996e-01   2.14710808e+00
    1.11648250e+00   1.27856290e+00   4.88620472e+00   1.39613080e+00
    1.90322399e+00   1.24021840e+00   1.73791409e+00   8.16397548e-01
    1.51500523e+00   1.17194057e+00   5.33754885e-01   1.58013344e+00
    8.22615206e-01   9.59126115e-01   1.95888042e+00   2.52919984e+00
    1.01940072e+00   3.06754637e+00   3.41525197e+00   3.24223042e+00
    1.18508768e+00   7.49449849e-01   7.02406704e-01   1.06392097e+00
    1.29894650e+00   9.68859673e-01   1.18467009e+00   9.99988198e-01
    3.68399858e-01   1.04215097e+00   1.66862500e+00   4.86102879e-01
    3.27420264e-01  -1.89800703e-04   2.12539172e+00   1.19120359e+00
    1.49952734e+00   6.87872112e-01   3.44937980e-01   1.66993308e+00
    1.13848186e+00   1.63667095e+00   1.18832469e+00   9.20864642e-01
    3.25412607e+00   1.02403045e+00   8.54521394e-01   1.17127907e+00
    1.69575655e+00   1.64253461e+00   1.60292923e+00   1.34472895e+00
    9.31563079e-01   1.90985307e-01   1.66928339e+00  -8.88404343e-03
    8.58935058e-01   1.44718456e+00   9.38713551e-01   1.20822310e+00
    1.75729513e+00   3.16812277e-01   8.58827829e-01   2.37343645e+00
   -2.30097882e-02   1.09024930e+00   9.03197527e-01   2.62366843e+00
    4.25793141e-01   1.55829382e+00   5.14852941e-01   1.07113981e+00
    9.71316457e-01   1.66270006e+00   9.83616233e-01   2.27799702e+00
    1.80490649e+00   1.84720671e+00   1.67833912e+00   5.18566728e-01
    1.06302822e+00   1.03376567e+00   1.25240910e+00   1.55155897e+00
    7.39806592e-01   4.77996379e-01   1.57558322e+00   1.10420346e+00
    1.36643779e+00   4.70772386e-01   1.11373055e+00   1.09961677e+00
    1.75617528e+00   1.82195687e+00   8.27526450e-01   6.76105499e-01
    7.42077887e-01   1.10254002e+00   1.91592240e+00   1.30592716e+00
    1.08715761e+00   1.95795298e+00   8.00528705e-01   1.63466275e+00
    9.18823600e-01   1.08965290e+00   5.87850153e-01   2.17543507e+00
    1.76007783e+00   1.49395370e+00   7.37810493e-01   9.66220021e-01
    2.11521411e+00   8.51528108e-01   1.48958528e+00   1.56543672e+00
    8.78331542e-01   1.23670971e+00   1.01924241e+00   8.89114678e-01
    1.98514867e+00   1.89463472e+00   2.30410409e+00   4.54020053e-01
    7.32542753e-01   1.67659879e+00   8.74117255e-01   1.27281129e+00
    1.27574134e+00   1.03527212e+00   1.15854251e+00   1.09605634e+00
    1.65888011e+00   6.25800431e-01   1.26114023e+00   1.01286721e+00
    1.22072852e+00   7.38791645e-01   1.65154362e+00   7.86814094e-01
    1.34800124e+00   1.21206045e+00   1.86345369e-01   1.27695584e+00
    1.00729001e+00   1.64079082e+00   1.64446890e+00   1.46126246e+00
    9.05757964e-01   8.68493497e-01  -4.98274378e-02   2.46496534e+00
    2.04024029e+00   1.09930217e+00   8.29796493e-01   1.14881968e+00
    2.50607705e+00   1.04128540e+00   1.89533961e+00   6.17233753e-01
    1.88316190e+00   1.59049010e+00   1.24391818e+00   1.07671845e+00
    2.44077563e+00   2.56986427e+00   1.08257759e+00   1.23876941e+00
    2.06256413e+00   1.03576303e+00   1.87390184e+00   1.26344085e+00
    1.70711911e+00   7.16400981e-01   1.25779557e+00   2.09428573e+00
    8.17907989e-01   1.09023666e+00   1.14713359e+00   1.60198891e+00
    1.92312813e+00   7.90374994e-01   8.23345125e-01   2.42725110e+00
    2.27205825e+00   1.64161503e+00   9.84308958e-01   1.82181525e+00
    1.75790536e+00   6.21203840e-01   4.95767981e-01   8.85844588e-01
    1.01903403e+00   8.76377404e-01   6.72327280e-01   1.29700243e+00
    1.59508538e+00   2.51984549e+00   9.87442553e-01   1.93744588e+00
    1.19594622e+00   1.19233608e+00   1.75265336e+00   7.65322089e-01
    1.81992710e+00   1.37061262e+00   1.96209037e+00   1.56550908e+00
    1.14397109e+00   2.09968972e+00   1.45013130e+00   1.13018882e+00
    9.11575437e-01   5.72479844e-01   4.94035363e-01   1.05461943e+00
    1.26510739e+00   1.95818806e+00   1.06085449e-01   1.87871253e+00
    5.41403353e-01   7.53424883e-01   1.49870503e+00   2.01306033e+00
    1.14656746e+00   7.06185818e-01   2.12016606e+00   2.06434035e+00
    1.12375510e+00   1.87807667e+00   1.25535655e+00   1.53115582e+00
    1.20018065e+00   1.73936963e+00   2.31947851e+00   1.27297103e+00
    1.88919640e+00   4.41192508e-01   1.19531012e+00   1.32482219e+00
    1.15858722e+00   1.77047956e+00   1.52319837e+00   1.38750565e+00
    1.35115492e+00   6.75089300e-01   1.31087625e+00   1.87702298e+00
    8.86842608e-01   1.22490501e+00   1.87250507e+00   2.97859311e-01
    1.61935723e+00   9.78906751e-01   1.60071874e+00   6.90937459e-01
