 0.70620835  1.54567814  1.7412082   0.76739264  1.94590533  1.24558663
   0.66799712  2.25402641  0.73986065  1.20161629  0.82820296  1.3064537
   0.47218898 -0.01874569  0.71753091  0.69224817  1.36883295  0.6579411
   1.87107408  1.1067245   1.04948056  1.15043342  1.93272495  1.52999353
   1.4530375   1.13525021  0.62406343  2.03202438  1.85314548  1.07981217
   1.09316194  0.97534639  1.86738086  0.96847141  1.3189497   1.53038538
   0.51844424  1.87038434  1.12349415  1.77411556  0.33862969  0.53784186
   0.53384876  0.63855743  0.72611362  1.21366489  0.9095363   1.12464035
   1.54309523  2.00736237  1.63181353  1.2057004   1.25459337  1.45275187
   1.98378861  2.11158133  0.88388777  0.49584177  1.20570314  1.38594818
   1.31997812  0.98334599  1.2443949   0.81330121  0.84330827  0.32995006
   1.05561376  1.10089338  1.46687913  1.87686491  1.03840423  1.5414319
   1.77205145  0.41527382  0.16924177  1.88472474  0.44920942  0.81689459
   1.05705607  1.04692197  1.21447861  0.903117    1.28341317  1.17291951
   0.4738346   1.24709916  0.76114041  1.56964898  1.20523405  0.22972687
   1.26909006  1.62500751  1.77474177  1.2358644   1.44885457 -0.01877256
   0.52616858  1.44305706  0.45323488  0.75339288  1.81654119  1.07506263
   0.51144487  0.186215    1.15712404  1.43667328  0.6158753   1.70276976
   0.83347571  1.61523795  2.65287161  1.97398353  1.72550786  1.79518402
   1.00124669  0.80262864  0.87133574  2.43433189  1.37259102  1.0500356
   0.69793802  2.66894484  1.87219548  1.45135176  1.0770489   1.52426088
   1.30655956  1.90908325  0.931521    0.82600445  0.79658961  1.55409503
   1.09936607  1.97502387  1.36766291  1.26496243  0.97167635  0.03446495
   0.73993063  2.19705844  0.77299285  0.75473481  1.12648642  1.70889008
   0.64871526  1.12487459  1.12332964  0.58529544  2.63373899  0.48274016
   2.11541557  0.41693506  1.07097065  1.3583045   1.18673408  1.21828508
   1.41066051  1.39705229  0.75685745  1.5516907   1.32926416  1.29797053
   1.10027134  1.25577056  0.6695208   0.94582689  0.94687146  0.85681683
   0.98389012  1.8149997   1.14439464  0.65279484  1.58788192  1.75357044
   1.08651614  1.56776583  1.79655123  1.22405267  2.55341363  1.20124388
   1.18298542  1.78102779  0.9067806   1.62620938  1.35988879  1.64238095
   1.48124802  1.52611053  0.72480398  1.11832082  1.47652888  2.06466579
   0.32079658  1.08460641  1.325737    1.50037217  1.51090419  2.65555835
   1.52331948  1.85366833  1.43476236  0.71912986  0.62493944  0.89536995
   0.48269066  1.77190638  1.31875014  0.91439509  0.80704266  0.8985073
   0.9266907   0.82160228  1.86827362  1.71546602  0.62175524  0.83199686
   1.15505123  1.66650045  0.62621623  1.34221983  0.96535808  1.14210033
   1.13057923  1.39286029  0.82758594  1.6882267   1.39975154  1.37218571
   0.74547672  0.96637362  3.74388576  0.89377511  1.66600108  3.60951686
   0.55524439  1.18228185  0.97068578  1.15169585  1.27130318  1.65162683
   1.20229542  1.32799399  1.13854313  1.10621917  0.05556532  1.756091
   3.6113205   0.77641249  0.02082264  1.12429869  0.30144024  0.8274377
   1.24276412  1.60382318  0.27317998  1.67151666  1.4133414   1.4803828
   4.09999418  1.11928058  1.44665492  1.07753134  1.71867752  0.75341314
   0.87477219  1.19704008  1.25815606  1.22798836  0.87640125  1.20899856
   1.53249192  1.43413579  1.42191684  3.10425234  2.88810921  3.11058068
   1.14638066  0.99941665  0.87843096  0.9662478   1.65612531  1.1451993
   0.73888129  1.67370772  0.61038017  0.62464565  1.37309897  0.53200096
   0.51840723 -0.00843653  1.07580602  0.96579123  1.55148911  0.67776281
   0.56686014  1.36381161  1.44744992  1.16029084  1.19332588  1.6742301
   3.00132775  1.10969365  0.86738771  1.16696942  0.87832206  1.57930934
   1.3487103   0.99837428  0.99020278  0.60627955  1.37830615 -0.01598109
   1.03939545  1.45896006  1.17686379  0.37191364  1.79297614  0.36692378
   0.55706972  2.3933177  -0.08976107  0.94830006  1.07200861  2.59340215
   0.42635861  1.91455066  0.60966468  1.30577016  0.86787397  1.05907845
   0.86268711  1.7174201   1.87162781  1.84468532  1.66002977  0.34519431
   0.93543953  1.08322632  1.18304241  1.35032225  0.91329932  0.51544249
   1.23208666  1.22784126  1.41273427  0.90666795  1.01479328  0.88436007
   1.37167168  1.25139248  0.95009428  0.65354311  1.04274082  1.12086856
   0.31352016  1.24208295  0.86789995  1.44906867  0.76372713  1.71911645
   0.91242522  1.26490891  0.74242193  1.18302429  1.71506536  1.34902811
   0.6612978   1.26907885  1.67034733  1.12127662  0.99226809  1.49131978
   0.97829413  0.66603798  1.14148378  1.1234169   2.81727982  1.59486187
   1.16824853  0.47902307  0.9484452   1.8664856   0.60974848  1.26307595
   1.47409129  1.2944845   1.23370218  1.26908636  0.96384013  0.52988762
   0.84318274  1.01899076  1.02530897  1.3969754   1.60339594  0.94880342
   0.88888937  0.58865988  0.25143901  1.06610858  0.78109694  1.72416711
   1.54759073  1.28247511  0.21468806  0.91550905 -0.02626654  1.80522442
   2.16706109  0.92224127  0.80822647  1.35792959  2.67469215  0.42310563
   2.15342879  0.89290094  1.46983206  1.68934786  0.43857875  1.02289844
   2.0399816   2.30312133  1.18892682  1.36432314  1.85265541  1.00200868
   1.58388484  1.5050509   1.6319598   0.41921821  1.25613165  1.320714
   0.93471998  0.89128983  1.6815455   0.90201193  1.62850225  0.83581889
   0.97654986  1.82463014  1.63928092  1.63119149  1.22703147  1.47535884
   1.52579558  0.36111125  0.65777504  1.28133821  1.03369522  0.98026973
   1.32607031  1.02217555  2.25068021  2.09917855  1.35859716  2.04210138
   0.85810095  1.07629085  1.13542747  0.78052592  1.50569844  1.33838236
   1.78238988  1.12511528  0.87713677  2.1599524   1.88907301  0.88238138
   0.66652149  0.61137736  0.91868442  0.61924553  1.68163049  2.02155399
  -0.01008862  1.8549248   0.56517029  0.68615967  1.01846802  1.45179498
   1.47479987  0.68199629  2.18540311  2.38659048  1.62037063  0.99178386
   0.57646358  1.26802313  1.09086359  1.23844361  2.08084226  1.12686825
   1.82900715  1.26948512  0.89066589  1.23689091  0.84178001  1.22829342
   1.66153848  1.46321881  1.58513343  0.50337946  0.73726755  1.6729424
   0.74204916  1.39754546  1.14463043  0.11052245  1.19338119  0.97752076
   2.35069418  0.85560578
