  1.25497687e+00   1.63590097e+00   2.12579632e+00   7.83384860e-01
    2.03772449e+00   1.46777952e+00   8.95375729e-01   2.71227956e+00
    8.70788693e-01   1.06636477e+00   8.41725886e-01   2.00454879e+00
    7.36806691e-01   2.60788798e-01   1.02272642e+00   3.83639514e-01
    1.85845304e+00   6.40151441e-01   1.56256485e+00   1.18220425e+00
    1.49297869e+00   1.34259856e+00   1.31066453e+00   1.48802280e+00
    1.47377717e+00   1.29667437e+00   6.21988654e-01   2.85098004e+00
    3.10358429e+00   8.47447515e-01   2.41435242e+00   1.16063523e+00
    2.25694251e+00   8.25685143e-01   1.80177975e+00   1.73394549e+00
    5.26675165e-01   1.00971365e+00   6.70442224e-01   2.07256699e+00
    2.02100337e-01   4.45393711e-01   6.90213442e-01   5.38178027e-01
    7.05852032e-01   1.04332459e+00   1.08872867e+00   1.16370463e+00
    1.87987494e+00   1.52169716e+00   1.74587345e+00   1.97141290e+00
    7.28463411e-01   7.29332626e-01   2.27841544e+00   1.76021314e+00
    1.05390334e+00   7.68622816e-01   9.01480496e-01   4.59214807e-01
    1.29826510e+00   1.63762426e+00   1.27705574e+00   8.23151112e-01
    3.93413186e-01   3.71971160e-01   1.04603815e+00   1.23968959e+00
    9.56306279e-01   3.14568973e+00   1.60265434e+00   1.51377201e+00
    2.33726668e+00   3.66531760e-02   2.54807860e-01   1.46046948e+00
    6.31054163e-01   1.63437080e+00   1.15316474e+00   1.16698003e+00
    9.56824303e-01   9.78449047e-01   1.36968005e+00   1.58510280e+00
    1.23055160e+00   1.11502767e+00   8.57529759e-01   1.50887966e+00
    1.26027954e+00   1.93997592e-01   9.04230475e-01   1.52805269e+00
    2.17182946e+00   1.35625446e+00   2.27055097e+00   4.30236280e-01
    6.04755402e-01   1.32648480e+00   7.63683140e-01   1.25316095e+00
    2.05540347e+00   1.14013624e+00  -1.40806083e-02   1.94944872e-03
    7.63424456e-01   2.87341809e+00   9.26874220e-01   1.18591964e+00
    3.56308073e-01   1.70896661e+00   3.24548912e+00   1.29039311e+00
    1.76298201e+00   1.60219419e+00   1.31672060e+00   8.95367265e-01
    1.47704363e+00   2.51273727e+00   1.60605359e+00   1.09488833e+00
    1.15346658e+00   2.32122636e+00   1.60761535e+00   1.64922774e+00
    1.24471152e+00   1.57129395e+00   1.41135073e+00   2.30948496e+00
    1.24179184e+00   8.32138777e-01   8.11412096e-01   1.61873996e+00
    1.03587759e+00   2.43011498e+00   1.70900857e+00   1.19161487e+00
    1.23944890e+00   8.58497843e-02   1.01861191e+00   1.61767185e+00
    6.42035484e-01   7.81738758e-01   7.43551552e-01   2.25054836e+00
    9.34711397e-01   1.44579363e+00   1.29799950e+00   6.02650344e-01
    3.33273363e+00  -5.46604581e-02   1.43366420e+00   6.75882280e-01
    1.09494841e+00   1.38123083e+00   7.63776064e-01   2.03523779e+00
    1.32275832e+00   1.58321476e+00   1.09320617e+00   1.41995776e+00
    1.48506606e+00   1.20784640e+00   1.47481072e+00   1.26408648e+00
    1.74109507e+00   9.46970761e-01  -1.85272601e-02   1.50596738e+00
    5.82473874e-01   1.80642748e+00   1.21679819e+00   5.38327992e-01
    1.81822121e+00   1.50593305e+00   1.06792176e+00   2.08417535e+00
    1.99287105e+00   8.26593041e-01   2.06247020e+00   1.38189542e+00
    9.58250940e-01   1.71052957e+00   9.03321207e-01   1.47730315e+00
    1.77372360e+00   1.74386144e+00   1.42874384e+00   1.51828301e+00
    8.45948279e-01   1.11227393e+00   1.33614612e+00   1.88250721e+00
   -4.86581437e-02   1.66380084e+00   1.10006988e+00   5.95013022e-01
    2.39978528e+00   2.24347687e+00   1.72904038e+00   2.31767654e+00
    1.72251439e+00   7.92234421e-01   5.00924766e-01   1.12086022e+00
    1.51688194e+00   1.22626936e+00   1.26497483e+00   9.74671900e-01
    1.17208779e+00   8.35920036e-01   1.18255472e+00   1.14523411e+00
    1.33398736e+00   2.18624592e+00   9.65202391e-01   8.92378330e-01
    1.53860068e+00   1.33694232e+00   7.76803374e-01   1.82241905e+00
    1.01140893e+00   1.25799906e+00   7.76367843e-01   1.29935074e+00
    6.73868060e-01   1.63934302e+00   1.02700400e+00   1.54497981e+00
    7.37786412e-01   1.09061408e+00   4.86460686e+00   7.63084650e-01
    1.73533499e+00   3.39149737e+00   7.49000072e-01   1.04398632e+00
    1.34631050e+00   1.03741682e+00   9.20917749e-01   1.74841201e+00
    1.74200845e+00   1.34321988e+00   9.09653783e-01   1.45957053e+00
    8.31952170e-02   1.96794045e+00   3.45303965e+00   7.24178612e-01
   -7.50081092e-02   1.70092046e+00   3.20483297e-01   4.20875728e-01
    1.44013655e+00   1.79587853e+00  -2.85556670e-02   2.01199102e+00
    1.87586415e+00   1.80921447e+00   3.85691547e+00   1.49339962e+00
    1.19176269e+00   1.32048476e+00   1.73673296e+00   9.37255621e-01
    1.32172513e+00   1.39126611e+00   9.75346088e-01   1.31956649e+00
    1.03909969e+00   8.61994505e-01   1.57923722e+00   1.79325807e+00
    1.64844882e+00   2.86058307e+00   2.82669401e+00   3.13659978e+00
    1.70849502e+00   7.86051452e-01   5.91526508e-01   1.38077569e+00
    1.16590357e+00   1.29220724e+00   7.13592291e-01   1.65481865e+00
    1.03633916e+00   6.01175189e-01   1.53984034e+00   8.94844413e-01
    1.14503384e+00   8.94940719e-02   1.27978945e+00   3.22109014e-01
    1.76984620e+00   7.32203960e-01   4.90143597e-01   1.41454148e+00
    2.05609703e+00   1.08957052e+00   9.91094947e-01   9.51915681e-01
    4.16121054e+00   1.14938056e+00   8.89599144e-01   1.16851342e+00
    5.41122317e-01   1.57629728e+00   1.57016361e+00   1.21192288e+00
    1.91975522e+00   2.71837145e-01   1.39585686e+00   5.74259937e-01
    1.30233276e+00   1.49582231e+00   8.89919519e-01   6.03903472e-01
    1.58832097e+00   1.07685065e+00   3.14834058e-01   2.94309473e+00
   -1.14051066e-01   8.69011164e-01   1.73279154e+00   2.25992155e+00
    4.28636402e-01   2.61539888e+00   6.33535147e-01   1.31074321e+00
    1.34724343e+00   8.57594550e-01   9.63407874e-01   1.84106874e+00
    1.76839495e+00   2.41756916e+00   1.60187447e+00   6.13244653e-01
    1.29304802e+00   1.12931454e+00   1.27438772e+00   1.12837470e+00
    8.82907152e-01   6.77061498e-01   1.65969741e+00   1.13727105e+00
    9.46726799e-01   1.71490765e+00   1.35275269e+00   1.04088593e+00
    1.92543066e+00   1.56908059e+00   1.41802716e+00   6.26373112e-01
    1.11664021e+00   1.28339720e+00   3.63640279e-01   1.05786872e+00
    1.13907027e+00   1.62415314e+00   6.10619962e-01   1.78479862e+00
    1.86959195e+00   1.93350887e+00   6.51976049e-01   8.18576396e-01
    2.25958395e+00   1.42444551e+00   4.99656498e-01   7.90838540e-01
    2.01278067e+00   2.01918340e+00   1.06119442e+00   1.46542954e+00
    1.13983536e+00   5.29299915e-01   1.25237668e+00   1.31280982e+00
    1.55271518e+00   1.46256578e+00   1.69436669e+00   5.99992096e-01
    6.04025006e-01   1.82118404e+00   8.60889137e-01   1.60362458e+00
    1.54159248e+00   1.20253885e+00   1.14476025e+00   1.15760195e+00
    1.36330426e+00   2.26270795e-01   1.45985138e+00   1.74349844e+00
    1.21986806e+00   9.94470417e-01   1.65573168e+00   7.00312257e-01
    8.67905140e-01   8.38133693e-01   4.03557777e-01   1.61435997e+00
    6.15672231e-01   1.28845882e+00   1.61731946e+00   1.19117427e+00
    1.51808119e+00   6.41563475e-01  -8.40224847e-02   1.80396092e+00
    2.31903338e+00   1.56424439e+00   1.35540545e+00   1.56040096e+00
    2.27816176e+00   1.33492386e+00   1.84851897e+00   1.00909078e+00
    1.52837205e+00   1.69014359e+00   4.89733636e-01   9.74329174e-01
    2.04250622e+00   2.03922272e+00   1.48347390e+00   1.43671811e+00
    1.85802269e+00   9.98477697e-01   2.02261400e+00   2.14014816e+00
    2.30270553e+00   8.48412141e-02   1.23019588e+00   1.35758710e+00
    1.40004110e+00   1.03834426e+00   1.52369630e+00   8.04217517e-01
    1.65937924e+00   8.22204530e-01   1.09166777e+00   1.85946012e+00
    2.27724385e+00   2.86371899e+00   1.32095063e+00   1.99835265e+00
    1.68272519e+00   9.38995481e-01   7.31297731e-01   1.84087026e+00
    1.09893107e+00   1.03079224e+00   2.13025331e+00   8.64577293e-01
    2.00032210e+00   2.13528991e+00   1.53237581e+00   2.18071866e+00
    7.41259396e-01   1.15868700e+00   1.71341753e+00   7.73187637e-01
    1.55008566e+00   1.22440565e+00   2.01198339e+00   1.45484126e+00
    1.02541733e+00   2.18508720e+00   1.22759700e+00   1.17018867e+00
    6.05300069e-01   9.61744308e-01   1.18566370e+00   1.10381281e+00
    1.16251135e+00   2.13934064e+00  -5.12802713e-02   1.64998567e+00
    6.98178589e-01   7.86708653e-01   2.14978218e+00   2.39362407e+00
    9.05551434e-01   1.24874926e+00   2.34826255e+00   2.14086819e+00
    1.81938076e+00   1.88423514e+00   4.50627655e-01   2.77112079e+00
    1.12914276e+00   1.11571324e+00   1.40331495e+00   9.75943804e-01
    1.89178014e+00   6.17674947e-01   9.87395287e-01   1.36886442e+00
    1.02631903e+00   1.16882002e+00   1.66203189e+00   1.27102256e+00
    1.53287685e+00   8.96940470e-01   1.01983559e+00   1.96320438e+00
    1.51572323e+00   1.50450575e+00   1.16833842e+00   8.22955891e-02
    2.41123915e+00   8.93070400e-01   2.18280315e+00   1.05415797e+00
