 0.47382486  2.23805285  1.07044053  0.71434277  0.92872459  0.75011623
   1.6652205   2.13142896  0.68054521  1.03283763  1.08096349  1.74914515
   0.59292442  1.51151872  0.54956293  0.53862458  1.42055821  0.70655918
   1.05569208  1.07119739  1.12497914  1.39274931  2.32523799  1.63886464
   2.02695417  1.06396389  0.8135559   2.93398786  3.21251059  0.72493893
   2.16052151  1.24497318  1.68402529  0.86437714  1.26194525  1.62359214
   0.87216628  1.27692628  1.26128089  1.70667291  0.52154559  0.53786367
   0.49981436  0.99604583  0.75669116  1.17309678  0.88571852  1.25329161
   1.57527184  1.67907465  2.33270288  1.81054378  0.76251328  0.80822664
   2.41778231  1.67695034  1.04890978  0.98737711  1.77866387  0.32795396
   1.30328977  0.63650298  1.35796428  0.88125175  0.69111556  0.67595321
   1.04864681  1.1063199   1.62033617  2.31131935  1.68715751  1.28611231
   1.37894869 -0.0807062  -0.01862162  1.37436676  0.70573503  1.81265616
   1.24584949  1.08940089  1.02908325  0.83735543  1.3973707   1.38219142
   0.36220589  1.06131816  0.70141578  1.96820641  1.17732215  0.86965513
   1.74827135  1.65826142  2.37294364  1.36288464  1.45951426  0.86112124
   0.56271738  1.13450301  0.62335455  1.20722997  1.79360116  1.08943307
   1.08914471 -0.03767101  0.56402194  1.91828358  1.06619155  1.09578073
   0.36579609  1.27739584  3.07958889  1.39405978  1.79764104  1.65087676
   1.37515903  0.62755591  1.23064125  3.08655286  1.52957177  0.82065845
   1.12886035  2.17049837  1.8558923   1.0001688   1.22329998  1.32935941
   0.58521563  1.87707973  1.29015076  0.83040363  0.75653964  1.54046929
   0.72521269  1.98662174  1.72897482  0.89157712  0.78629577  0.04862589
   0.99864262  1.74646771  0.63449961  0.8104077   0.52780783  1.19240475
   0.65497804  1.64150584  0.75474548  0.54238927  2.46555853  1.1762054
   1.6816467   0.87248248  1.00545752  1.31140101  1.11313522  1.71378028
   1.73241436  1.31765032  0.82917929  1.81078839  1.16852808  1.2790606
   1.05792308  1.12623727  1.64828718  0.90505934  0.39714691  1.81413114
   0.68074685  1.48208809  1.10335195  0.6898554   1.66330457  1.78799081
   1.58613646  1.31706476  1.80792046  0.85391343  2.11858606  0.98682183
   1.85491359  1.8308121   1.42752993  1.20099652  1.32253778  1.29461849
   0.9367041   1.28437519  0.83730924  1.11044371  0.99343759  2.12611413
   0.90499455  1.24516356  1.1044811   0.62269831  1.85832632  1.97943854
   1.19991028  2.48009968  2.33995891  1.0520587   0.36593509  1.46005213
   1.75722492  1.16541958  1.25246429  0.72432703  0.73507768  0.9557721
   1.63912785  0.8918063   1.24804497  2.35923219  0.57184494  1.16709399
   0.56099027  1.10577059  0.58188754  2.01495647  0.99367321  1.22051442
   0.84273088  1.48316693  1.73172426  2.36490512  1.19699264  1.79604137
   0.94508678  1.06572664  4.21056223  0.78255355  1.46815896  2.40489721
   0.77300805  2.02586913  1.07222497  1.14441621  1.08960128  1.63020408
   2.33862042  1.29698443  0.67930305  0.76245582  0.37772003  0.91052294
   2.55068707  0.53055412 -0.05964021  1.57806468  0.39805919  0.91440088
   1.61137354  1.41281295  0.19829527  1.8773241   1.23447728  0.94437152
   2.60424685  0.92253941  1.13524878  1.16852164  1.72372389  1.90099537
   1.71350515  0.96244442  1.29557788  1.42706227  0.75493413  0.91800106
   1.34611523  2.44616699  1.37600362  2.87729239  2.94229484  2.51736331
   0.97206044  1.35101223  0.6493721   1.26831925  1.86891437  1.53021383
   1.06097937  1.59844398  1.00520384  0.71898621  0.7002691   0.94016492
   0.38282767  0.30824837  1.82159829  0.34611061  1.5165534   0.64452076
   0.33213404  1.26300097  1.37510073  1.77237892  0.92244262  0.68063837
   3.27683163  1.03790092  0.89974928  1.16713393  1.2402482   1.57920051
   1.23707867  1.06397951  1.90529978  1.54321134  1.62531137  0.18977928
   1.35099113  1.38106656  1.13000011  0.50866264  1.51207983  0.35650888
   0.34878135  2.58400846 -0.0480033   1.22657084  1.36831224  1.55937457
   0.42842981  2.35711694  0.59617162  1.31003821  1.38771772  1.31439853
   1.02523041  1.9609189   1.75794291  2.19548678  1.25624049  1.28724694
   0.92983174  0.68816584  0.91966194  0.83830816  0.73826069  1.68796134
   1.07130408  0.96758813  1.32381284  1.75573754  1.11221063  0.96613002
   2.28520107  1.972013    1.15134656  0.66328585  0.72324538  1.42461431
   0.83901614  0.536704    0.91880816  1.80769062  1.29702508  1.96253955
   1.41111219  2.16874719  0.81457675  0.39428481  2.11363125  1.28815258
   0.53772998  0.9937197   1.43021011  0.9489001   1.5518657   1.71258342
   1.05022037  0.33458933  0.87744462  1.37588453  1.63220775  1.21426582
   1.32647395  1.09336221  1.45311141  1.40579212  0.5028736   1.25731432
   1.41771448  1.53268182  1.72342825  1.2507242   1.65927875  0.13385391
   1.54234314  1.46182275  0.92548841  0.85145181  2.05618238  1.25776577
   1.07813275  0.31739765  0.85778463  1.32225347  1.29119778  1.10419023
   1.512043    1.29817104  2.30721426  1.05892003  0.30016863  1.40612519
   1.55923522  1.4343344   1.24555588  1.75864065  2.15039968  1.90816474
   1.559659    0.59652889  1.27234626  1.80712962  0.66817331  0.87468928
   1.86919618  1.7334193   1.50661945  1.43719673  1.93229198  0.95933539
   1.97140145  1.56803524  1.21741819  0.05927105  1.96405959  1.60165012
   0.83618271  1.55942869  1.24866152  2.09490728  1.93523717  0.95806503
   0.94462949  1.81667364  1.7557081   1.77033889  1.27517033  1.62488127
   1.52517545  1.1295352   0.66968524  1.53082132  1.00207508  1.01753187
   1.75770521  0.59655738  1.60704803  2.24690914  1.26686978  1.97821093
   1.18678224  1.13621521  1.97430456  0.77559221  1.21638024  0.89367771
   1.33415437  1.05140591  1.16847742  1.78007042  1.63308573  0.83089119
   0.83355176  1.17074096  1.60709238  0.63654619  1.17982912  1.43523204
   1.12572324  1.59549332  1.32882643  0.50050527  1.55012071  1.44043076
   1.0228014   1.06684482  2.30882192  2.69257927  1.59888721  1.02720737
   0.5656479   1.9466306   1.06041598  1.33791232  1.89487994  0.80633676
   1.67430151  0.20202443  0.96877199  1.05813503  0.75743204  1.61826849
   1.44674385  1.39191425  1.84543169  0.52017105  0.33044344  1.45688844
   1.17644298  1.58475816  0.91992474 -0.0274136   2.17937922  0.76142144
   1.41973615  1.27685237
