  6.80690467e-01   1.07270968e+00   1.43431950e+00   7.13705897e-01
    1.16062701e+00   5.67366362e-01   1.62834883e+00   2.17179561e+00
    8.30565691e-01   1.27934062e+00   1.44915950e+00   1.41038787e+00
    7.89854765e-01   8.54662299e-01   6.55211151e-01   1.24874640e+00
    1.55986607e+00   7.24570274e-01   1.57318926e+00   1.06849003e+00
    1.24790728e+00   1.50158691e+00   1.95839131e+00   2.14784956e+00
    1.37562752e+00   1.08346200e+00   9.32760537e-01   2.55820155e+00
    3.86427331e+00   1.24047256e+00   2.21881723e+00   1.34123659e+00
    1.74951661e+00   1.14702690e+00   1.09787691e+00   1.94506049e+00
    7.59921253e-01   1.15749681e+00   8.65900218e-01   1.10691845e+00
    6.89448640e-02   2.71857530e-01   8.72395515e-01   4.98020709e-01
    6.57310486e-01   1.14316010e+00   1.09614301e+00   1.15560055e+00
    1.47982824e+00   1.40454936e+00   1.84922314e+00   2.06766129e+00
    9.43283737e-01   6.34233892e-01   2.73205709e+00   2.21712255e+00
    9.59750772e-01   9.03680205e-01   1.76791584e+00   7.85503864e-01
    1.30957913e+00   1.05013669e+00   1.27646446e+00   8.47750127e-01
    7.27264524e-01   4.93818641e-01   1.03985620e+00   1.04442048e+00
    2.53946400e+00   1.58208585e+00   2.06356359e+00   1.35644531e+00
    1.44868731e+00  -7.87616521e-03   5.16825974e-01   1.78794038e+00
    7.32651114e-01   1.56728423e+00   1.11332488e+00   1.49345744e+00
    6.53798223e-01   9.85875309e-01   1.13359690e+00   1.37432945e+00
    4.13770616e-01   1.32787466e+00   9.34018373e-01   1.75604630e+00
    1.37264895e+00   4.86226350e-01   1.27613223e+00   1.52522755e+00
    2.09778643e+00   1.41123438e+00   1.48214996e+00   2.05498803e-02
    5.58649063e-01   9.39082623e-01   8.82384539e-01   9.15600896e-01
    2.45604134e+00   1.08898389e+00   7.62370050e-01  -4.92993556e-02
    1.58663958e-01   1.42934465e+00   1.26201403e+00   1.22415316e+00
    4.37335104e-01   2.56497097e+00   2.38033128e+00   1.54811668e+00
    1.98405695e+00   1.52167320e+00   2.40181661e+00   6.04485333e-01
    7.48044372e-01   2.24176645e+00   1.54464495e+00   7.41605163e-01
    1.42502320e+00   2.59968162e+00   1.75650978e+00   2.29810047e+00
    1.12375808e+00   1.58350205e+00   1.09174621e+00   1.79148710e+00
    1.89906335e+00   8.28859091e-01   8.01601768e-01   1.08585775e+00
    8.50104749e-01   1.36109781e+00   2.26890063e+00   1.10532606e+00
    8.43557358e-01  -1.17456056e-02   1.37015748e+00   1.22112322e+00
    1.15098596e+00   1.06329620e+00   8.91444802e-01   1.18013287e+00
    7.24132359e-01   1.51472473e+00   8.10592771e-01   5.34149408e-01
    2.40501595e+00   9.22694027e-01   1.39009523e+00   1.22213483e+00
    1.21834970e+00   1.23009801e+00   1.28227830e+00   1.20172918e+00
    2.69221425e+00   1.55140591e+00   9.76695359e-01   2.04518056e+00
    1.22857296e+00   9.77080464e-01   9.14991319e-01   1.48679531e+00
    1.01602960e+00   1.05958605e+00   4.25274163e-01   1.39080143e+00
    1.09011924e+00   1.65597975e+00   1.15244877e+00   6.32276297e-01
    1.40757406e+00   2.21345544e+00   7.45816529e-01   1.27272379e+00
    1.97996581e+00   1.03834081e+00   2.35133672e+00   9.87340748e-01
    1.30282140e+00   1.51808238e+00   1.59693491e+00   1.67167342e+00
    1.68930864e+00   2.21882486e+00   1.48528159e+00   1.51406407e+00
    7.37262368e-01   9.09666300e-01   1.48578429e+00   2.17862248e+00
    6.79651976e-01   1.13139701e+00   1.62971628e+00   4.78631675e-01
    2.03177667e+00   2.63808441e+00   1.10614085e+00   2.66522884e+00
    1.41537094e+00   1.12809980e+00   3.92610878e-01   1.58361161e+00
    1.87944269e+00   1.03351235e+00   9.38497126e-01   9.34512615e-01
    5.44372141e-01   8.23162317e-01   1.55117822e+00   1.02709937e+00
    1.08629739e+00   2.41791224e+00   1.10084629e+00   1.08196855e+00
    7.61633277e-01   1.16001594e+00   2.46500015e-01   2.22834158e+00
    1.09490752e+00   1.46744645e+00   1.24200189e+00   1.35759628e+00
    1.09136820e+00   2.62259674e+00   1.26971781e+00   1.85670090e+00
    2.07821298e+00   1.09435642e+00   4.94778299e+00   1.37696564e+00
    1.37834060e+00   2.76606226e+00   5.83311021e-01   1.62871850e+00
    1.65500200e+00   1.01835024e+00   9.07455742e-01   1.71152246e+00
    2.77793670e+00   9.43669558e-01   6.54870629e-01  -2.31288443e-03
    7.49746978e-01   9.21664178e-01   3.95820904e+00   1.22992718e+00
   -6.30843341e-02   1.34862089e+00   4.78339404e-01   2.24835467e+00
    1.09045780e+00   1.76835227e+00   1.09795190e-01   1.63135874e+00
    1.37291563e+00   1.60284412e+00   2.62559605e+00   6.61707461e-01
    1.12174273e+00   1.12848377e+00   1.73568201e+00   1.24518788e+00
    1.56705904e+00   1.38427436e+00   9.43222821e-01   1.04020786e+00
    8.65939081e-01   9.66457248e-01   1.78631568e+00   1.94563234e+00
    1.51179445e+00   3.18075538e+00   3.03941083e+00   2.76296163e+00
    1.18571925e+00   1.83251047e+00   6.27446830e-01   1.45028722e+00
    1.89481866e+00   5.18196285e-01   1.89130259e+00   1.44892836e+00
    1.03840530e+00   1.60136092e+00   1.33445871e+00   1.05406785e+00
    7.41128922e-01   7.00255275e-01   2.02507710e+00   7.74926662e-01
    1.47723842e+00   9.91602123e-01   3.34467441e-01   1.39408708e+00
    1.64429724e+00   2.20328140e+00   7.96662569e-01   6.81839645e-01
    3.48902535e+00   1.00429499e+00   8.59349072e-01   1.17187977e+00
    7.67037272e-01   1.72334981e+00   1.13134587e+00   9.62158978e-01
    1.62194157e+00   7.32193947e-01   1.69937766e+00   5.31161070e-01
    1.19076014e+00   1.42017424e+00   9.90752280e-01   1.87001538e+00
    1.43703723e+00   7.08513141e-01   1.31844616e+00   2.67505741e+00
   -7.22021908e-02   1.20137894e+00   1.19314408e+00   2.15625215e+00
    4.39343005e-01   1.58157277e+00   6.15691721e-01   1.28703737e+00
    1.96855605e+00   9.30062652e-01   1.43416560e+00   2.29067683e+00
    2.36070967e+00   1.65098369e+00   1.73923409e+00   1.42229807e+00
    9.36265826e-01   1.37849224e+00   1.38802588e+00   1.08388197e+00
    8.29968035e-01   1.71951497e+00   1.28809476e+00   1.90189815e+00
    1.46873975e+00   1.68288732e+00   1.11907530e+00   1.46611178e+00
    1.73261547e+00   2.16979146e+00   1.32414412e+00   1.11521089e+00
    7.29478836e-01   1.25277710e+00   7.81098783e-01   6.34048700e-01
    1.88066530e+00   1.67370689e+00   1.54483461e+00   2.38276124e+00
    1.31297684e+00   2.17804933e+00   1.00816512e+00   1.41280925e+00
    2.30714417e+00   1.25420892e+00   8.93234253e-01   1.55368590e+00
    1.66716778e+00   5.97105742e-01   2.12136817e+00   2.12636781e+00
    8.61098766e-01   4.58530366e-01   1.00436735e+00   1.51018667e+00
    1.95420539e+00   1.59552419e+00   1.68904531e+00   5.18260956e-01
    1.46703815e+00   1.46453667e+00   9.46101725e-01   1.62885475e+00
    1.24327791e+00   1.12728202e+00   1.50010395e+00   1.27754354e+00
    2.17963719e+00   2.48714462e-01   1.41339219e+00   1.71663809e+00
    1.61034262e+00   7.71857142e-01   2.29376173e+00   1.21876478e+00
    1.33254039e+00   7.87475526e-01   6.23947978e-01   1.40324712e+00
    1.15422034e+00   1.20426893e+00   1.54278100e+00   1.36505628e+00
    2.26673365e+00   5.25399387e-01   2.32729912e-01   1.68117595e+00
    1.14325941e+00   8.63673627e-01   1.72011626e+00   1.36544573e+00
    2.19426608e+00   1.72359157e+00   1.63335347e+00   1.08224428e+00
    1.99533165e+00   2.08942914e+00   6.30216539e-01   9.04974818e-01
    2.21482038e+00   1.88370943e+00   1.63951945e+00   1.63044190e+00
    1.98611486e+00   9.60001647e-01   2.29802108e+00   1.37470162e+00
    1.18909454e+00   3.95492882e-01   1.82483530e+00   1.88524103e+00
    1.40552187e+00   1.95755124e+00   1.71175146e+00   8.91474307e-01
    1.89315081e+00   7.97087431e-01   8.17865372e-01   1.99508607e+00
    2.04183626e+00   1.56229842e+00   1.12111461e+00   1.61167145e+00
    1.50596988e+00   1.23162830e+00   8.33119214e-01   1.30280137e+00
    1.03195190e+00   8.48692715e-01   2.34074521e+00   9.93084967e-01
    1.77298009e+00   2.55215216e+00   1.70616245e+00   1.92057049e+00
    6.83769703e-01   1.16333711e+00   1.61256969e+00   7.79582262e-01
    1.77606404e+00   9.77751374e-01   1.46159863e+00   1.02555621e+00
    1.29449320e+00   1.72296929e+00   1.42789388e+00   9.98775721e-01
    7.22671926e-01   1.32884812e+00   9.89066780e-01   1.33479691e+00
    1.03084445e+00   1.36413586e+00   1.35017204e+00   2.08366156e+00
    8.92959535e-01   8.59622777e-01   8.77346873e-01   1.44678557e+00
    1.21794176e+00   9.55008626e-01   2.44575119e+00   2.90758920e+00
    1.63833213e+00   1.13472366e+00   8.80245507e-01   2.26478934e+00
    1.14398873e+00   1.26151550e+00   2.84765315e+00   6.80563927e-01
    1.65091431e+00   2.96349019e-01   8.02427709e-01   7.06531525e-01
    8.89139771e-01   1.87910271e+00   1.53938973e+00   1.86362243e+00
    2.13035512e+00   9.41854835e-01   6.70371413e-01   2.22025299e+00
    8.96906674e-01   1.53564191e+00   8.77171457e-01   1.82202294e-01
    2.69913411e+00   6.87153876e-01   1.95904231e+00   7.12905824e-01
