  5.83453715e-01   1.26778352e+00   1.13313329e+00   7.39192367e-01
    1.33125222e+00   6.44188941e-01   5.72439849e-01   1.67676759e+00
    6.15753233e-01   8.11173677e-01   1.19436288e+00   1.48285449e+00
    5.10501981e-01   9.21731353e-01   4.80140269e-01   7.18352318e-01
    1.38370645e+00   6.61593795e-01   1.41162539e+00   1.06915843e+00
    1.49661934e+00   1.19701397e+00   1.38234317e+00   1.47102284e+00
    1.42279792e+00   1.20017314e+00   6.42115593e-01   3.13828802e+00
    3.88319492e+00   5.69921792e-01   1.15891814e+00   1.21166754e+00
    1.46335173e+00   1.26168478e+00   1.03140664e+00   1.36940455e+00
    5.81328392e-01   1.27826786e+00   7.79014826e-01   1.31082392e+00
   -2.67620217e-02   5.21433353e-01   8.94812882e-01   5.65185070e-01
    6.67542636e-01   1.09317398e+00   7.31784225e-01   1.22641850e+00
    1.79062843e+00   1.16026330e+00   1.68682694e+00   1.74208593e+00
    5.71520805e-01   8.62619460e-01   1.99699986e+00   1.67759264e+00
    6.87572181e-01   5.69056869e-01   1.39320338e+00   3.17741275e-01
    1.28664386e+00   1.15771794e+00   1.27895105e+00   8.92133653e-01
    4.86389279e-01   7.30907738e-01   1.04337358e+00   1.03329229e+00
    2.42490220e+00   1.17178679e+00   1.31972945e+00   1.33171260e+00
    1.59131324e+00  -3.68109643e-02   3.87927443e-02   1.31607902e+00
    7.35183895e-01   1.27550197e+00   1.15212834e+00   1.09550512e+00
    8.63455772e-01   9.48155701e-01   1.06306732e+00   1.33744705e+00
    2.07759425e-01   1.07891369e+00   9.09999192e-01   1.25855839e+00
    1.43994188e+00   2.24802300e-01   1.22545719e+00   1.74618280e+00
    1.50707591e+00   1.22141469e+00   8.61454785e-01  -2.12847866e-04
    6.06604397e-01   1.14974451e+00   4.66150045e-01   1.35098302e+00
    1.87225163e+00   1.23236918e+00   2.22987026e-01  -2.09190324e-02
    5.12159169e-01   1.91274989e+00   1.59034276e+00   1.34658277e+00
    1.77289262e-01   1.16530871e+00   2.18950534e+00   1.48964655e+00
    2.46292996e+00   1.51355863e+00   1.08114314e+00   5.50362766e-01
    1.17950404e+00   2.65000820e+00   1.40198636e+00   7.99390078e-01
    6.18467808e-01   1.90759063e+00   2.04198170e+00   1.62818336e+00
    1.32777894e+00   1.71531582e+00   5.68169475e-01   1.11107397e+00
    8.98952246e-01   8.29176366e-01   5.24800241e-01   1.48964834e+00
    1.99847475e-01   6.81946516e-01   1.77495778e+00   8.59696031e-01
    1.02604353e+00  -2.09637340e-02   8.14970076e-01   1.06604540e+00
    1.02325606e+00   8.12973857e-01   7.22917736e-01   9.85560596e-01
    6.59786224e-01   1.58510256e+00   6.00168884e-01   6.64315224e-01
    2.54299903e+00   5.71307957e-01   1.72149074e+00   7.81354308e-01
    8.09409797e-01   1.48124456e+00   7.51072645e-01   1.14554763e+00
    1.45924938e+00   1.21056998e+00   5.26853800e-01   1.93825030e+00
    1.36562252e+00   1.12000537e+00   8.96022975e-01   1.25918794e+00
    8.40834498e-01   8.97874475e-01   3.10782731e-01   9.42513347e-01
    7.89604783e-01   1.66693532e+00   9.41409230e-01   6.06767297e-01
    1.53413618e+00   1.46312380e+00   4.54897761e-01   1.07205272e+00
    1.80647683e+00   1.44078434e+00   2.01273727e+00   9.41618383e-01
    1.11404824e+00   1.59037817e+00   1.47262704e+00   1.01467049e+00
    1.20220935e+00   1.95554996e+00   1.05413067e+00   1.47754192e+00
    7.94076979e-01   9.58519876e-01   1.52134061e+00   2.39337611e+00
    3.28248054e-01   1.40529728e+00   1.21212661e+00  -5.22936927e-03
    2.19209456e+00   1.68898284e+00   1.35169125e+00   1.83277857e+00
    1.90478098e+00   9.36259031e-01   5.76987922e-01   1.16346657e+00
    1.90443861e+00   7.80628860e-01   1.68256593e+00   6.71863496e-01
    5.35026252e-01   7.40575969e-01   1.19096720e+00   7.57055461e-01
    9.64479387e-01   1.91837227e+00   1.19611859e+00   9.73329425e-01
    7.17819810e-01   1.31771278e+00   5.81420481e-01   1.96994722e+00
    1.02133393e+00   1.39656281e+00   8.38198543e-01   1.23308992e+00
    9.27846253e-01   2.60499334e+00   1.49011636e+00   1.69099987e+00
    9.09346879e-01   9.87375617e-01   5.28834677e+00   1.52865362e+00
    1.24487412e+00   2.71528888e+00   5.23125350e-01   1.27996802e+00
    8.99536729e-01   1.45978761e+00   7.71000206e-01   1.49809766e+00
    2.56960201e+00   1.01435900e+00   7.69645691e-01   6.73301041e-01
    3.43864471e-01   9.49232697e-01   2.79635763e+00   6.87813818e-01
   -1.27125069e-01   1.80178356e+00   3.01861852e-01   1.45809901e+00
    1.12589574e+00   1.32895839e+00   1.28598630e-01   1.59597111e+00
    1.42990983e+00   9.52652991e-01   2.68551254e+00   6.44428313e-01
    9.62117672e-01   9.14383590e-01   1.71951830e+00   9.55264866e-01
    1.98942888e+00   1.28122234e+00   3.92422587e-01   1.43864238e+00
    8.73807609e-01   1.02236068e+00   1.69223177e+00   1.32272041e+00
    1.07773530e+00   3.09941602e+00   3.19502926e+00   2.70941639e+00
    1.27609968e+00   8.71692657e-01   5.79940081e-01   7.07715333e-01
    1.49995911e+00   1.20014977e+00   1.12120855e+00   1.52110362e+00
    2.95964897e-01   4.50421333e-01   9.00357485e-01   4.82390076e-01
    2.08287612e-01  -4.80953008e-02   1.28933918e+00   1.16486490e+00
    1.74414968e+00   1.31341136e+00   6.75962865e-01   1.32549930e+00
    1.10082781e+00   1.58427906e+00   5.85037053e-01   1.80858031e-01
    3.77097607e+00   1.06921101e+00   1.09935963e+00   1.16767097e+00
    7.40931213e-01   1.57626939e+00   1.41816664e+00   9.20191824e-01
    9.91311252e-01   1.00613189e+00   1.34393620e+00   2.80891687e-01
    1.60344362e+00   1.34063327e+00   1.05665469e+00   5.74884713e-01
    1.43007624e+00   3.30883384e-01   1.17848432e+00   2.60763001e+00
   -5.98340817e-02   1.02897835e+00   9.15270567e-01   1.87863696e+00
    4.33681399e-01   1.53917110e+00   5.61286688e-01   1.31051707e+00
    2.04792953e+00   1.06706452e+00   9.49921787e-01   2.18845797e+00
    1.76583707e+00   2.08756924e+00   1.44628608e+00   1.02542806e+00
    1.11096251e+00   7.87983239e-01   1.35062790e+00   9.03271496e-01
    8.62942457e-01   1.01857960e+00   6.61623478e-01   1.15327024e+00
    9.41069186e-01   1.37666893e+00   1.52744520e+00   1.02475560e+00
    1.35199952e+00   1.44303715e+00   1.05058718e+00   6.23425484e-01
    1.16197574e+00   1.55750453e+00   9.43799198e-01   2.36693442e-01
    1.22139335e+00   1.52841437e+00   1.12377048e+00   1.95765340e+00
    1.05834556e+00   1.65505922e+00   5.35177708e-01   1.17301893e+00
    1.71644688e+00   1.28294575e+00   9.66318071e-01   1.00966203e+00
    1.67440438e+00   1.35270929e+00   1.51046610e+00   1.46241736e+00
    8.28714073e-01   7.14483619e-01   9.90710497e-01   1.34816217e+00
    2.12706518e+00   1.24662137e+00   1.07873106e+00   1.02361727e+00
    3.90852362e-01   1.47734654e+00   7.66654372e-01   1.53236508e+00
    1.44372833e+00   1.04695451e+00   1.37923169e+00   1.03006876e+00
    1.13849378e+00  -4.70498437e-03   1.09816062e+00   9.73164558e-01
    1.15044570e+00   9.47384536e-01   1.48643661e+00   1.13570547e+00
    9.52421844e-01   3.92649561e-01   3.56909007e-01   1.26355648e+00
    6.41259551e-01   9.10455942e-01   1.49600053e+00   1.39004278e+00
    1.23496842e+00   9.14823055e-01   2.69387335e-01   1.70885205e+00
    1.10574043e+00   7.63543844e-01   6.17548823e-01   1.17953157e+00
    1.80089271e+00   7.04689085e-01   1.34730947e+00   5.18295705e-01
    1.49427915e+00   1.76105750e+00   6.16897702e-01   8.73833656e-01
    2.23473120e+00   1.38527954e+00   4.96269882e-01   1.86809993e+00
    1.95088649e+00   8.30350339e-01   1.94990718e+00   1.26912498e+00
    1.37827647e+00  -6.87183663e-02   1.42864478e+00   2.14201641e+00
    5.59918046e-01   1.14080942e+00   1.39562416e+00   1.15699840e+00
    1.64072275e+00   8.13163817e-01   8.39585364e-01   1.84694874e+00
    1.63193011e+00   9.37857449e-01   1.57501435e+00   1.33116698e+00
    1.71952379e+00   6.33062780e-01   1.09569275e+00   1.76786566e+00
    9.72203016e-01   6.58395529e-01   1.17899215e+00   6.48420990e-01
    1.28643787e+00   2.19897890e+00   9.21224594e-01   1.51073420e+00
    7.05660880e-01   1.27946901e+00   1.79667068e+00   7.76600063e-01
    1.21428108e+00   1.34662926e+00   1.11926365e+00   8.89163852e-01
    1.25310326e+00   1.50772369e+00   1.53323519e+00   6.64612651e-01
    6.80379868e-01   8.58489275e-01   9.45277274e-01   8.19389045e-01
    1.13722825e+00   1.11675835e+00   3.29239786e-01   2.02219224e+00
    8.83383811e-01   4.72279012e-01   1.05107141e+00   2.14631104e+00
    6.96430922e-01   1.09410679e+00   1.83111000e+00   2.78560066e+00
    1.26826680e+00   8.24949324e-01   7.42017806e-01   1.48559141e+00
    1.17035544e+00   1.08135915e+00   1.64164746e+00   1.08859420e+00
    1.61876249e+00  -3.49798948e-02   8.33282769e-01   1.23012078e+00
    8.29850376e-01   9.79829609e-01   1.58830655e+00   1.39528120e+00
    1.88010108e+00   4.87429261e-01   3.26735646e-01   1.30701935e+00
    1.29605782e+00   1.43586922e+00   1.23291874e+00  -4.50386368e-02
    1.90273070e+00   9.05932009e-01   1.85696995e+00   9.33413148e-01
