  6.71149969e-01   8.63435268e-01   1.00510323e+00   6.83416724e-01
    9.25471067e-01   5.21425486e-01   9.35034215e-01   1.51300514e+00
    6.55450821e-01   5.24434030e-01   1.27744913e+00   1.05501008e+00
    4.22463864e-01   9.62420404e-01   5.84427059e-01   1.69269204e-01
    1.31731069e+00   5.85048795e-01   2.13961363e+00   1.09848022e+00
    1.26348209e+00   1.16914225e+00   9.56011355e-01   7.29979753e-01
    1.39502060e+00   1.70784354e+00   9.33792770e-01   2.97316527e+00
    4.37785387e+00   4.97693717e-01   1.09582901e+00   1.35669053e+00
    1.59507024e+00   8.10858190e-01   1.20885813e+00   1.07031143e+00
    7.16454387e-01   1.49736094e+00   1.00038242e+00   1.43539047e+00
   -6.33612974e-03   5.17889917e-01   4.98002142e-01   6.95313990e-01
    6.38105989e-01   1.62725925e+00   1.09438717e+00   1.14812040e+00
    1.01465511e+00   1.42222309e+00   1.56452680e+00   1.71100843e+00
    5.07823050e-01   3.04558098e-01   1.79561698e+00   1.73495495e+00
    8.47543120e-01   1.32483375e+00   1.18004286e+00   4.54062939e-01
    1.27142751e+00   8.71268630e-01   1.22514558e+00   9.84222651e-01
    1.18534970e+00   4.14849341e-01   1.05195189e+00   9.80581224e-01
    2.55079651e+00   1.70750487e+00   6.31052375e-01   1.43308628e+00
    1.49826920e+00  -1.03650233e-02  -7.12628663e-03   1.37803316e+00
    1.72840580e-01   7.11986721e-01   9.88644838e-01   8.87543380e-01
    9.41977680e-01   1.03465652e+00   1.22857904e+00   1.59716094e+00
    1.89531565e-01   1.19445622e+00   9.00433958e-01   1.84765899e+00
    1.35627234e+00   1.68106973e-01   1.32496297e+00   1.29623044e+00
    1.39672935e+00   1.22668588e+00   1.52220535e+00   8.84734094e-02
    6.08726740e-01   9.17971551e-01   5.32819629e-01   1.04413080e+00
    1.65467954e+00   1.09158087e+00   7.05379605e-01  -6.70901835e-02
    3.87399793e-01   1.39372349e+00   1.50376499e+00   1.45415962e+00
    3.78009111e-01   1.21419787e+00   1.99774456e+00   1.02523494e+00
    1.68978477e+00   1.53545129e+00   9.33869123e-01   6.54421031e-01
    7.44946599e-01   2.26403522e+00   1.50877750e+00   6.37206912e-01
    2.27183223e-01   1.78320324e+00   1.08615160e+00   9.88281548e-01
    1.26233435e+00   9.95989919e-01   4.69794601e-01   1.42650330e+00
    7.84391344e-01   8.75967741e-01   7.29890645e-01   1.40806890e+00
    3.82347345e-01   1.50574744e+00   1.30982399e+00   6.95194781e-01
    1.13442516e+00   1.86832488e-01   6.99836016e-01   1.41904962e+00
    1.09003067e+00   7.27248549e-01   1.09834266e+00   1.09405041e+00
    6.36444747e-01   1.57757187e+00   7.73880839e-01   8.98092270e-01
    2.67603421e+00   5.10681510e-01   1.19466710e+00   3.87491941e-01
    6.57121658e-01   1.58207273e+00   8.63183320e-01   1.43313360e+00
    1.48899007e+00   1.46759129e+00   6.21186793e-01   2.69517541e+00
    1.30761981e+00   1.64518785e+00   1.20011878e+00   1.21897078e+00
    1.14883256e+00   7.87093282e-01   4.49577540e-01   5.10203123e-01
    1.09383392e+00   1.71231329e+00   9.03718233e-01   6.38825655e-01
    1.51537299e+00   1.43860972e+00   1.06201541e+00   1.81380248e+00
    1.91135764e+00   1.19091809e+00   2.27235222e+00   9.17362690e-01
    7.07246423e-01   1.40243292e+00   1.12019753e+00   1.31381404e+00
    9.89204764e-01   1.53445315e+00   8.49892557e-01   1.73725164e+00
    8.41871619e-01   1.04548085e+00   9.02818561e-01   1.84096074e+00
    1.25337332e-01   1.17691100e+00   1.12022173e+00   4.98823732e-01
    2.38576674e+00   1.69390643e+00   1.42512798e+00   1.58541322e+00
    1.92096531e+00   9.82411981e-01   3.92438561e-01   3.79418075e-01
    1.77638006e+00   1.14369798e+00   1.40200436e+00   6.71339512e-01
    6.79511487e-01   6.21962249e-01   1.49401951e+00   1.94386438e-01
    9.28769171e-01   1.27875733e+00   9.04851139e-01   8.00512493e-01
    6.73393786e-01   9.95523930e-01   9.91888642e-01   1.37693536e+00
    1.21622121e+00   1.23091936e+00   8.73831987e-01   1.17032719e+00
    1.15589905e+00   1.72075987e+00   1.42478645e+00   1.52697301e+00
    5.33479989e-01   1.05571163e+00   4.60478115e+00   8.55213165e-01
    1.21469796e+00   1.62517476e+00   5.13052523e-01   1.09557188e+00
    8.60399604e-01   1.07152605e+00   1.17236555e+00   1.57321036e+00
    1.51064062e+00   1.48580241e+00   9.40668941e-01   6.67300820e-01
    1.70010433e-01   9.15051460e-01   2.67612767e+00   6.74361348e-01
   -6.35138899e-02   1.77592552e+00   3.05223495e-01   5.11090159e-01
    1.20585775e+00   1.22686553e+00   4.42136109e-01   2.21583033e+00
    1.19485748e+00   4.98536468e-01   2.07090449e+00   9.62204993e-01
    1.67979372e+00   6.39855087e-01   1.71800637e+00   1.68233335e+00
    1.74093461e+00   8.60959470e-01   7.05281913e-01   1.26258051e+00
    9.95142937e-01   1.15275836e+00   1.92594004e+00   2.12549257e+00
    1.17347276e+00   3.07503676e+00   3.09775090e+00   2.58862829e+00
    1.00448751e+00   8.05292189e-01   7.13053584e-01   5.36422133e-01
    1.54261923e+00   1.63404119e+00   1.21839488e+00   1.34854257e+00
   -3.96857737e-03   7.44447947e-01   8.17980170e-01   7.95495272e-01
    6.42773151e-01  -1.53152421e-02   9.86176550e-01   7.14701355e-01
    2.15862656e+00   7.33310223e-01   8.03260267e-01   1.38831174e+00
    1.14377475e+00   1.11185801e+00   1.40237856e+00   1.01648784e+00
    3.26709008e+00   1.20254469e+00   9.97307539e-01   1.15359390e+00
    9.33691800e-01   1.54753470e+00   1.38178992e+00   1.27436674e+00
    8.59961629e-01   7.43173480e-01   1.70095599e+00  -9.04813968e-03
    2.10890007e+00   1.49524105e+00   1.39755642e+00   1.02932215e+00
    7.86293745e-01   6.14672542e-01   5.69408536e-01   3.11100483e+00
   -7.34394491e-02   9.46380019e-01   1.05075431e+00   1.26599741e+00
    4.09836769e-01   1.46969068e+00   6.35456979e-01   1.25633800e+00
    1.44342494e+00   8.81486118e-01   2.71986485e-01   2.62157297e+00
    1.76604545e+00   2.80753613e+00   1.83038771e+00   7.76071727e-01
    9.18859601e-01   7.54113197e-01   1.37846124e+00   9.87002552e-01
    1.00336528e+00   1.19663453e+00   5.46757340e-01   2.87418127e-01
    1.61475861e+00   1.37019372e+00   1.07725775e+00   8.98706317e-01
    1.13335454e+00   9.31008101e-01   1.11899185e+00   7.52910674e-01
    1.65305674e+00   1.57609737e+00   1.01669014e+00   5.97835362e-01
    9.63646114e-01   1.72282517e+00   9.34090912e-01   2.22436166e+00
    1.54749668e+00   1.09795320e+00   5.68549335e-01   6.78835630e-01
    1.09176600e+00   8.97037745e-01   7.39463270e-01   7.38141716e-01
    2.14502192e+00   5.42863011e-01   6.00148082e-01   1.57238638e+00
    8.66223335e-01   5.56058049e-01   1.14388013e+00   1.54171205e+00
    1.53716063e+00   1.23911691e+00   1.82292640e+00   7.30661035e-01
   -1.31519837e-02   1.97763121e+00   3.09982359e-01   1.29302776e+00
    1.60402644e+00   1.25777233e+00   1.26531899e+00   1.25883007e+00
    1.84091461e+00  -1.49384355e-02   8.22728574e-01   3.64598960e-01
    1.11074924e+00   8.12702835e-01   9.22577739e-01   1.21684873e+00
    1.28036010e+00   3.17498684e-01   3.76417667e-01   1.04128349e+00
    1.21068287e+00   1.10742331e+00   1.75863194e+00   1.36005414e+00
    1.36048913e+00   9.63775039e-01   1.03955576e-02   1.15993035e+00
    1.62843752e+00   1.08996439e+00   4.78736162e-01   1.26751971e+00
    2.15042734e+00   7.15674639e-01   1.57493734e+00   4.85560387e-01
    1.78794253e+00   1.80261314e+00   6.96136236e-01   6.12305582e-01
    1.64584112e+00   1.66865313e+00   5.69156826e-01   1.98524082e+00
    1.98450434e+00   9.15519774e-01   1.53612006e+00   1.70667827e+00
    1.52409291e+00   2.82296419e-01   9.38129842e-01   2.52240729e+00
    1.15083194e+00   4.54970390e-01   1.92558420e+00   6.43859327e-01
    2.08672118e+00   7.35756278e-01   7.63896286e-01   1.91334403e+00
    1.17984641e+00   9.70069468e-01   1.92303753e+00   1.87217426e+00
    1.34792459e+00   4.31019545e-01   6.57686770e-01   1.59489608e+00
    1.11329055e+00   9.90029871e-01   1.19621873e+00   7.31798649e-01
    1.03290987e+00   2.06887937e+00   1.12922418e+00   1.46920478e+00
    1.00657928e+00   1.14465189e+00   1.83736145e+00   7.81984568e-01
    1.10185742e+00   1.06469309e+00   1.20224047e+00   5.73384583e-01
    6.63273513e-01   1.34700704e+00   2.18769598e+00   4.79565203e-01
    4.38296020e-01   8.98813069e-01   4.39118743e-01   6.03362978e-01
    1.05574417e+00   1.12620759e+00   2.98355162e-01   1.57509136e+00
    6.14520907e-01   3.69643360e-01   1.72379327e+00   1.58158898e+00
    1.03851521e+00   1.17736089e+00   1.79200613e+00   2.01737332e+00
    9.43112254e-01   8.57187152e-01   1.06520379e+00   1.49512851e+00
    1.26308048e+00   1.07255864e+00   9.73887086e-01   7.19457746e-01
    1.72617447e+00   3.89138162e-01   7.68005133e-01   9.84940827e-01
    8.48665953e-01   1.05413783e+00   1.74585843e+00   1.59223962e+00
    1.86128330e+00   2.01645508e-01   4.98395145e-01   8.77688944e-01
    1.19372880e+00   1.30104005e+00   8.57774854e-01  -3.23719974e-03
    8.00677717e-01   8.61068368e-01   1.51315105e+00   7.96248138e-01
