  5.76098979e-01   7.61142075e-01   1.54975152e+00   8.40687633e-01
    1.13370502e+00   9.18597400e-01   2.04159215e-01   1.09205067e+00
    8.47587526e-01   5.76565087e-01   9.54381347e-01   1.27212381e+00
    2.28849888e-01   3.40108901e-01   4.78405625e-01   5.30875206e-01
    1.51323116e+00   6.30954862e-01   2.18447351e+00   1.16371238e+00
    1.42085457e+00   1.02420759e+00   7.04870522e-01   5.65863788e-01
    1.46795678e+00   1.18809342e+00   9.95842695e-01   2.98309278e+00
    3.90168095e+00   2.35205948e-01   3.40646625e-01   1.41005850e+00
    1.39812410e+00   8.44184220e-01   1.20420623e+00   1.02184820e+00
    6.66124880e-01   1.48350883e+00   1.03880596e+00   1.46061504e+00
    9.16885883e-02   6.03299797e-01   1.01121652e+00   9.48676169e-01
    6.12731040e-01   1.30703223e+00   8.34930956e-01   1.15540338e+00
    8.27982724e-01   9.16641295e-01   1.79889560e+00   2.10535502e+00
    1.90450266e-01   5.64063966e-01   1.78753066e+00   1.92430305e+00
    1.00531697e+00   7.48002946e-01   1.31426942e+00   4.22870606e-01
    1.29732513e+00   7.94891179e-01   1.25208151e+00   1.07483602e+00
    1.32687402e+00   5.50880730e-01   1.05027425e+00   1.14526641e+00
    1.29644775e+00   1.77769172e+00   6.12972856e-01   1.77989113e+00
    1.58752513e+00  -9.13876817e-02  -1.71191283e-02   1.14439845e+00
   -4.94759977e-02   9.16255355e-01   1.57260823e+00   7.76201248e-01
    8.39959502e-01   1.04282558e+00   1.22511518e+00   1.32597768e+00
    6.07543401e-02   1.15015304e+00   6.93170428e-01   2.55083013e+00
    1.25008965e+00   5.45500338e-01   1.28097105e+00   8.52549434e-01
    1.29058886e+00   1.41866243e+00   1.09285820e+00   7.21270144e-02
    5.64651072e-01   1.25986016e+00   4.24484015e-01   9.59918857e-01
    1.46188176e+00   1.19616115e+00   1.97220534e-01   1.82113200e-02
   -1.92881264e-02   1.58043146e+00   1.78307235e+00   1.64011073e+00
    4.39711630e-01   1.17215049e+00   1.65065038e+00   9.60323095e-01
    2.08022261e+00   1.54980314e+00   6.04082048e-01   7.29148328e-01
    1.10396945e+00   2.03834224e+00   2.12548780e+00   6.41210675e-01
    7.00875297e-02   1.35151505e+00   1.73262966e+00   1.45703673e+00
    1.70167768e+00   1.09747565e+00   4.85488206e-01   1.18161988e+00
    3.24781209e-01   8.36586833e-01   8.07233214e-01   1.41429532e+00
   -1.45840561e-02   1.71095121e+00   9.61277544e-01   4.67966586e-01
    6.84856832e-01   5.89959659e-02   2.92026907e-01   1.09313190e+00
    8.94679427e-01   8.06602418e-01   9.81250048e-01   5.28055072e-01
    6.26736760e-01   1.42689562e+00   3.93107593e-01   9.16751087e-01
    3.00434685e+00  -4.94842455e-02   1.40298176e+00   2.16540471e-01
    7.60083616e-01   1.58615100e+00   5.59785366e-01   1.31202197e+00
    1.43364716e+00   1.22211349e+00   7.77390599e-01   1.50836122e+00
    9.67560232e-01   1.75754917e+00   1.02287078e+00   1.27643991e+00
    1.08092296e+00   1.04213190e+00   1.83966219e-01   1.07228851e+00
    8.09203446e-01   1.42070830e+00   9.13467646e-01   6.85738862e-01
    1.66055131e+00   9.29399371e-01   1.11798978e+00   1.48183835e+00
    1.84296370e+00   1.29765403e+00   2.19319725e+00   1.45140600e+00
    4.73343909e-01   1.23309374e+00   3.76561046e-01   1.08693242e+00
    4.97487485e-01   1.02188265e+00   9.58740294e-01   1.56455278e+00
    8.40248704e-01   1.01637566e+00   1.20475602e+00   2.42590189e+00
    5.10700941e-01   1.27291536e+00   1.08852673e+00   1.04851469e-01
    2.56851053e+00   1.75277483e+00   1.34862280e+00   1.14422190e+00
    2.09962773e+00   6.26836479e-01   6.18327737e-01   5.13799071e-01
    2.19555449e+00   7.81702161e-01   1.52337527e+00   6.92979336e-01
    8.36492002e-01   6.24322772e-01   4.96775359e-01   3.23297501e-01
    8.99352014e-01   2.41194829e-01   1.00206852e+00   9.51657295e-01
    6.32245958e-01   1.74086559e+00   1.22389686e+00   7.79167295e-01
    1.27774477e+00   1.29287243e+00   1.33763433e+00   1.20616615e+00
    1.39288044e+00   1.69463301e+00   9.32371318e-01   1.65411973e+00
    7.54241168e-01   9.63076711e-01   3.35197043e+00   9.76445019e-01
    9.77254987e-01   1.75975204e+00   7.58314550e-01   1.00902379e+00
    7.50620067e-01   1.15516794e+00   9.00188923e-01   1.60682595e+00
    1.00033164e+00   1.02960336e+00   9.69182849e-01   1.05999923e+00
    1.28462255e-01   9.92909193e-01   2.86198163e+00   4.35029745e-01
   -1.26422316e-01   1.78563797e+00   3.23183030e-01  -3.26811783e-02
    1.47413123e+00   1.20416510e+00   3.38648915e-01   2.04961777e+00
    1.02959001e+00   5.98121405e-01   1.86391163e+00   1.02782595e+00
    1.19302869e+00   3.61216933e-01   1.76931810e+00   9.68370140e-01
    1.56181514e+00   9.54677165e-01   1.13609385e+00   1.09490049e+00
    1.06062233e+00   9.74002838e-01   1.46512747e+00   1.53234923e+00
    7.53781617e-01   2.50139904e+00   2.84767294e+00   2.30980229e+00
    9.10942554e-01   9.22240496e-01   5.97029090e-01   9.86815870e-01
    1.20234287e+00   1.57784581e+00   8.49085569e-01   1.32034993e+00
    1.32943556e-01   3.53805274e-01   5.16788244e-01   6.05320871e-01
   -4.17616814e-02  -4.86719981e-02   1.03718960e+00   6.20700359e-01
    2.03188777e+00   5.83469927e-01   3.70100915e-01   1.72943497e+00
    9.64509189e-01   1.14741409e+00   1.26281321e+00   7.73630857e-01
    3.54948974e+00   1.24908888e+00   1.07103634e+00   1.57472098e+00
    9.16555345e-01   1.75274825e+00   1.24371517e+00   1.23682225e+00
    5.63202381e-01   9.70625818e-01   2.03164196e+00  -4.04860405e-03
    1.28898859e+00   1.61768925e+00   1.15807462e+00   6.94728434e-01
    7.63028860e-01  -3.20231961e-03   2.03972965e-01   2.76003194e+00
   -6.02638721e-02   9.77157116e-01   1.33543634e+00   1.03428662e+00
    4.22998399e-01   1.36079657e+00   6.37902617e-01   1.29438388e+00
    1.78827822e+00   1.06882739e+00   1.37398243e-01   2.43893361e+00
    1.72296441e+00   2.56065345e+00   1.26729846e+00  -1.32405339e-03
    1.21311986e+00   4.54974115e-01   1.49526989e+00   1.00513291e+00
    7.88686693e-01   2.65224606e-01   1.83510948e-02   1.09715067e-01
    1.23007560e+00   1.11080289e+00   7.38214433e-01   6.74517870e-01
    5.09089589e-01   1.06554246e+00   1.33478951e+00   6.18358135e-01
    1.14234078e+00   1.30829787e+00   8.48907769e-01   4.56147760e-01
    6.20361149e-01   1.59370232e+00   4.26953286e-01   2.17461514e+00
    1.18255448e+00   1.10847390e+00   6.46389127e-01   6.75714672e-01
    4.64581102e-01   1.00288165e+00   8.40013623e-01   7.14777708e-01
    1.32003593e+00   7.50708878e-01   2.60036588e-01   2.19712782e+00
    8.12954783e-01   7.06835747e-01   1.12032723e+00   1.16541338e+00
    2.61412144e+00   1.02423918e+00   1.24555659e+00   4.35165733e-01
    1.28362671e-01   1.74017763e+00   3.59537721e-01   1.31392574e+00
    1.38462198e+00   1.13224530e+00   9.50249791e-01   1.19670022e+00
    1.28424931e+00   3.89072895e-01   7.20221996e-01   3.38421762e-01
    8.36952925e-01   8.25150609e-01   7.07272410e-01   6.53017759e-01
    8.66492689e-01  -3.57288718e-02   4.71263081e-01   1.16900063e+00
    9.92100656e-01   1.26034832e+00   1.92563713e+00   1.17162240e+00
    1.39553511e+00   1.24096560e+00  -8.63125697e-02   1.00788200e+00
    8.25160503e-01   7.18878150e-01  -2.37045623e-02   1.41551042e+00
    1.42744267e+00   5.48639417e-01   1.21849298e+00   7.05107391e-01
    1.32746387e+00   1.57411695e+00   5.85555792e-01   8.30105305e-01
    1.41113472e+00   1.13662732e+00   4.94115502e-01   1.92143071e+00
    2.14369774e+00   9.68356848e-01   1.61743093e+00   1.40161991e+00
    2.10457683e+00  -2.98873466e-02   1.07007861e+00   1.62344038e+00
    1.42053914e+00   5.10533750e-01   1.80832422e+00   9.32387948e-01
    1.89735961e+00   8.72501314e-01   7.73665249e-01   2.69806576e+00
    1.72668731e+00   5.77023268e-01   1.67418718e+00   1.61810613e+00
    1.67074656e+00  -1.28410151e-02   6.23934150e-01   2.47112250e+00
    9.27967370e-01   8.87000561e-01   1.26076615e+00   5.57195008e-01
    8.77560556e-01   1.88530314e+00   6.15629256e-01   1.35608399e+00
    8.48789334e-01   1.15873837e+00   2.01212192e+00   7.58303285e-01
    1.09108138e+00   1.33956265e+00   1.12118185e+00   5.06182551e-01
    6.60924733e-01   1.22401297e+00   1.57351041e+00   9.51259807e-02
    4.04888272e-01   1.09400451e+00   3.91063869e-01   1.33429170e-01
    8.95909667e-01   1.05114269e+00  -5.21024875e-02   1.50890589e+00
    7.91322112e-01  -4.78557311e-02   1.73813128e+00   1.42688751e+00
    6.91489220e-01   1.32601404e+00   1.13992417e+00   2.81343555e+00
    1.00210106e+00   7.94063509e-01   1.12450552e+00   1.19177270e+00
    1.11187685e+00   1.55171287e+00   9.07967687e-01   9.20475543e-01
    1.61089718e+00  -4.34002057e-02   7.76728570e-01   9.47540224e-01
    9.08652246e-01   6.94161892e-01   1.79385555e+00   1.48160422e+00
    1.89599824e+00   2.87274420e-01   1.77585736e-01   1.20577180e+00
    1.39631760e+00   1.27782559e+00   6.66865826e-01  -2.53831279e-02
    7.00313628e-01   7.24654675e-01   1.61503041e+00   1.19292903e+00
