  6.79864943e-01   1.12147820e+00   1.15634823e+00   9.13241267e-01
    1.15647662e+00   7.19856799e-01   4.15424466e-01   1.48707962e+00
    7.20198274e-01   5.40521324e-01   1.51803660e+00   1.42447567e+00
    3.35910439e-01   3.01505148e-01   4.83364820e-01   6.46198153e-01
    1.11705959e+00   6.65086091e-01   1.52447736e+00   1.14149070e+00
    1.62233722e+00   1.16854858e+00   7.36773908e-01   9.01448548e-01
    1.65696478e+00   8.75507951e-01   9.06485140e-01   2.69250202e+00
    4.28895617e+00   1.34820953e-01   7.81575799e-01   1.82645476e+00
    1.84233391e+00   8.15543652e-01   1.00999379e+00   1.39048564e+00
    5.84554076e-01   1.15539455e+00   8.53947580e-01   1.71285629e+00
   -2.57106288e-03   6.68966889e-01   6.12765729e-01   7.09651172e-01
    5.93756199e-01   1.13193762e+00   7.89537072e-01   1.20227468e+00
    8.84864509e-01   9.53441799e-01   1.58423352e+00   2.32391047e+00
    9.90528166e-01   5.51496089e-01   1.94722235e+00   1.74065518e+00
    8.89443517e-01   5.31389415e-01   1.17169774e+00   4.94795382e-01
    1.30403399e+00   9.37123954e-01   1.27298272e+00   8.68055105e-01
    1.19122708e+00   3.19607168e-01   1.04563427e+00   1.06644869e+00
    2.55035305e+00   1.22240376e+00   6.49412632e-01   1.57532537e+00
    1.60570312e+00  -1.62647404e-02   8.44058208e-03   8.41506720e-01
    1.83146968e-01   1.78978896e+00   1.37157214e+00   1.34430826e+00
    1.22648466e+00   8.47267985e-01   1.27843988e+00   1.46495616e+00
    5.27833521e-01   1.09636772e+00   6.77616775e-01   1.59433818e+00
    1.29674470e+00   4.30208057e-01   1.20981061e+00   8.62996519e-01
    9.49304521e-01   1.27295530e+00   1.21070302e+00  -1.66933537e-02
    6.65702820e-01   1.42798424e+00   5.62936783e-01   1.29667759e+00
    1.63412213e+00   1.18417442e+00   5.83740473e-01  -8.68703425e-02
    4.66172814e-01   2.74217272e+00   1.71034598e+00   1.31017435e+00
    6.27121031e-02   1.25679779e+00   2.24506807e+00   1.14904797e+00
    2.47159076e+00   1.31508017e+00   1.09307587e+00   7.37258673e-01
    7.33443856e-01   2.23617887e+00   1.70822442e+00   9.04106319e-01
    6.99520707e-01   1.36983907e+00   1.37091494e+00   1.62243414e+00
    1.01398551e+00   1.01193118e+00   4.78490204e-01   7.94685721e-01
    4.14159983e-01   8.31542075e-01   8.18536758e-01   1.34324718e+00
    4.81628746e-01   2.06382465e+00   1.16405153e+00   6.34701371e-01
    8.77339065e-01   2.09110647e-01   5.40183485e-01   1.18578780e+00
    6.29681289e-01   1.07206976e+00   1.31119823e+00   7.81026185e-01
    7.14477539e-01   1.40172684e+00   4.40308839e-01   8.76897156e-01
    3.15952897e+00  -5.14800213e-02   1.37545776e+00   4.89862353e-01
    9.14604545e-01   1.31702840e+00   8.79619181e-01   1.60011017e+00
    1.63748729e+00   1.21923637e+00   1.03372526e+00   1.50667977e+00
    1.19056642e+00   1.19266880e+00   6.59181595e-01   1.14047372e+00
    6.68161213e-01   1.04120708e+00   3.36089313e-01   1.52909136e+00
    7.94645548e-01   1.56727839e+00   1.10420811e+00   5.34416974e-01
    1.78080189e+00   9.93713975e-01   1.06182051e+00   2.18044496e+00
    1.81639218e+00   1.51679301e+00   1.97036254e+00   1.02437294e+00
    1.12356758e+00   1.69041133e+00   8.06275487e-01   1.31010652e+00
    9.21581745e-01   1.36942339e+00   6.94823503e-01   1.69500744e+00
    8.37853789e-01   1.16675889e+00   6.84579313e-01   1.51867115e+00
    2.78266687e-02   1.24999285e+00   1.08487475e+00   3.65174413e-01
    2.95516133e+00   2.10623431e+00   1.03859103e+00   1.53141594e+00
    1.99436164e+00   5.02322853e-01   4.86320436e-01   6.94841564e-01
    2.44485092e+00   1.01202440e+00   1.08812129e+00   7.35316098e-01
    1.11687768e+00   7.33157098e-01   9.59068239e-01   9.91329491e-01
    9.26777482e-01   1.00413013e+00   1.12019598e+00   6.62596703e-01
    1.09180510e+00   1.24938393e+00   5.90232730e-01   1.33233356e+00
    1.16804898e+00   1.35855079e+00   1.41229260e+00   1.42594135e+00
    5.11695802e-01   2.37680316e+00   8.56798708e-01   1.85602939e+00
    1.01808012e+00   1.14581752e+00   4.45049524e+00   9.27382410e-01
    1.38655305e+00   2.71148539e+00   7.37485707e-01   7.06149459e-01
    9.00291085e-01   8.37130666e-01   6.61232889e-01   1.53085029e+00
    1.99729729e+00   1.19458282e+00   1.00895953e+00   9.73215222e-01
    1.03076327e+00   9.20563579e-01   2.49152231e+00   6.99968696e-01
   -8.15902352e-02   1.59356606e+00   5.17857075e-01   7.67484128e-01
    1.54063332e+00   1.46591449e+00   2.88034916e-01   2.11977482e+00
    1.22563708e+00   1.05098784e+00   2.17923689e+00   8.26404214e-01
    1.27212381e+00   4.40670878e-01   1.76699066e+00   1.18221581e+00
    1.25156379e+00   1.11191940e+00   9.54620123e-01   1.49122691e+00
    8.55078936e-01   1.57642603e+00   1.61615801e+00   1.19747770e+00
    1.06742930e+00   2.56449628e+00   3.12541080e+00   2.31093597e+00
    9.33163345e-01   1.63581920e+00   6.66268945e-01   1.01970708e+00
    1.43711495e+00   1.00579548e+00   1.34444010e+00   1.49868345e+00
    3.86426330e-01   8.68144274e-01   9.79270518e-01   6.03839993e-01
    1.15356043e-01  -3.80935594e-02   1.31024027e+00   6.51092172e-01
    1.97941303e+00   6.65650070e-01   5.38620055e-01   1.56236708e+00
    1.40591514e+00   1.25336051e+00   1.63982320e+00   9.40514565e-01
    3.38017821e+00   1.23786354e+00   1.02331722e+00   1.43104255e+00
    1.12862742e+00   1.75992632e+00   1.25942552e+00   9.84062195e-01
    9.24095094e-01   5.93826652e-01   1.10575378e+00   3.88776809e-01
    1.29180920e+00   1.50958669e+00   1.16594040e+00   1.22621763e+00
    7.99178362e-01   1.80926517e-01   1.00512005e-01   2.46595764e+00
   -7.01097175e-02   1.06945503e+00   1.59480393e+00   1.41059875e+00
    4.25573558e-01   1.83022523e+00   6.18038058e-01   1.36028028e+00
    2.54594183e+00   1.24185109e+00   7.57889867e-01   2.88035178e+00
    1.52637410e+00   1.90544903e+00   1.64239955e+00   6.70189261e-02
    1.38083327e+00   2.67830968e-01   1.53020740e+00   9.08823192e-01
    9.39063549e-01   4.77623612e-01   5.07217944e-01   5.46146691e-01
    1.14676344e+00   9.05271113e-01   1.25000370e+00   7.34267056e-01
    3.98983836e-01   1.28919530e+00   1.37018728e+00   1.07669449e+00
    1.22421181e+00   1.42515719e+00   9.46682572e-01   7.33145595e-01
    8.42223346e-01   1.99297166e+00   5.85519016e-01   1.78298879e+00
    1.12354314e+00   1.36287272e+00   7.19173253e-01   5.40467143e-01
    1.19793022e+00   1.09843361e+00   5.13182580e-01   8.46878409e-01
    1.34434342e+00   6.01181567e-01   7.20765769e-01   1.47982228e+00
    7.27318168e-01   7.13102043e-01   9.06682611e-01   1.25173318e+00
    2.23594713e+00   1.01183414e+00   1.21875513e+00   3.59467387e-01
    2.33704597e-01   1.42750537e+00   1.18086800e-01   1.27988017e+00
    1.33746982e+00   1.60270965e+00   1.07682216e+00   1.24035144e+00
    1.25162220e+00   5.41426778e-01   1.00745094e+00   1.05514097e+00
    1.15369356e+00   7.55640030e-01   8.55681062e-01   1.33667028e+00
    1.36545658e+00   4.91377831e-01   1.05340175e-01   1.38238358e+00
    6.07636511e-01   1.09274018e+00   1.68291092e+00   1.40887809e+00
    1.06869876e+00   8.45665097e-01  -2.66309623e-02   1.02975094e+00
    1.01767063e+00   6.53894603e-01   4.99816895e-01   1.23700559e+00
    1.77954209e+00   5.11681378e-01   1.38437247e+00   7.72287011e-01
    1.51671016e+00   1.83871782e+00   1.15351737e+00   1.05841064e+00
    1.75325394e+00   8.34817290e-01   4.14437532e-01   1.75662553e+00
    2.08845663e+00   8.80564868e-01   1.74111092e+00   1.50089908e+00
    1.56552541e+00   3.87001753e-01   1.91640675e+00   1.94407272e+00
    1.55362129e+00   5.91564059e-01   1.58716714e+00   5.89575768e-01
    1.70557046e+00   9.29279804e-01   6.44261539e-01   2.17561197e+00
    1.41926157e+00   1.12352753e+00   1.29188287e+00   2.19257331e+00
    1.55077398e+00   2.27851361e-01   9.04365540e-01   1.58425319e+00
    9.48050380e-01   9.53682482e-01   1.13003862e+00   1.14729357e+00
    7.97807634e-01   1.88926435e+00   5.13007402e-01   1.36013222e+00
    1.17441165e+00   9.87516761e-01   2.69095969e+00   7.70551383e-01
    1.19400573e+00   1.04916191e+00   1.26589942e+00   6.59375310e-01
    1.74952924e+00   1.51559937e+00   1.80014431e+00   5.86717904e-01
    5.92950225e-01   1.06851470e+00   4.83576238e-01   2.93338895e-01
    8.31801772e-01   1.13727415e+00  -4.74595986e-02   1.39181697e+00
    6.87816501e-01  -5.76299019e-02   9.03588295e-01   1.79510903e+00
    1.12063801e+00   2.04719639e+00   1.27914274e+00   2.82431078e+00
    9.81365740e-01   1.10729003e+00   1.39448774e+00   1.71774864e+00
    1.25702643e+00   1.37421250e+00   1.39363897e+00   8.46409321e-01
    1.60420620e+00   2.08612215e-02   9.15588081e-01   6.45878971e-01
    1.12545729e+00   5.15028238e-01   1.83795214e+00   1.53831518e+00
    2.23335052e+00   4.09543544e-01   1.10181868e-01   1.58326077e+00
    1.05018508e+00   1.44201279e+00   1.26779151e+00   3.21814001e-01
    1.00924373e+00   7.19638646e-01   1.53643692e+00   6.99670315e-01
