  5.82067311e-01   1.27338660e+00   1.43381548e+00   8.00640643e-01
    1.18785310e+00   7.47130394e-01   8.38386536e-01   1.40678680e+00
    8.25075090e-01   2.27115169e-01   1.37186074e+00   1.51743495e+00
    3.20957869e-01   1.31633833e-01   1.43820000e+00   6.12192154e-01
    1.82169735e+00   5.38128555e-01   2.00484109e+00   1.09300697e+00
    1.41297293e+00   1.08485925e+00   8.88311744e-01   1.06600869e+00
    2.07584500e+00   1.19034445e+00   1.37903690e+00   3.49714732e+00
    4.06737375e+00   2.86912858e-01   1.02597976e+00   1.50923228e+00
    1.09306741e+00   1.12095952e+00   8.71031642e-01   9.22016025e-01
    4.01263297e-01   1.39787579e+00   7.51010418e-01   1.88781321e+00
   -6.01405613e-02   6.38269126e-01   1.25051832e+00   1.04420745e+00
    5.95610678e-01   1.24815106e+00   1.16264284e+00   1.32816398e+00
    8.06597233e-01   9.63896990e-01   1.40739965e+00   2.33730340e+00
    6.24313176e-01   3.23995322e-01   2.14627934e+00   1.73051465e+00
    1.33201957e+00   6.63829029e-01   1.21921945e+00   2.32918039e-01
    1.32020855e+00   1.15897846e+00   1.24900794e+00   7.92071104e-01
    1.56053090e+00   6.48092091e-01   1.03101897e+00   1.03523088e+00
    1.96783102e+00   1.67798567e+00   1.07582128e+00   1.47579944e+00
    1.57369530e+00  -1.25534281e-01   1.74878128e-02   1.55054879e+00
   -5.95767312e-02   8.84773254e-01   1.85847163e+00   9.50849891e-01
    9.91190135e-01   9.55056012e-01   1.22204459e+00   1.29816973e+00
    1.33518085e-01   1.18064916e+00   6.24011517e-01   1.66740727e+00
    1.16367579e+00   8.20992708e-01   1.35346222e+00   1.18215704e+00
    1.58692455e+00   1.31813085e+00   1.26972663e+00  -1.55679313e-02
    7.49421835e-01   1.16289389e+00   7.74327457e-01   1.40749419e+00
    1.78639364e+00   1.10492611e+00   1.19061824e-02  -6.78735152e-02
    2.93938041e-01   1.64576900e+00   2.07881618e+00   1.45709038e+00
    4.76230443e-01   1.22317207e+00   2.65067101e+00   9.70601082e-01
    2.46493220e+00   1.26441848e+00   5.31928182e-01   6.05623662e-01
    1.24618614e+00   2.19823408e+00   1.89715743e+00   6.69101298e-01
    2.74203539e-01   1.20816696e+00   1.18495166e+00   1.66802311e+00
    9.76262152e-01   1.22410774e+00   4.49439675e-01   1.24517512e+00
    5.02688050e-01   8.29044461e-01   8.52007151e-01   1.55598629e+00
    4.98213805e-02   1.79985642e+00   1.05618989e+00   5.33755779e-01
    1.06052530e+00  -5.19589242e-03   5.54340661e-01   1.37739086e+00
    6.28639996e-01   9.38189626e-01   1.32319331e+00   1.01705003e+00
    6.43139243e-01   1.57579052e+00   4.45895106e-01   7.60764182e-01
    2.98406458e+00  -4.82843891e-02   1.36952114e+00   3.90414506e-01
    1.02725041e+00   1.53909659e+00   6.42252743e-01   1.41074324e+00
    1.34460938e+00   1.45107484e+00   8.27464581e-01   1.70607686e+00
    1.41721463e+00   1.53715658e+00   8.54037285e-01   1.42684007e+00
    9.33913887e-01   1.18735027e+00  -2.08677724e-02   1.08832598e+00
    5.58862746e-01   1.40502369e+00   9.57858741e-01   4.82678711e-01
    1.83711481e+00   8.10727954e-01   1.19370091e+00   1.32803679e+00
    1.82251382e+00   1.05435371e+00   2.65125561e+00   9.87211525e-01
    4.07180279e-01   1.18791544e+00   7.62863696e-01   1.39344585e+00
    9.37185705e-01   1.13254666e+00   1.00617087e+00   1.78888500e+00
    8.12575102e-01   9.34937775e-01   1.14935374e+00   2.05043554e+00
    2.51389444e-01   1.29031122e+00   1.07143354e+00   2.83600148e-02
    2.44484973e+00   1.68729949e+00   1.45784259e+00   1.50710607e+00
    2.01324844e+00   6.25115871e-01   6.06112421e-01   3.97838175e-01
    2.08367610e+00   7.65442252e-01   9.94282603e-01   8.94144416e-01
    7.47546017e-01   6.37454033e-01   6.23232067e-01   3.20860595e-01
    9.29934084e-01   1.07260454e+00   8.46103013e-01   1.30684924e+00
    6.29712701e-01   1.14489520e+00   1.19862902e+00   1.17238033e+00
    1.27707243e+00   1.42539847e+00   1.18660069e+00   1.58377612e+00
    7.50365853e-01   2.37001562e+00   1.18839991e+00   1.75456142e+00
    1.16178393e+00   1.15058148e+00   4.04647493e+00   8.03660512e-01
    1.10464144e+00   2.48064852e+00   7.50684142e-01   1.04876494e+00
    9.04777288e-01   1.20511568e+00   9.48241711e-01   1.59499526e+00
    1.20730650e+00   1.40248454e+00   8.56431127e-01   1.11264992e+00
    2.11854398e-01   9.45368826e-01   3.09358358e+00   5.21608353e-01
   -9.66559350e-02   1.78040099e+00   3.15731585e-01   4.95945960e-01
    1.41689801e+00   1.51391888e+00   3.82851332e-01   1.93912387e+00
    1.50630009e+00   6.24476969e-01   2.34704876e+00   1.21068728e+00
    1.84156346e+00   7.97037065e-01   1.74961901e+00   9.81784046e-01
    1.69533825e+00   9.09805834e-01   9.74542439e-01   1.57608604e+00
    8.69474471e-01   1.05310977e+00   1.48800206e+00   1.54115009e+00
    7.21483707e-01   3.10237122e+00   2.61800098e+00   2.36875057e+00
    1.15440011e+00   1.03533018e+00   6.86606407e-01   6.37088537e-01
    1.40764451e+00   7.90600181e-01   1.41908503e+00   1.36196959e+00
    6.00841157e-02   8.17685723e-01   8.64591658e-01   8.34939659e-01
   -3.30918618e-02  -9.00134295e-02   7.75025666e-01   5.23472250e-01
    2.15958118e+00   7.48645306e-01   3.70351553e-01   1.82382941e+00
    9.93385613e-01   1.42512012e+00   1.07719445e+00   4.79385138e-01
    2.50699282e+00   1.33884001e+00   8.61422718e-01   1.31652629e+00
    1.60343754e+00   1.56548381e+00   8.87878656e-01   1.09027398e+00
    5.51629364e-01   1.00993311e+00   1.75974131e+00  -1.59258191e-02
    1.46607494e+00   1.42035151e+00   1.05258429e+00   8.81901801e-01
    7.39760041e-01  -3.99586745e-03   4.81988698e-01   2.70649529e+00
   -7.62135610e-02   1.14232099e+00   1.14753377e+00   7.88283169e-01
    4.66235727e-01   1.88625300e+00   5.41237950e-01   1.28799331e+00
    1.35213411e+00   1.48820245e+00   2.67198682e-01   3.05098486e+00
    1.62987423e+00   1.60356438e+00   1.82115519e+00  -4.27490436e-02
    1.08875847e+00   6.92136705e-01   1.19635665e+00   7.24543333e-01
    8.35749626e-01   3.36770296e-01   3.01949918e-01   3.90735805e-01
    1.26595032e+00   9.57604170e-01   1.03805506e+00   9.14378345e-01
    1.00357735e+00   1.12932348e+00   9.59318101e-01   8.72800589e-01
    1.47723186e+00   1.26988137e+00   6.36876643e-01   3.76594543e-01
    6.37715816e-01   2.07730150e+00   5.80062747e-01   2.14087939e+00
    1.23319709e+00   1.09621215e+00   1.02559757e+00   9.57313061e-01
    6.22503281e-01   1.03852057e+00   7.43792772e-01   6.93914413e-01
    1.36839342e+00   1.10424793e+00   2.93126047e-01   1.48073399e+00
    9.02914643e-01   7.87621498e-01   9.71559107e-01   1.41710854e+00
    2.67870069e+00   1.36117041e+00   1.52417171e+00   6.94473922e-01
    2.51196384e-01   1.79148531e+00   4.89727467e-01   1.27025342e+00
    1.46734273e+00   1.11924779e+00   1.08943093e+00   1.16126800e+00
    1.66955841e+00   4.76452172e-01   9.70805943e-01   3.87759417e-01
    7.57236540e-01   7.55031645e-01   9.23085511e-01   1.02492416e+00
    1.21690774e+00   7.70483911e-02   1.21149309e-01   8.36250901e-01
    8.91128302e-01   1.39129031e+00   1.77020168e+00   1.16076350e+00
    1.35863090e+00   1.52588391e+00  -5.04598133e-02   1.12130976e+00
    9.27861035e-01   6.66875184e-01   1.75883576e-01   1.25876510e+00
    1.66509736e+00   1.21120322e+00   1.64602721e+00   1.07805455e+00
    1.47706282e+00   2.02668524e+00   8.33543003e-01   1.27277470e+00
    1.70879602e+00   1.39266133e+00   3.06908518e-01   1.86575401e+00
    2.16620302e+00   9.26366866e-01   1.62450135e+00   1.22894192e+00
    1.90074337e+00   2.71425962e-01   9.28971231e-01   1.75849533e+00
    4.89520222e-01   5.29068172e-01   2.01862288e+00   1.39471614e+00
    1.27917135e+00   7.93132603e-01   8.72688532e-01   2.82355380e+00
    1.26547587e+00   7.64930725e-01   1.15424705e+00   1.47738957e+00
    1.79640830e+00   2.99614072e-01   6.01883948e-01   1.71847737e+00
    9.41432655e-01   8.18322778e-01   1.53837454e+00   5.65522194e-01
    7.31797636e-01   2.07555318e+00   1.12065744e+00   1.02369654e+00
    9.60470200e-01   8.26246440e-01   1.79109406e+00   7.75359869e-01
    1.03975904e+00   1.01235890e+00   1.19924283e+00   4.31593060e-01
    8.09727073e-01   9.34966028e-01   1.76274049e+00   4.28189896e-02
    4.98744845e-01   1.17110980e+00   3.02498192e-01   1.53859571e-01
    1.03288603e+00   9.30613756e-01  -2.54222807e-02   1.38112354e+00
    7.09635019e-01  -1.22650281e-01   1.48962796e+00   1.53040874e+00
    9.27573562e-01   1.95647907e+00   1.82577431e+00   2.92778683e+00
    1.07438397e+00   8.25754642e-01   7.49151468e-01   1.84437191e+00
    9.51180637e-01   8.89211357e-01   9.22757745e-01   7.79293716e-01
    1.54581606e+00  -1.52720483e-02   8.03368092e-01   8.71124983e-01
    7.16766834e-01   9.49755311e-01   1.62091267e+00   1.23027897e+00
    1.71058106e+00   5.12260795e-01   8.61455947e-02   1.61870670e+00
    1.17970502e+00   1.40251601e+00   1.21923339e+00   2.33275071e-01
    9.54595208e-01   7.97516763e-01   1.37923944e+00   6.93386495e-01
