 0.53063202  1.1660589   1.28181958  0.94449949  1.88710189  0.74281842
   0.45304775  1.65483737  0.77742934  0.38754597  1.31166208  1.40611231
   0.51856577 -0.03057208  0.55959886  0.90564871  1.40205801  0.59960222
   1.36421216  1.10061991  1.14886487  1.02862918  0.80425215  0.92951918
   1.17636228  1.13948953  1.66927457  2.85036564  4.74000359  0.7824496
   0.79536426  1.67055249  1.57766521  1.52781808  1.34182799  1.35535705
   0.48493516  1.69810033  1.0003351   1.18571198  0.20558462  0.43415964
   0.78638148  0.7138508   0.58517361  1.57334483  1.02018344  1.21445394
   1.17111039  1.08874524  1.66686356  2.29950333  1.21855664  0.27455658
   1.87338531  1.76416469  1.16718853  0.8047567   1.20132887  0.69650578
   1.2708137   1.13015676  1.26532531  0.74797952  2.12788677  0.1301977
   1.05625165  0.96153766  2.08404732  2.0563817   0.83757526  1.34052002
   1.66334093 -0.06220318 -0.01167747  1.81198478  0.12775534  1.28296947
   1.57169378  0.99932986  1.67193699  1.04906499  1.26949608  1.42992318
   0.63792872  1.01593387  0.53907442  1.85577309  1.31338203 -0.03057419
   1.2862916   0.8797636   1.14976287  1.16224527  1.37680924 -0.01517657
   0.690633    1.19606018  0.72650909  0.95404994  1.31976831  1.24083781
   0.20804818 -0.0478583   0.19614238  1.72620571  1.6180656   1.06777573
   0.27633575  1.33045006  1.87896657  1.12497842  2.7871716   1.52319252
   1.35023773  0.75291544  0.96472663  2.50776386  1.28103685  1.01574695
   0.44450963  1.26864839  1.33292294  1.32721829  1.47157347  1.25679755
   0.66386372  1.17579091  0.7161873   0.82570678  0.89914542  1.41277754
   0.2210813   2.01679635  1.58976138  0.74754095  1.15854597 -0.01337595
   0.75592101  1.43356228  1.28321028  1.01213682  1.45478487  0.96900487
   1.00831878  1.50779319  0.90402895  0.84253114  2.95108819  0.56489635
   1.41300702  0.77531123  1.11292326  1.61639011  0.77255255  1.4679172
   1.84584463  1.19015348  0.90759969  2.60918522  1.47627008  1.20240259
   1.00689912  1.31243491  1.04802179  1.00002754 -0.02024406  1.78328776
   0.79910362  1.56832981  0.92635942  0.51834834  2.01072931  1.57620215
   1.319116    1.58712089  1.8218081   1.3577888   2.77258325  0.88274819
   0.71651918  1.4825871   0.89596248  1.81645405  0.87438971  1.69145274
   1.09934878  2.16002655  0.74043125  1.03244722  0.98889154  1.92241108
   0.43938977  0.96119267  1.16793668  0.59862161  2.92234135  1.89415717
   1.77308786  1.92117822  2.04845524  0.65807909  0.53568661  0.82507265
   2.17275119  0.95853347  1.78534269  1.05379629  0.99512446  0.74314761
   1.04845893  0.69371289  0.91292638  0.57543224  1.16148663  0.8738023
   1.17657268  1.21381938  1.29594111  2.21943164  1.12085772  1.28293169
   1.17060471  1.29991257  1.31247723  1.78143454  0.96877903  1.71347427
   1.20274889  1.76509345  4.47663546  0.82847285  1.59851944  1.68292868
   0.66275549  2.07686806  1.33848286  1.03907037  0.69220299  1.58459747
   1.59152758  1.59751153  0.71529531  0.86096644  0.89542538  0.9186998
   2.8835988   0.76346606 -0.12046149  1.27828908  0.31994209  0.59580994
   1.35173249  1.01713336  0.51949865  2.07564831  1.33771706  1.41076374
   2.97522569  1.0572989   1.32396138  0.69094729  1.71856546  0.97459263
   2.08353066  1.10930932  0.9159252   1.61640477  0.76752096  1.49755776
   1.60572207  0.81994563  1.27938282  2.80963993  2.58443284  3.01883316
   1.10250366  0.93853164  0.82777274  0.99823982  1.4350847   1.10311043
   1.2068671   1.39517009  0.08995463  1.23733044  1.69609857  1.04464769
   0.01868882 -0.02729838  0.94793707  1.09255195  1.96295786  0.84741038
   0.40479165  1.6053772   1.17607975  1.47605336  1.35018539  1.19493341
   2.91498375  1.16079414  0.86357737  1.84308028  1.20242417  1.71025789
   1.36848617  1.14779484  1.07301128  1.70533562  2.4167521   0.11000407
   0.88038558  1.45408225  0.98124272  0.59643018  1.01749575  0.06706456
   0.66682225  2.7302506  -0.03784765  1.13219941  0.98869455  1.73576856
   0.41857454  1.16740298  0.56795275  1.22516131  1.74867892  1.0590539
   0.68431991  3.25766516  1.71882391  2.06555462  1.95872831  0.08053625
   1.0431751   0.51354533  1.12778187  1.14886355  0.90227979  0.47028318
   0.40616855  0.87790078  1.84302974  0.58878708  1.38007343  1.14264798
   0.89869052  1.36985052  1.37132132  0.99176896  0.7310341   1.05020595
   0.34078193  1.12220645  0.9038837   2.14446425  0.63371462  2.41088414
   0.66815138  1.18241823  0.80308473  0.13668415  0.92934132  0.90979141
   0.94098735  1.42454863  1.74833059  0.66375309  0.59486103  1.64300311
   0.71693087  0.45726109  0.9736973   1.22943318  2.6691165   1.17771685
   1.67127776  0.13622072  0.86949217  1.57262242  0.47365576  1.30328953
   1.12788951  1.2805742   1.21499658  0.99113065  1.66092491  1.06151712
   1.0922935   0.74809939  0.99033523  1.15904677  1.26000702  1.04216635
   1.46178043  0.45279828  0.48134971  0.85772681  1.25197744  1.34755802
   1.72613704  1.33135378  1.37209392  0.9029243   0.20844737  1.14413524
   1.13153195  0.81527764  0.7071923   1.45957851  1.83923113  1.56660557
   1.88027263  1.03149414  1.66128612  1.77418697  1.41588891  1.07381272
   0.69366372  0.90096754  0.81026649  1.80260897  2.03153729  0.96586734
   1.75631022  1.24561489  1.67972231  0.32340175  1.61570287  1.7551446
   1.11552238  0.59412289  1.23225796  1.36834681  1.93037593  1.11231554
   0.36003166  2.27188158  1.21058416  0.79047912  1.75380957  1.50192606
   1.67506123  0.43442044  0.70621181  1.71232557  0.96203512  0.82070434
   1.32383788  0.98271197  1.0832324   2.73734617  1.07400346  0.82258797
   1.81381857  0.87278098  2.22468758  0.7565611   2.03337574  1.06624115
   1.69776762  0.42362526  0.61884713  1.42565668  0.7860117   0.37926453
   0.75788116  1.66827857  0.03219062  0.27924421  1.50992262  1.16935182
  -0.03806062  2.08478546  0.59323037 -0.07821138  1.1425693   1.76584589
   0.98828858  1.39769793  1.6970849   2.14854813  0.9782294   1.19965076
   0.67048019  1.15009058  1.47442567  1.27240181  2.00460362  1.17435312
   1.66795969 -0.10834717  1.01436377  0.76213461  0.6707536   0.31339976
   1.64884758  1.46540713  2.25256586  0.32752126  0.57351375  1.6472156
   1.23340857  1.46741664  0.82204282  0.24159028  0.8752436   0.90947187
   1.50215852  0.67824012
