  6.68808997e-01   1.19169986e+00   1.28612471e+00   9.12540853e-01
    1.53486454e+00   6.80323243e-01   3.66990268e-01   1.66259170e+00
    6.48336887e-01   3.46387863e-01   1.33121228e+00   1.88469911e+00
    4.37702179e-01  -3.75232361e-02   1.51147008e+00   3.18407297e-01
    1.51932383e+00   6.55628622e-01   1.56842816e+00   1.11165047e+00
    1.24431908e+00   1.14002824e+00   1.03252494e+00   5.75380981e-01
    1.39600265e+00   1.60091639e+00   1.30570459e+00   3.78450704e+00
    3.73719049e+00   3.80380064e-01   9.17209983e-01   1.07655823e+00
    1.46055388e+00   8.21474314e-01   9.13273454e-01   1.32749426e+00
    9.29942727e-01   1.27537572e+00   1.01818168e+00   1.49842811e+00
   -2.96082348e-02   3.63589138e-01   5.87357223e-01   6.94967806e-01
    5.85525751e-01   1.09115791e+00   8.54986191e-01   1.35689497e+00
    1.17471576e+00   7.05935717e-01   1.43214452e+00   2.17352986e+00
    1.06184435e+00   3.88418376e-01   2.10076332e+00   1.89429533e+00
    1.23046684e+00   8.34886491e-01   1.22009432e+00   1.31862983e-01
    1.94511700e+00   1.34657073e+00   1.25695825e+00   7.25789249e-01
    1.70089006e+00   2.12267742e-01   1.05188155e+00   9.81762171e-01
    1.50671649e+00   2.17056441e+00   7.71021664e-01   1.39114189e+00
    1.71369088e+00  -8.79612193e-02  -2.39199400e-02   1.18760562e+00
   -3.59129794e-02   1.16794372e+00   1.40213585e+00   8.29397619e-01
    1.08065057e+00   9.26255465e-01   1.55448031e+00   1.61311865e+00
    5.17606080e-01   1.78103638e+00   3.75136346e-01   1.97311556e+00
    1.21338224e+00   6.99479640e-01   1.35041809e+00   1.12028122e+00
    1.03542447e+00   1.46513808e+00   8.31857681e-01  -1.49734989e-02
    6.25002384e-01   1.11621356e+00   6.31915271e-01   1.07646644e+00
    1.26689446e+00   1.10472691e+00  -3.28789130e-02  -7.53501430e-02
    4.55164164e-01   1.52011788e+00   1.81637383e+00   1.54406667e+00
    2.79697537e-01   1.27600098e+00   2.13189387e+00   9.55916941e-01
    2.85983825e+00   1.47516644e+00   1.15946257e+00   5.71671247e-01
    7.24673569e-01   2.53423500e+00   1.70926452e+00   6.49015427e-01
    2.77903229e-01   1.58515823e+00   1.18085742e+00   1.12236452e+00
    9.91247535e-01   1.31752753e+00   7.12358117e-01   1.04231369e+00
    1.20824620e-01   8.30882132e-01   8.90379190e-01   1.55623031e+00
    2.38995224e-01   1.41609681e+00   1.19596946e+00   7.07939804e-01
    9.00051534e-01  -3.19499485e-02   2.01576456e-01   1.13442767e+00
    7.99037278e-01   1.37498367e+00   1.57541931e+00   1.13452256e+00
    6.80389643e-01   1.59682679e+00   9.07813847e-01   8.94302964e-01
    2.70183706e+00   2.54987478e-01   1.28816855e+00   1.56378552e-01
    8.75933290e-01   1.67070806e+00   8.20737302e-01   1.24932432e+00
    1.58690166e+00   1.20601904e+00   9.86610413e-01   1.83761859e+00
    1.14329553e+00   1.49141276e+00   7.11612821e-01   1.42147744e+00
    9.11378503e-01   9.38925743e-01   1.49048403e-01   7.96134830e-01
    6.98909640e-01   1.66516721e+00   1.02620566e+00   5.65272689e-01
    1.77687359e+00   1.80643189e+00   1.60613465e+00   1.29872918e+00
    1.83022952e+00   9.61891115e-01   2.20014620e+00   8.11282754e-01
    2.74759948e-01   1.29198480e+00   8.36371481e-01   1.33624518e+00
    1.18330252e+00   1.35008955e+00   1.08681715e+00   1.95284629e+00
    8.67598057e-01   1.11588740e+00   1.31259322e+00   1.79014742e+00
    6.31253064e-01   1.28447700e+00   1.09570599e+00   7.02346206e-01
    2.42080951e+00   1.85859418e+00   1.71925199e+00   2.00008845e+00
    2.39422631e+00   1.38097227e+00   5.87564409e-01   6.05550885e-01
    2.51926303e+00   7.13112772e-01   1.22650349e+00   1.18017852e+00
    7.64077544e-01   9.33398426e-01   2.01635063e-01   2.06722483e-01
    9.19451118e-01   9.77565289e-01   9.61805880e-01   8.69759381e-01
    8.89463365e-01   1.16189337e+00   8.36870849e-01   1.70787716e+00
    1.28076816e+00   1.10167468e+00   7.81378746e-01   1.44449461e+00
    7.32882857e-01   1.74048710e+00   1.29244828e+00   1.65912008e+00
    8.10608029e-01   1.50002325e+00   4.38361645e+00   7.04579353e-01
    1.35361612e+00   2.37636304e+00   5.97602606e-01   1.28402829e+00
    1.07525313e+00   1.13150501e+00   6.66439056e-01   1.63446569e+00
    1.14920020e+00   1.26892412e+00   8.45551372e-01   7.84587204e-01
    5.38364530e-01   9.77833092e-01   2.57748008e+00   6.80201173e-01
   -7.85743296e-02   1.45068145e+00   3.27436000e-01   4.47160266e-02
    1.29722524e+00   1.44456589e+00   4.74334657e-01   1.89119875e+00
    1.30193567e+00   9.10269678e-01   2.42766094e+00   1.18367195e+00
    1.43397880e+00   6.05407536e-01   1.74308395e+00   8.41592669e-01
    1.66331327e+00   1.21973825e+00   9.29978907e-01   1.37955117e+00
    9.04623508e-01   1.27821290e+00   1.71221590e+00   1.52489388e+00
    9.95711088e-01   3.06228137e+00   2.95859146e+00   2.55548739e+00
    1.57161748e+00   1.19437361e+00   5.92973650e-01   7.78133631e-01
    1.45682931e+00   1.42588162e+00   7.57434011e-01   1.31828332e+00
   -1.81565061e-02   1.39844573e+00   1.61705637e+00   8.90427291e-01
   -1.90164074e-02  -1.07931495e-01   5.79402804e-01   1.09872627e+00
    1.82909107e+00   8.29318285e-01   3.61787230e-01   1.40915871e+00
    6.70779347e-01   1.16478252e+00   1.03189147e+00   6.63439095e-01
    2.69838524e+00   9.91288662e-01   8.31482947e-01   1.15892828e+00
    1.08743024e+00   1.62726748e+00   1.47271609e+00   1.09339464e+00
    8.74593079e-01   1.36225593e+00   1.68333709e+00  -2.71643698e-02
    9.87603247e-01   1.52714837e+00   1.04091454e+00   1.03539538e+00
    7.47758389e-01  -1.73560102e-02   1.55803621e-01   2.69212794e+00
   -2.63055693e-02   1.10686636e+00   9.14014757e-01   1.35591173e+00
    4.14510041e-01   1.60529447e+00   5.91019869e-01   1.33240449e+00
    1.78609085e+00   6.50405347e-01   7.45194197e-01   2.83784747e+00
    1.74916518e+00   2.16985631e+00   2.39092493e+00   3.01696479e-01
    9.28340495e-01   6.00136220e-01   1.41212058e+00   1.07882833e+00
    7.97109008e-01   6.54880404e-02   6.60054684e-02   4.73058730e-01
    1.18229377e+00   9.13308442e-01   9.39130783e-01   1.07106173e+00
    8.12432528e-01   1.37761211e+00   1.87214386e+00   1.35638762e+00
    1.03601933e+00   1.70242393e+00   1.02784765e+00   7.20088065e-01
    8.56206954e-01   1.73425698e+00   4.05522048e-01   2.15598989e+00
    1.07587314e+00   9.85785842e-01   9.24339414e-01   1.27991736e+00
    6.27393305e-01   8.40442836e-01   1.29364657e+00   7.99497664e-01
    1.55956972e+00   5.45643449e-01   3.27095926e-01   1.49632919e+00
    1.10463881e+00   1.27386844e+00   1.31179404e+00   1.08610916e+00
    1.92748499e+00   1.34377372e+00   1.22447431e+00   8.36020947e-01
    7.76110649e-01   1.43501043e+00   5.53373277e-01   1.29711843e+00
    1.25561202e+00   1.19329941e+00   1.11208117e+00   1.29030573e+00
    1.68859196e+00   4.08999324e-01   1.03828537e+00   2.82018185e-01
    1.51291490e+00   7.51416504e-01   9.26609516e-01   8.25437427e-01
    1.53167450e+00   2.67257094e-01   5.23605347e-01   6.71422184e-01
    1.00106668e+00   9.23759162e-01   1.75190842e+00   1.18166101e+00
    1.79185033e+00   1.01761603e+00   1.48861870e-01   8.97744834e-01
    9.90433335e-01   6.81090593e-01   5.14540076e-01   1.19445729e+00
    2.23010302e+00   8.66784334e-01   1.68659186e+00   1.21511328e+00
    1.56821597e+00   2.07793617e+00   1.01570523e+00   1.44638634e+00
    1.11132419e+00   1.14858949e+00   8.56051028e-01   2.05998945e+00
    1.96191466e+00   1.01863921e+00   1.77802944e+00   1.27236688e+00
    1.97806621e+00   4.44671698e-03   1.42220879e+00   1.67684770e+00
    7.25961208e-01   3.54513437e-01   1.59017527e+00   1.51507485e+00
    2.02110004e+00   7.58832812e-01   6.20532870e-01   2.41053414e+00
    9.26852584e-01   6.88875079e-01   1.23620033e+00   1.75088155e+00
    1.68700480e+00   3.11710775e-01   6.96257710e-01   1.52805805e+00
    9.22333598e-01   8.18597078e-01   1.68392622e+00   8.07237864e-01
    1.26247609e+00   2.52839780e+00   1.25931239e+00   1.39489138e+00
    1.05106843e+00   8.41717243e-01   1.88320839e+00   7.69115269e-01
    1.47368896e+00   9.10238862e-01   1.91702127e+00   2.33566403e-01
    6.71391368e-01   1.56047201e+00   7.83426464e-01  -4.03691054e-04
    3.41390848e-01   8.38459313e-01   7.13910699e-01   2.99979657e-01
    1.00404835e+00   1.40767264e+00  -7.16661736e-02   1.79520214e+00
    9.55944955e-01  -9.33665261e-02   1.60538793e+00   1.36509860e+00
    9.69955742e-01   1.31849945e+00   1.67479467e+00   2.60331869e+00
    9.06639695e-01   1.35899484e+00   9.49685514e-01   1.53413785e+00
    1.38606608e+00   1.31010520e+00   8.72925222e-01   7.30203450e-01
    1.57993853e+00   4.23347175e-01   7.90645778e-01   9.18885291e-01
    6.38753533e-01   2.06709206e-01   1.69441926e+00   1.60741174e+00
    1.66890049e+00   5.50023206e-02   3.63976806e-01   1.77496505e+00
    1.37397981e+00   1.37136865e+00   9.39690948e-01   2.54066616e-01
    6.32915974e-01   7.06799865e-01   1.69255245e+00   8.36543441e-01
