  3.94266784e-01   6.43220603e-01   1.32911634e+00   6.49859488e-01
    1.49845791e+00   8.38919163e-01  -6.55520428e-03   7.93642640e-01
    8.76826644e-01   1.86306566e-01   1.45779526e+00   1.55676520e+00
   -3.32711637e-03   9.05599669e-02   1.18820906e+00   2.82998651e-01
    1.36747789e+00   6.33461714e-01   1.48180294e+00   1.09755099e+00
    1.19564629e+00   1.21550727e+00   8.72001529e-01   5.68762660e-01
    1.80072570e+00   1.42632043e+00   1.16221273e+00   2.01810336e+00
    3.76700902e+00   2.35062212e-01   1.42273173e-01   1.26321518e+00
    1.12534606e+00   8.24073255e-01   6.36611879e-01   1.04702830e+00
    9.15354013e-01   1.29252374e+00   7.35572159e-01   1.54677844e+00
    1.25386640e-01   4.45411146e-01   4.48035032e-01   8.55996966e-01
    7.16399550e-01   1.23991072e+00   1.14840627e+00   1.22486281e+00
    9.92397368e-01   9.00352836e-01   1.77704883e+00   1.36991668e+00
    5.87114573e-01   5.11834860e-01   1.62946546e+00   1.69548559e+00
    1.01058638e+00   3.56118292e-01   1.51664102e+00   1.13138184e-01
    1.28274512e+00   6.27070189e-01   1.25850475e+00   1.25774503e+00
    1.33330381e+00   6.60653472e-01   1.10006499e+00   9.24619138e-01
    1.18476558e+00   9.40287590e-01   5.56616962e-01   1.30719543e+00
    1.50467134e+00  -1.45979404e-01  -6.59862384e-02   1.39590645e+00
   -7.58642480e-02   7.64472723e-01   1.22986674e+00   8.53012860e-01
    4.14766222e-01   1.08003664e+00   1.11341369e+00   1.33912146e+00
    5.22125475e-02   1.17711461e+00   6.83687806e-01   1.94970059e+00
    1.19095635e+00   3.76836956e-01   8.98902059e-01   5.69627404e-01
    9.40483868e-01   1.31158805e+00   1.10032022e+00  -1.70120485e-02
    4.93270040e-01   1.09039962e+00  -2.70266435e-03   1.18647683e+00
    1.10828888e+00   1.17363870e+00  -1.22093536e-01  -1.13478735e-01
    4.02498811e-01   1.96355128e+00   1.81845152e+00   7.82980502e-01
   -3.03468201e-02   1.07913876e+00   1.93564034e+00   8.80426466e-01
    1.76573324e+00   1.55398166e+00   3.30244064e-01   9.65264857e-01
    7.31782198e-01   1.83105552e+00   1.68601465e+00   7.73543477e-01
    1.37802344e-02   1.12301922e+00   1.27808762e+00   1.50670862e+00
    1.57240343e+00   1.04094517e+00   3.28117579e-01   1.11426866e+00
   -4.21500467e-02   8.30559611e-01   8.40925217e-01   1.36521447e+00
   -6.53662905e-02   1.14741600e+00   6.76118612e-01   7.42451668e-01
    1.13532197e+00  -6.33191783e-03  -2.52265763e-02   1.40027988e+00
    7.41606891e-01   1.12697923e+00   6.66215420e-01   5.49479067e-01
    6.33956552e-01   1.49960256e+00  -4.68684640e-03   6.56168282e-01
    3.01533127e+00  -5.19671105e-03   1.21517837e+00  -1.15916925e-02
    9.05360103e-01   1.57583511e+00   2.45626494e-01   1.41228747e+00
    1.28314281e+00   1.45438218e+00   9.36288595e-01   1.54059911e+00
    9.67712641e-01   1.51013398e+00   1.19087768e+00   1.34449589e+00
    8.62832308e-01   9.35517669e-01   1.95415653e-02   2.97042131e-01
    8.09897006e-01   1.29151404e+00   9.20423090e-01   6.02143884e-01
    1.33962584e+00   9.75519061e-01   1.21511102e+00   1.75959468e+00
    1.82260633e+00   5.59895098e-01   2.11826968e+00   1.29123759e+00
    1.54392749e-01   1.50415552e+00   3.78701240e-01   6.86373830e-01
    4.98900115e-01   8.47351432e-01   6.21165991e-01   1.22388422e+00
    9.03638244e-01   1.22061443e+00   8.64871264e-01   1.68808985e+00
    2.95337081e-01   9.65220153e-01   1.10514963e+00   2.03355879e-01
    2.00776792e+00   2.28179526e+00   1.05593848e+00   1.24757993e+00
    2.38293910e+00   7.27658331e-01   8.96080315e-01   8.02517608e-02
    1.98727262e+00   4.42147553e-01   1.47825968e+00   8.09018552e-01
    4.59772348e-01   8.21457148e-01   5.38936079e-01   8.60901028e-02
    1.04865944e+00   1.22364688e+00   5.51631570e-01   1.03239560e+00
   -7.21380627e-03   1.21281183e+00   6.40378714e-01   7.28464782e-01
    1.09553468e+00   1.30037916e+00   1.22090113e+00   1.14801073e+00
    7.48948812e-01   1.56936121e+00   1.08428943e+00   1.54909039e+00
    5.34031928e-01   1.31216002e+00   3.53252268e+00   7.56725073e-01
    5.99073827e-01   1.90456975e+00   6.56440139e-01   8.58092189e-01
    3.93852144e-01   1.50456321e+00   9.82819617e-01   1.70483828e+00
    7.54402399e-01   1.73679364e+00   1.05048990e+00   9.02359307e-01
   -3.87436822e-02   1.06756270e+00   3.12865496e+00   8.36508036e-01
   -1.50045648e-01   1.38610709e+00   3.06014866e-01   2.92357981e-01
    1.42278004e+00   1.31711292e+00  -3.48398648e-02   1.53685558e+00
    7.01446891e-01   4.86565799e-01   2.45468211e+00   4.92813855e-01
    1.12598181e+00   1.08647726e-01   1.73112261e+00   1.06610596e+00
    1.54333901e+00   8.25635850e-01   7.33598471e-01   1.12968981e+00
    9.30623353e-01   1.00310302e+00   1.59933734e+00   9.69429255e-01
    1.07574272e+00   2.65530682e+00   2.33399653e+00   2.08155012e+00
    1.14700985e+00   6.39897406e-01   7.14406490e-01   4.84559029e-01
    1.40946674e+00   1.38341367e+00   8.53425264e-01   1.33471036e+00
   -6.36012480e-02   3.75290692e-01   5.20519316e-01   3.48882586e-01
   -1.23402886e-01  -1.05950944e-01   7.20872998e-01   4.28180337e-01
    1.96217442e+00   7.81952560e-01   5.16416669e-01   1.48775053e+00
    6.98619843e-01   9.75517035e-01   5.46635091e-01   6.85084403e-01
    2.55817223e+00   1.19312072e+00   9.93764281e-01   1.25592673e+00
    1.12078464e+00   1.55696142e+00   1.19858563e+00   1.46582150e+00
    1.46614924e-01   6.82088971e-01   1.31411505e+00  -2.38190871e-02
    5.59137702e-01   1.49032998e+00   1.02444875e+00   6.70120716e-01
    7.56904900e-01  -7.48895630e-02  -3.92114632e-02   2.78414845e+00
   -6.58496469e-02   1.06819344e+00   9.46406186e-01   1.00433874e+00
    4.12143141e-01   1.15501571e+00   6.54149830e-01   1.29572666e+00
    1.60125709e+00   1.07138407e+00   1.36439875e-01   2.52103758e+00
    1.44000459e+00   2.40100455e+00   1.58007109e+00  -7.04949573e-02
    1.18530405e+00   1.37651980e-01   1.17686105e+00   6.51365757e-01
    1.17654204e+00   1.81873426e-01  -3.50782871e-02  -2.36533601e-02
    1.22934532e+00   1.10945642e+00   2.85052955e-01   7.51624942e-01
    4.97584045e-01   6.94683552e-01   8.11688840e-01   1.38455546e+00
    1.33295965e+00   1.31981993e+00   5.84434152e-01  -3.36142145e-02
    1.90897435e-01   1.15373421e+00   3.61705810e-01   1.85556197e+00
    1.30335614e-01   9.12927032e-01   4.83046412e-01   7.51990795e-01
    3.35788846e-01   8.70333552e-01   3.36138517e-01   1.14687693e+00
    1.42102766e+00   2.45962903e-01   1.30159080e-01   1.48484194e+00
    8.08188081e-01   8.17484260e-01   1.11449480e+00   1.81962729e+00
    1.98208523e+00   8.20439458e-01   1.30231166e+00   7.55616963e-01
    1.73979774e-01   1.98755538e+00   8.06051716e-02   1.27741611e+00
    1.33497751e+00   1.08552825e+00   1.15562713e+00   1.54388320e+00
    1.57903564e+00   1.00610994e-01   9.91041899e-01   1.07192643e-01
    6.98644280e-01   7.68627048e-01   5.95505893e-01   7.60145009e-01
    4.96858656e-01  -3.59518416e-02  -2.34779827e-02   1.16492605e+00
    4.24812943e-01   1.03424573e+00   1.72139275e+00   1.43429649e+00
    1.01791811e+00   9.98841465e-01  -1.04865626e-01   7.17599511e-01
    8.24666500e-01   1.11556339e+00   1.77793756e-01   1.28319526e+00
    1.02486563e+00   1.10523701e+00   1.32811284e+00   1.25627744e+00
    1.26462507e+00   2.13063526e+00   3.26149203e-02   1.29461360e+00
    1.25762403e+00   7.95768976e-01  -1.61472168e-02   1.50139773e+00
    1.89886189e+00   9.49038625e-01   1.88519037e+00   1.46561623e+00
    1.76474333e+00  -8.60350132e-02   9.19249177e-01   1.93298161e+00
    4.29853082e-01   4.30177823e-02   1.27099395e+00   5.57452798e-01
    2.01146388e+00   6.28866673e-01   7.30042577e-01   3.13212514e+00
    1.25935578e+00   5.24230599e-01   1.48260355e+00   1.83401608e+00
    1.71054494e+00  -8.96283984e-02   7.61074483e-01   1.92771137e+00
    9.72228110e-01   7.19700754e-01   1.23662448e+00   6.16331697e-01
    6.63013935e-01   2.20937228e+00   8.04401159e-01   9.20366704e-01
    7.54471719e-01   1.10914576e+00   1.63087833e+00   7.83434451e-01
    8.38247657e-01   8.97845566e-01   9.82148767e-01   1.40354276e-01
    6.48463607e-01   1.06295717e+00   1.29187369e+00  -6.68089092e-02
    3.46844643e-01   4.57765579e-01  -4.71264869e-03   2.74906475e-02
    1.24059713e+00   1.09673619e+00  -9.53891203e-02   1.20288789e+00
    5.31148553e-01  -7.07817152e-02   1.21503425e+00   1.45425951e+00
    1.27636957e+00   1.20347452e+00   1.24669349e+00   1.96998739e+00
    5.43151617e-01   2.78347075e-01   4.05339986e-01   1.16450870e+00
    1.34932113e+00   9.00222123e-01   6.26391947e-01   1.04476035e+00
    1.41671956e+00  -1.12027645e-01   7.58654118e-01   7.15585470e-01
    8.02680731e-01   3.17393839e-01   1.68612766e+00   1.66784835e+00
    2.46042657e+00  -3.56681086e-02  -4.59036119e-02   1.05589569e+00
    1.09960926e+00   1.72160268e+00   8.95681381e-01  -7.33490288e-02
    4.33930337e-01   8.21420193e-01   1.07697964e+00   7.25336492e-01
