  4.75902587e-01   1.07658005e+00   1.14743733e+00   6.81848943e-01
    1.32025433e+00   7.01109409e-01   5.38782537e-01   1.24998748e+00
    7.63787627e-01   5.41694164e-01   1.14122045e+00   1.47000802e+00
    2.78585285e-01  -2.39283573e-02   7.34930634e-01   2.04360992e-01
    9.29547071e-01   7.39775181e-01   1.47875381e+00   1.07960689e+00
    1.38528085e+00   1.31825149e+00   1.55688214e+00   1.18560827e+00
    1.64529097e+00   1.05952489e+00   8.13440979e-01   2.68803072e+00
    4.45745945e+00   5.87102532e-01   2.79641122e-01   1.27572703e+00
    1.22105658e+00   1.00995195e+00   1.24476719e+00   1.31098783e+00
    5.79511702e-01   1.42802346e+00   9.08559740e-01   1.55516136e+00
    3.26218665e-01   4.65558469e-01   3.89422834e-01   7.57632732e-01
    5.96240401e-01   1.12724614e+00   8.95070791e-01   1.15227032e+00
    9.13125634e-01   9.90630925e-01   1.71624625e+00   1.85191309e+00
    8.44706535e-01   5.06170213e-01   1.65400410e+00   1.65694356e+00
    1.10429823e+00   7.40638375e-01   1.39417958e+00   8.28944862e-01
    1.29074967e+00   1.06307471e+00   1.25165951e+00   9.25833464e-01
    1.13905621e+00   4.13804173e-01   1.04744756e+00   8.96778047e-01
    9.97670412e-01   1.55947948e+00   7.07277000e-01   1.11718869e+00
    1.64675319e+00  -5.70514314e-02   7.54274800e-02   9.61771429e-01
   -3.08956597e-02   1.13151336e+00   1.19075847e+00   8.64965320e-01
    5.91403425e-01   9.52922523e-01   1.06170464e+00   1.54384983e+00
    1.87391236e-01   1.05464566e+00   5.99813819e-01   1.47183025e+00
    1.16683435e+00   4.51782793e-01   1.13297808e+00   7.57452250e-01
    8.20740283e-01   1.38730383e+00   1.35359001e+00  -1.52195049e-02
    6.05447710e-01   1.03655601e+00   2.13308230e-01   1.16481185e+00
    1.38194680e+00   1.18229258e+00   2.26927206e-01  -1.05287030e-01
    8.10579121e-01   2.06822729e+00   1.78431988e+00   7.29497671e-01
    3.87229100e-02   1.04045010e+00   1.98492336e+00   9.43069100e-01
    1.93934321e+00   1.65169334e+00   6.18544996e-01   7.65848815e-01
    9.34304655e-01   1.70779073e+00   2.16184282e+00   6.40996218e-01
    7.17378333e-02   1.51284790e+00   5.87505460e-01   1.49492097e+00
    1.35274041e+00   1.11251247e+00   8.05733502e-01   8.36221755e-01
   -6.34919433e-03   8.29129457e-01   9.71729994e-01   1.28814697e+00
    3.91514897e-01   1.39300752e+00   9.46718037e-01   7.09919989e-01
    8.46916139e-01   2.29079090e-02   4.44337785e-01   1.22613287e+00
    7.58733094e-01   7.77331829e-01   1.22371924e+00   8.57249498e-01
    6.47213817e-01   1.97652793e+00   7.60808766e-01   8.97875190e-01
    2.56964779e+00   3.61980885e-01   1.35188019e+00   4.71058816e-01
    5.30566633e-01   1.36109734e+00   6.55803382e-01   1.27488971e+00
    1.49854112e+00   1.30911565e+00   1.11449957e+00   1.50592697e+00
    1.24899387e+00   1.20211601e+00   7.57842839e-01   1.43368924e+00
    8.56183469e-01   1.05976963e+00   5.39116800e-01   3.63754570e-01
    9.59237993e-01   1.37856555e+00   8.47116411e-01   5.81196189e-01
    1.84587216e+00   1.30365908e+00   9.69807804e-01   1.74821079e+00
    1.84177935e+00   9.26232934e-01   2.22046709e+00   8.03546369e-01
    1.28639650e+00   2.05240989e+00   5.87209702e-01   9.73882377e-01
    4.88200963e-01   1.26652503e+00   8.76486897e-01   1.71883345e+00
    8.09310079e-01   1.29384267e+00   8.02781641e-01   1.90594244e+00
    1.05447657e-01   1.66605616e+00   1.08165145e+00   4.43494087e-03
    2.27691340e+00   1.31605852e+00   9.16409671e-01   1.72792423e+00
    2.02220678e+00   1.06684113e+00   5.70807338e-01   6.19426727e-01
    2.31645918e+00   3.36277336e-01   1.22477686e+00   8.54331315e-01
    7.07277358e-01   5.83478272e-01   5.01485884e-01   1.73154220e-01
    9.80480909e-01   7.84826040e-01   8.15317631e-01   1.69852471e+00
    7.05490291e-01   1.15935826e+00   1.03422689e+00   1.08630967e+00
    1.28351700e+00   9.91137743e-01   1.03977716e+00   1.25617504e+00
    7.67038107e-01   1.53317225e+00   1.31367958e+00   1.34702671e+00
    6.83227360e-01   1.20249522e+00   4.47767353e+00   6.89031482e-01
    6.88170969e-01   3.18924427e+00   3.70739520e-01   1.22329736e+00
    6.14053190e-01   1.31515086e+00   7.55831778e-01   1.67919421e+00
    8.90242040e-01   1.58883488e+00   9.86152768e-01   8.26748013e-01
    6.74206734e-01   9.18889165e-01   3.21588206e+00   9.87638950e-01
   -1.38648748e-01   1.56995106e+00   3.10242683e-01   3.32976043e-01
    1.22701371e+00   1.28705502e+00   3.10748041e-01   1.43401027e+00
    9.12813485e-01   4.70257163e-01   3.03582549e+00   1.02341962e+00
    1.07524312e+00   3.83722812e-01   1.73140478e+00   1.17650843e+00
    9.75152194e-01   1.02372539e+00   6.58399463e-01   1.74501657e+00
    8.96755397e-01   7.26915300e-01   1.33215511e+00   1.53172338e+00
    1.24126649e+00   2.78631449e+00   2.49746799e+00   2.57119346e+00
    1.04901600e+00   8.82797420e-01   8.70064318e-01   4.62988466e-01
    1.28875232e+00   9.42498147e-01   1.27207112e+00   1.25485682e+00
    1.19075477e-01   7.31354237e-01   9.61471021e-01   6.24761045e-01
   -3.10648065e-02  -6.83476552e-02   8.21130395e-01   1.04146481e+00
    1.64051354e+00   7.65005469e-01   3.89021724e-01   1.63930905e+00
    8.31828415e-01   9.40820813e-01   1.44508302e+00   7.34843314e-01
    2.97807288e+00   1.48258579e+00   9.01306331e-01   1.31248260e+00
    9.79458809e-01   1.57719290e+00   1.23932683e+00   1.08125830e+00
    5.30865669e-01   9.31883991e-01   1.95595694e+00   1.54632315e-01
    1.42362571e+00   1.40722132e+00   1.20283854e+00   4.46396440e-01
    1.19949806e+00   1.15438029e-02   2.10524797e-01   2.63919258e+00
   -5.57915568e-02   1.14182198e+00   1.28746462e+00   1.47235501e+00
    4.08110827e-01   1.24649251e+00   5.64867854e-01   1.34030151e+00
    2.19446349e+00   1.17114270e+00   3.48854393e-01   3.08938313e+00
    1.61235929e+00   2.18139768e+00   1.85971045e+00   4.13617432e-01
    9.07403290e-01   4.70982134e-01   1.05880451e+00   7.24882782e-01
    1.11155021e+00   2.94355750e-01   1.25389710e-01   4.93079014e-02
    1.08458591e+00   6.19523644e-01   7.95897186e-01   1.02502191e+00
    7.92710662e-01   1.18382287e+00   8.81898522e-01   1.34971356e+00
    7.92024851e-01   1.00855613e+00   4.62699801e-01   6.29476786e-01
    5.65261602e-01   8.45826030e-01   2.50383586e-01   1.84445024e+00
    4.30047601e-01   1.29534161e+00   7.00564802e-01   6.21431470e-01
    8.10690582e-01   9.31347072e-01   7.72112072e-01   1.04277849e+00
    1.56061792e+00   4.71172124e-01   4.35809165e-01   1.49896097e+00
    7.89563954e-01   8.72360826e-01   9.48969603e-01   1.58493257e+00
    2.06734657e+00   9.59395766e-01   1.41227567e+00   7.34559953e-01
    3.48753095e-01   1.44396412e+00   2.22354427e-01   1.30103874e+00
    1.15699363e+00   1.20442080e+00   1.05311728e+00   1.35197616e+00
    1.27596295e+00   3.62699836e-01   1.09103668e+00   5.35144687e-01
    1.42571473e+00   8.75260532e-01   8.90491188e-01   8.62550437e-01
    1.01390028e+00   8.96577612e-02   1.18407890e-01   1.29222655e+00
    7.92614698e-01   1.17912054e+00   1.74160254e+00   1.70329118e+00
    1.35311007e+00   9.27143931e-01   6.79719821e-02   7.81655133e-01
    9.37332451e-01   9.69575047e-01   8.08330551e-02   1.27346110e+00
    1.30695593e+00   5.75564682e-01   1.57984877e+00   1.31732011e+00
    1.71109223e+00   1.83268511e+00   8.43012631e-01   5.49458325e-01
    1.62779033e+00   1.05063426e+00   4.71884876e-01   1.92914617e+00
    2.09491420e+00   9.88768280e-01   1.75299227e+00   1.38086426e+00
    1.68446326e+00  -3.10946442e-02   1.00034642e+00   2.13174057e+00
    9.23643708e-01   5.95520437e-01   1.25328493e+00   7.04562962e-01
    1.51354039e+00   5.93686998e-01   6.77017748e-01   2.47627091e+00
    1.04828668e+00   5.15261590e-01   2.48671937e+00   1.51120269e+00
    1.72638345e+00   8.12347457e-02   8.61170053e-01   1.22593153e+00
    9.29165661e-01   8.25261772e-01   1.14031827e+00   9.25546706e-01
    1.08065224e+00   2.91993570e+00   3.55524868e-01   1.24911296e+00
    9.57481563e-01   1.02768683e+00   2.08097863e+00   7.73923039e-01
    1.30239940e+00   9.08397675e-01   1.29136646e+00   4.04258817e-01
    7.85055697e-01   1.71295655e+00   1.51680338e+00  -2.91474294e-02
    3.79621774e-01   7.08041787e-01   2.91088134e-01   2.29174703e-01
    9.05380905e-01   9.46088016e-01  -2.53818762e-02   1.47072685e+00
    5.07463574e-01  -5.42779639e-02   9.80089009e-01   1.24619448e+00
    1.12535155e+00   1.20393991e+00   1.27289081e+00   2.36666608e+00
    1.41259253e+00   7.17387915e-01   1.59974301e+00   1.50038505e+00
    1.04086590e+00   1.02378035e+00   1.26353359e+00   5.76017439e-01
    1.40665030e+00  -2.91572716e-02   1.13777101e+00   7.31956124e-01
    7.75257707e-01   2.10316658e-01   1.66759574e+00   1.10692918e+00
    1.96704471e+00   1.11335829e-01   5.35722256e-01   1.17105079e+00
    1.22133601e+00   1.38612509e+00   7.98468888e-01   5.00246622e-02
    8.30310166e-01   8.25705349e-01   1.84503555e+00   7.30948091e-01
