  6.43266737e-01   2.08562517e+00   1.49784327e+00   1.19439113e+00
    1.35815322e+00   9.53238845e-01   4.79873985e-01   1.64251316e+00
    8.07949245e-01   5.05950093e-01   1.06142795e+00   1.25216734e+00
    7.91593418e-02   3.53687555e-02   7.28067219e-01   6.42602801e-01
    9.10649717e-01   7.18512595e-01   1.57898879e+00   1.10944426e+00
    1.19150090e+00   1.37175953e+00   1.52428293e+00   1.66832948e+00
    2.02231336e+00   1.11629403e+00   8.47263992e-01   2.97846532e+00
    3.74506783e+00   8.29899192e-01   5.33897221e-01   1.21260798e+00
    1.71759772e+00   1.08395064e+00   9.94562924e-01   9.71156359e-01
    6.98719263e-01   1.40031922e+00   7.04112351e-01   1.64170647e+00
    5.80040812e-01   4.28163290e-01   5.17861962e-01   1.11506474e+00
    6.16674781e-01   1.59689391e+00   7.34383047e-01   1.21565616e+00
    8.87311459e-01   9.21260417e-01   1.75285292e+00   2.20198250e+00
    8.30562890e-01   8.12178314e-01   1.79771924e+00   1.88689780e+00
    1.09369671e+00   8.45944583e-01   1.39536870e+00   4.47711051e-01
    1.29378116e+00   1.02295339e+00   1.26447535e+00   1.20814419e+00
    9.53771234e-01   3.99454832e-01   1.04587531e+00   9.70547020e-01
    1.53230095e+00   1.19914210e+00   1.02828145e+00   1.51869559e+00
    1.58187735e+00  -1.26496136e-01  -4.31913920e-02   1.34516466e+00
   -4.43062261e-02   1.15182889e+00   1.98787010e+00   1.05508745e+00
    7.64797747e-01   9.70647573e-01   1.23306096e+00   1.14217484e+00
    2.24706084e-01   1.11772919e+00   4.75698382e-01   1.78227258e+00
    1.27068877e+00   2.76764929e-02   1.28815341e+00   8.93617451e-01
    1.26606762e+00   1.43237388e+00   1.37776768e+00  -1.53885335e-02
    5.63710034e-01   1.22585356e+00   8.48948434e-02   2.14678144e+00
    1.36500537e+00   1.09549689e+00  -8.79174024e-02  -5.32994568e-02
    2.37809524e-01   2.14622140e+00   1.90529048e+00   9.60501015e-01
    1.58697873e-01   1.07853115e+00   2.43452525e+00   8.92507315e-01
    1.89304924e+00   1.36601162e+00   4.67615128e-01   1.00646698e+00
    1.32095742e+00   2.03218412e+00   1.76669395e+00   5.56283653e-01
    8.02567974e-02   1.46681297e+00   9.72981155e-01   1.67661679e+00
    1.28446531e+00   1.27358389e+00   8.09430778e-01   8.82974982e-01
   -6.05234802e-02   8.26560915e-01   8.06217194e-01   1.66456556e+00
    3.87000769e-01   1.11589193e+00   7.23760605e-01   6.15157604e-01
    1.18036616e+00   5.59693217e-01   3.08448821e-01   1.47107780e+00
    5.54810703e-01   1.27815449e+00   1.18384326e+00   9.87975001e-01
    6.47819281e-01   1.32830954e+00   4.17536855e-01   8.37021053e-01
    2.81764936e+00  -5.27464710e-02   1.39511693e+00   1.05816174e+00
    6.49368584e-01   1.49867046e+00   9.34644938e-01   1.35960793e+00
    1.36940682e+00   1.14754450e+00   7.91734755e-01   2.12793541e+00
    1.01588237e+00   1.56847394e+00   7.48471975e-01   1.37211204e+00
    8.77300084e-01   1.24009013e+00   6.99668974e-02   5.81591129e-01
    7.81742096e-01   1.42899311e+00   9.24674094e-01   6.64991021e-01
    2.14806199e+00   1.03420007e+00   1.18967366e+00   1.53660893e+00
    1.83771479e+00   7.26799667e-01   2.32103944e+00   8.77827644e-01
    1.64349914e+00   1.71668267e+00   3.11589092e-01   8.14455748e-01
    9.51877654e-01   1.03430259e+00   1.36071599e+00   1.58378446e+00
    8.09716642e-01   1.16227281e+00   1.00657773e+00   2.20578384e+00
   -5.72252274e-02   1.12209475e+00   1.09066224e+00   1.76530868e-01
    2.63678503e+00   2.35045815e+00   1.72036982e+00   1.52888942e+00
    2.62009883e+00   7.14124680e-01   4.42992866e-01   3.81879479e-01
    2.00837064e+00   1.17122591e+00   1.05700588e+00   9.72702920e-01
    7.83960283e-01   5.49162090e-01   4.84976053e-01   1.67712033e-01
    1.15370178e+00   1.25798273e+00   6.79774165e-01   1.03819966e+00
    1.04872346e+00   1.08910668e+00   6.85358405e-01   8.23949814e-01
    1.38503003e+00   1.24108624e+00   6.61644340e-01   1.47924817e+00
    1.02052772e+00   1.76384902e+00   1.13595414e+00   1.42822361e+00
    7.44185865e-01   9.98068452e-01   4.56053305e+00   7.94445455e-01
    8.09586346e-01   2.50097203e+00   5.14515758e-01   1.61828208e+00
    7.70343661e-01   1.31136382e+00   8.86165738e-01   1.64949453e+00
    7.43061781e-01   1.21031547e+00   9.46346998e-01   1.05478621e+00
    2.40277462e-02   1.58111417e+00   2.95810246e+00   7.68909395e-01
   -1.22175850e-01   1.61152446e+00   3.07469428e-01  -5.51532768e-03
    1.08436799e+00   1.45142829e+00   4.94469434e-01   1.56255174e+00
    6.33235812e-01   7.47180164e-01   2.59546733e+00   9.69617784e-01
    1.58830738e+00   4.04162258e-01   1.73334360e+00   6.86417580e-01
    1.04478168e+00   8.21053386e-01   8.81244421e-01   1.07981026e+00
    8.78222525e-01   1.02693176e+00   1.69572258e+00   1.40664613e+00
    1.25951982e+00   2.84267068e+00   2.56401968e+00   2.69956279e+00
    1.30192685e+00   9.19364989e-01   7.84319758e-01   9.52469945e-01
    1.33058500e+00   1.09774518e+00   7.71015823e-01   1.43471205e+00
    6.03590943e-02   7.07019508e-01   1.16475320e+00   4.82592016e-01
    1.36126995e-01  -1.26815796e-01   8.78727198e-01   8.32702518e-01
    1.28995025e+00   6.24918103e-01   3.93803477e-01   1.36848140e+00
    1.18632531e+00   1.04207873e+00   9.45924997e-01   7.07658947e-01
    3.31453252e+00   1.16372204e+00   8.38910043e-01   1.19379282e+00
    1.07523561e+00   1.62118709e+00   1.52563393e+00   1.16568542e+00
    1.03199172e+00   6.79851532e-01   1.87247312e+00  -3.17410193e-02
    1.35311127e+00   1.41939759e+00   1.11363065e+00   4.70770478e-01
    6.59458876e-01   2.04199195e-01   2.30528697e-01   2.94972014e+00
   -1.05823539e-01   1.05096245e+00   1.05567098e+00   1.40585816e+00
    4.10119683e-01   1.31870413e+00   5.97833574e-01   1.32779539e+00
    2.34436059e+00   1.05441797e+00   6.04906201e-01   3.08700180e+00
    1.48380840e+00   2.12595105e+00   1.66189730e+00  -2.84810644e-02
    1.07718039e+00   2.17662692e-01   1.32165265e+00   7.70825446e-01
    9.19825137e-01   1.31303102e-01   6.02363765e-01   2.22417459e-01
    1.37358034e+00   1.33701181e+00   9.68454957e-01   9.60121751e-01
    1.06524491e+00   1.38711584e+00   9.52718019e-01   1.40546429e+00
    9.07445133e-01   1.25762749e+00   4.33783144e-01   4.82946604e-01
    5.23821235e-01   1.09712386e+00   1.09296769e-01   7.76607096e-01
    1.07223916e+00   1.39104283e+00   7.62651324e-01   1.36463618e+00
    8.75504494e-01   1.17219484e+00   8.85343969e-01   5.97467721e-01
    2.20305848e+00   5.28164983e-01   4.56037432e-01   1.52709162e+00
    8.81516039e-01   6.76220834e-01   9.21142638e-01   1.28713620e+00
    1.36933625e+00   8.81765664e-01   1.29715681e+00   8.50917459e-01
    2.66839325e-01   1.93435848e+00   4.02424961e-01   1.28497863e+00
    1.18046653e+00   1.08576548e+00   1.07141721e+00   1.29873228e+00
    8.59700680e-01   2.72116810e-01   1.02499807e+00   3.95026088e-01
    9.49503899e-01   7.43077219e-01   7.50615001e-01   8.15413713e-01
    6.35092080e-01  -8.25758465e-03   5.39826393e-01   1.17028165e+00
    5.67887247e-01   1.28532314e+00   1.48720479e+00   1.60702753e+00
    7.22034574e-01   7.33996809e-01   3.55553138e-03   7.89591432e-01
    1.03024769e+00   8.64617825e-01   8.62426341e-01   1.28822720e+00
    1.62686813e+00   4.84725446e-01   1.90172446e+00   1.36308801e+00
    1.61838639e+00   1.64369643e+00   6.39054537e-01   8.08192492e-01
    1.33235037e+00   1.24654126e+00   1.07189643e+00   2.01600337e+00
    2.03038216e+00   1.00544369e+00   1.99760878e+00   1.39248049e+00
    1.57561469e+00  -5.70845380e-02   1.06362081e+00   1.59179235e+00
    2.00653672e+00   8.89716685e-01   1.29365444e+00   8.90166461e-01
    1.85424960e+00   3.90017986e-01   1.26249552e+00   2.02658701e+00
    1.78943026e+00   1.40163600e+00   2.11018586e+00   1.24309647e+00
    9.19132710e-01  -4.28052060e-02   1.10598266e+00   1.55388224e+00
    9.42521751e-01   8.36650491e-01   1.47351503e+00   6.73227668e-01
    1.46739411e+00   2.68404937e+00   6.51412249e-01   1.12333226e+00
    6.21442974e-01   8.95691037e-01   1.56676793e+00   7.70080507e-01
    9.80880260e-01   7.61709154e-01   1.74275982e+00   5.77260256e-01
    7.30036855e-01   1.95945871e+00   1.35319519e+00  -5.20754457e-02
    4.55201358e-01   6.10260785e-01  -3.17836888e-02   1.69790089e-01
    1.32102144e+00   1.31160533e+00  -1.20880596e-01   1.25158691e+00
    5.90848148e-01  -1.17587648e-01   1.45804727e+00   1.37375724e+00
    7.90107071e-01   1.43102038e+00   1.52130103e+00   1.53793716e+00
    1.57721984e+00   8.71534944e-01   1.31333590e+00   1.51927447e+00
    8.33127677e-01   8.61918986e-01   9.56813574e-01   7.59344816e-01
    1.46777713e+00   2.66954273e-01   1.20411789e+00   7.96144128e-01
    7.24181354e-01   9.05192256e-01   1.71887600e+00   1.35767746e+00
    1.79952157e+00  -2.11891960e-02   4.54685748e-01   1.28186607e+00
    1.50675833e+00   1.39629519e+00   1.14052427e+00  -1.57453176e-02
    7.83740699e-01   9.92768943e-01   1.76766491e+00   7.94169962e-01
