  8.48608673e-01   1.97630095e+00   1.16238034e+00   5.99661887e-01
    1.65355968e+00   6.75733209e-01   5.74827433e-01   1.75041354e+00
    5.92829049e-01   3.57370913e-01   1.08668327e+00   1.57556987e+00
    3.04335684e-01   4.28639263e-01   9.42815304e-01   6.09195948e-01
    1.45158601e+00   8.25908124e-01   1.29543746e+00   1.10894811e+00
    1.27303517e+00   1.33858919e+00   1.26227617e+00   1.68769968e+00
    1.55368185e+00   1.28211617e+00   6.16189241e-01   3.74684763e+00
    4.25388908e+00   5.72791457e-01   8.44786108e-01   1.40201151e+00
    1.67589903e+00   8.29507828e-01   7.34376669e-01   1.42433178e+00
    4.67759907e-01   1.49238479e+00   8.37646127e-01   1.30951071e+00
    4.63558704e-01   4.53070492e-01   8.27750802e-01   6.64626896e-01
    5.88030875e-01   1.17057383e+00   1.01652026e+00   1.15549433e+00
    7.68680573e-01   1.00236642e+00   1.58205235e+00   2.32402849e+00
    6.55464292e-01   3.16997468e-01   1.73064685e+00   1.87616503e+00
    1.10695887e+00   9.40267980e-01   1.17292869e+00   1.10167325e-01
    1.29185021e+00   7.89200127e-01   1.35498035e+00   9.52948153e-01
    9.54033494e-01   6.65790021e-01   1.05088532e+00   9.52783644e-01
    1.67714489e+00   1.29682410e+00   1.09530973e+00   1.62597632e+00
    1.60591209e+00  -1.63344219e-01  -3.12214252e-02   1.45725119e+00
   -6.32517263e-02   8.96424413e-01   1.73125625e+00   1.07343292e+00
    9.21736240e-01   1.09691763e+00   1.26502359e+00   1.51479757e+00
    2.49946877e-01   1.09921217e+00   5.57877243e-01   1.89705825e+00
    1.23322797e+00   4.88931268e-01   9.81821239e-01   1.10203075e+00
    1.96562958e+00   1.12063885e+00   1.68052602e+00   3.92310731e-02
    5.16989648e-01   1.19668591e+00  -1.45425391e-03   1.73565483e+00
    1.33171248e+00   1.23096919e+00  -6.56469092e-02  -8.29370841e-02
    3.74806672e-01   1.87760365e+00   1.78761172e+00   1.14845812e+00
    1.52088001e-01   1.11900342e+00   2.58795357e+00   1.08201718e+00
    2.35386920e+00   1.54895294e+00   1.06435049e+00   8.10734391e-01
    7.28912592e-01   2.87243652e+00   2.17719746e+00   7.06203401e-01
    1.61299393e-01   1.49103487e+00   1.42696130e+00   1.43911362e+00
    1.32953811e+00   1.43746972e+00   7.32633531e-01   1.21854937e+00
   -2.08981540e-02   8.31529856e-01   7.41542578e-01   1.53847814e+00
    6.24495186e-02   1.16118407e+00   1.01450288e+00   7.95909762e-01
    1.22991121e+00   3.66914682e-02   5.52644491e-01   1.38119471e+00
    8.68788421e-01   1.07563162e+00   1.26799297e+00   1.43063438e+00
    6.41825497e-01   1.73155606e+00   3.86872411e-01   7.89762080e-01
    2.98824549e+00   3.36406946e-01   1.30979145e+00   1.20189287e-01
    8.07723224e-01   1.70237780e+00   3.40734661e-01   1.46598756e+00
    1.68769276e+00   1.10735989e+00   7.19834208e-01   1.82117140e+00
    1.07758725e+00   1.37582350e+00   1.13504529e+00   1.42341065e+00
    8.19477558e-01   1.18546736e+00  -7.59707240e-04   1.40355039e+00
    7.60477185e-01   1.41285133e+00   9.91110563e-01   6.10842228e-01
    2.19392920e+00   9.07873929e-01   1.29235888e+00   1.28387070e+00
    1.82444763e+00   8.47785592e-01   2.26245189e+00   1.34619033e+00
    4.41731483e-01   1.20726216e+00   3.20669353e-01   8.38394880e-01
    1.18157077e+00   1.30317771e+00   1.09904814e+00   1.52639949e+00
    8.03282499e-01   1.17449141e+00   8.87699902e-01   2.01294398e+00
   -4.42801677e-02   1.09588373e+00   1.09442830e+00  -4.89899097e-03
    2.57880998e+00   2.33566165e+00   1.23472869e+00   1.63513136e+00
    2.18083191e+00   6.27901018e-01   9.46324885e-01   4.79320943e-01
    1.81047750e+00   9.32774305e-01   1.02651358e+00   8.04448426e-01
    5.57600379e-01   7.31927931e-01   4.18985337e-01   2.08783612e-01
    9.83210802e-01   1.65887690e+00   7.35979080e-01   8.92373085e-01
    7.08356142e-01   1.30874777e+00   5.72422445e-01   7.79417992e-01
    1.70475388e+00   1.22921205e+00   3.97225231e-01   1.31940305e+00
    8.03135157e-01   1.63185680e+00   1.48091161e+00   1.78829432e+00
    7.04738319e-01   1.40034366e+00   4.47077560e+00   1.27555764e+00
    5.56982636e-01   1.99083376e+00   4.69413042e-01   7.21125722e-01
    9.07277286e-01   1.13036299e+00   8.48707676e-01   1.92187428e+00
    8.57713997e-01   1.36841404e+00   1.10654879e+00   8.46785665e-01
   -2.69243959e-03   1.36337423e+00   2.18630791e+00   5.33830047e-01
   -1.10605933e-01   1.77062869e+00   3.12782139e-01  -3.83591838e-02
    1.08935356e+00   1.26104629e+00   1.96519732e-01   1.46308279e+00
    1.29539418e+00   8.58606279e-01   2.19008803e+00   8.47850919e-01
    1.20626307e+00   6.73345566e-01   1.73145366e+00   9.43114221e-01
    9.82839048e-01   7.97905982e-01   5.01666784e-01   1.04442537e+00
    8.85029256e-01   1.36131942e+00   1.76011205e+00   1.86603034e+00
    1.26629233e+00   3.07668710e+00   2.98046923e+00   2.50600934e+00
    1.04986906e+00   9.71357226e-01   5.90501487e-01   3.98278534e-01
    1.05503309e+00   1.19493055e+00   6.97493672e-01   1.32645106e+00
    4.81566399e-01   7.02079296e-01   1.19777799e+00   5.38659275e-01
    3.13501537e-01  -1.30175903e-01   8.48707139e-01   7.14921653e-01
    1.73630011e+00   9.15926456e-01   4.14905429e-01   1.64130402e+00
    1.35972810e+00   1.17530739e+00   3.08556587e-01   5.66518426e-01
    3.32313681e+00   9.66486871e-01   8.76172245e-01   1.16948509e+00
    1.13415408e+00   1.88249230e+00   1.45095956e+00   1.07273901e+00
    9.71847773e-01   2.05477834e-01   2.03802419e+00   1.89652704e-02
    1.39803779e+00   1.43087447e+00   9.83433783e-01   4.38251883e-01
    7.77780473e-01   8.28849077e-02   2.32108727e-01   3.07738662e+00
   -9.82119143e-02   1.12024200e+00   1.06136358e+00   1.75596130e+00
    4.19548750e-01   1.96026337e+00   5.24258018e-01   1.44012153e+00
    1.90463471e+00   7.63501585e-01   6.34146929e-01   3.42867255e+00
    1.58743823e+00   1.92179227e+00   1.51954019e+00   2.81405561e-02
    9.21023130e-01   2.05848664e-01   1.62594962e+00   1.36942852e+00
    9.70272124e-01   3.24401081e-01   6.65560484e-01   1.38411894e-01
    1.16640818e+00   1.81079638e+00   7.13282108e-01   1.13120699e+00
    1.02426147e+00   1.04860234e+00   1.51126349e+00   6.40318692e-01
    8.93556237e-01   8.91200602e-01   7.55037189e-01   4.57710885e-02
    3.82213354e-01   1.18861222e+00   4.38090295e-01   1.84534955e+00
    1.69337583e+00   1.23773932e+00   4.17883039e-01   6.10728025e-01
    5.20677209e-01   1.02958882e+00   7.23954260e-01   1.01155257e+00
    1.51465952e+00   7.81679213e-01   3.55719507e-01   1.48147249e+00
    1.09390306e+00   5.53896427e-01   9.71550584e-01   1.13154054e+00
    1.43941200e+00   9.32896316e-01   1.20867574e+00   1.01895797e+00
    1.78043187e-01   1.52628732e+00   3.26238066e-01   1.28201365e+00
    1.12540174e+00   1.03920639e+00   1.03587282e+00   1.25034320e+00
    1.57588041e+00   1.26595542e-01   1.08869326e+00   4.39408749e-01
    9.47292745e-01   8.94188643e-01   1.33811367e+00   9.54133213e-01
    6.90666258e-01   2.16561779e-01   7.40018785e-01   1.49038982e+00
    4.58375812e-01   1.02349329e+00   1.75627995e+00   1.33954489e+00
    1.38750589e+00   9.49021935e-01  -3.49497758e-02   1.03640914e+00
    1.07268429e+00   1.21763527e+00   7.37254083e-01   1.22439373e+00
    1.91165268e+00   1.11173475e+00   1.61024034e+00   5.96825361e-01
    1.27413774e+00   1.89787829e+00   5.35452425e-01   1.22291481e+00
    1.10733807e+00   1.08177733e+00   8.26616406e-01   1.86743200e+00
    1.94921255e+00   9.74260628e-01   1.85545528e+00   1.24233401e+00
    1.27756393e+00  -8.35016146e-02   1.49060988e+00   2.04097223e+00
    1.31068003e+00   5.84480762e-01   1.51851094e+00   1.24344397e+00
    1.78245616e+00   8.54209960e-01   1.21548152e+00   1.83968532e+00
    1.36675155e+00   1.27300620e+00   1.89950895e+00   1.71285903e+00
    1.24911022e+00   2.38821760e-01   6.08486533e-01   1.80343974e+00
    9.25049305e-01   1.16033661e+00   1.53681397e+00   3.04408759e-01
    1.04006672e+00   2.54863453e+00   1.21317804e+00   1.66507292e+00
    8.52930844e-01   1.09365225e+00   1.81818080e+00   7.78528810e-01
    1.14974463e+00   1.48284411e+00   1.44539368e+00   5.53825855e-01
    1.06775057e+00   1.34953439e+00   1.21109617e+00   2.97713764e-02
    9.31451499e-01   8.51981342e-01   4.87564772e-01   2.34752208e-01
    9.23169136e-01   1.37723339e+00  -6.21185303e-02   1.68814790e+00
    7.25517988e-01  -4.74163406e-02   1.21611559e+00   1.31585050e+00
    7.06601918e-01   1.27339137e+00   1.96063805e+00   2.13844943e+00
    1.59190452e+00   7.54957855e-01   1.06796074e+00   2.02834010e+00
    9.25071716e-01   9.20468509e-01   6.26363993e-01   8.35935414e-01
    1.51144564e+00  -1.75597966e-02   9.47071493e-01   6.38515174e-01
    1.07289481e+00   8.24057162e-01   1.59040451e+00   1.46683645e+00
    1.60402226e+00   3.64551768e-02   6.01814568e-01   1.35015440e+00
    1.33309877e+00   1.33870769e+00   1.05285537e+00  -3.43005806e-02
    1.35301828e+00   8.12927008e-01   1.88286805e+00   8.95194113e-01
