  5.54985702e-01   1.49080992e+00   1.03418183e+00   6.16518021e-01
    2.01298165e+00   6.71137571e-01   1.06089818e+00   1.31171548e+00
    6.38531625e-01   5.52320540e-01   1.19501388e+00   1.87908518e+00
    5.34726679e-01   5.50803781e-01   6.17813051e-01   6.07458770e-01
    2.05395961e+00   6.85548723e-01   1.07206964e+00   1.10087156e+00
    1.16501880e+00   1.39088154e+00   1.47850931e+00   1.35149741e+00
    1.08610475e+00   1.42810488e+00   6.33135021e-01   3.37509584e+00
    4.19784164e+00   8.28391969e-01   8.37020159e-01   1.42929947e+00
    1.08473170e+00   8.33121181e-01   7.62937069e-01   1.10703480e+00
    8.08955014e-01   1.03087378e+00   7.81423569e-01   1.64665723e+00
    2.77905226e-01   4.53757674e-01   1.04886127e+00   7.06569791e-01
    5.97768545e-01   1.21873379e+00   1.04319680e+00   1.21209276e+00
    8.88025463e-01   9.75129366e-01   1.71524620e+00   2.19788170e+00
    6.38422251e-01   5.94312549e-01   1.70130348e+00   1.86697459e+00
    9.09559786e-01   7.35880613e-01   1.00898886e+00  -5.32414624e-03
    1.49768400e+00   9.88827705e-01   1.27830732e+00   8.62754166e-01
    7.53806114e-01   3.87007803e-01   1.04786646e+00   9.22844827e-01
    1.57983220e+00   1.46791875e+00   1.06251228e+00   1.51126599e+00
    1.58104813e+00   3.49916182e-02   5.35478532e-01   1.30583918e+00
    4.26421780e-03   1.19574857e+00   1.37132800e+00   1.06366372e+00
    7.49720871e-01   1.17579341e+00   1.13098860e+00   1.54306757e+00
    3.28321159e-01   1.06751537e+00   8.88903320e-01   1.76860178e+00
    1.21867061e+00   4.46857125e-01   1.54908586e+00   5.53502738e-01
    1.67833459e+00   9.89756763e-01   1.50089908e+00   7.96248764e-02
    5.36729276e-01   1.14853621e+00   3.24752837e-01   1.42740941e+00
    1.26113367e+00   1.13273549e+00   2.52871305e-01  -1.12898104e-01
    5.00894547e-01   1.78176045e+00   2.13496089e+00   1.39201570e+00
    7.70104527e-02   1.12256098e+00   2.12812471e+00   1.25283480e+00
    2.11784911e+00   1.67860866e+00   7.40157902e-01   9.35960114e-01
    1.13743627e+00   1.79634118e+00   1.88131332e+00   7.05162108e-01
    2.26380661e-01   1.27786267e+00   1.53303897e+00   1.22861993e+00
    1.51125813e+00   1.29511237e+00   6.27859056e-01   1.29078650e+00
    1.68390408e-01   8.32062602e-01   8.39030266e-01   1.58814597e+00
    2.87554450e-02   8.94060433e-01   1.02710068e+00   6.77341521e-01
    1.10243046e+00   2.03290373e-01   4.95863497e-01   1.63231969e+00
    7.43847907e-01   1.13522053e+00   1.60887289e+00   8.78650725e-01
    6.45237386e-01   1.46691012e+00   3.76782775e-01   8.28269064e-01
    2.71455169e+00   7.38066792e-01   1.46822977e+00   2.72783071e-01
    6.15477443e-01   1.42375231e+00   8.92654479e-01   1.43173826e+00
    1.43793404e+00   1.32355058e+00   8.24650645e-01   2.07502389e+00
    1.12883651e+00   1.05205798e+00   8.68684709e-01   1.31152761e+00
    1.21936131e+00   9.84048963e-01   7.07913339e-02   8.11624229e-01
    7.35328734e-01   1.45307672e+00   9.99381542e-01   5.78620851e-01
    1.75984251e+00   9.49107111e-01   1.10254538e+00   1.24921131e+00
    1.85366893e+00   6.93068564e-01   2.37792802e+00   1.12042344e+00
    7.83436835e-01   1.30541658e+00   5.60115099e-01   1.01876509e+00
    8.97385418e-01   1.33659971e+00   7.49647260e-01   1.80867743e+00
    9.08123672e-01   1.17631745e+00   9.52465415e-01   1.68756199e+00
    4.32132810e-01   1.43953693e+00   1.10130954e+00   1.40656224e-02
    2.54121351e+00   1.58219743e+00   1.74184275e+00   2.14308476e+00
    1.88345718e+00   8.48563671e-01   4.42245394e-01   6.65693402e-01
    1.80786085e+00   3.09774876e-01   1.14204609e+00   1.00852299e+00
    5.00428438e-01   7.06969619e-01   7.53327191e-01   2.33618338e-02
    1.14074826e+00   2.25347352e+00   9.63236988e-01   1.06330478e+00
    6.26524746e-01   1.04606426e+00   8.95138383e-01   1.23944890e+00
    1.27369118e+00   1.31724644e+00   9.32606936e-01   1.18960273e+00
    7.74639368e-01   2.08821297e+00   1.58698821e+00   1.76409793e+00
    5.63222289e-01   1.14621520e+00   3.80502868e+00   8.43847871e-01
    9.19356048e-01   2.30767179e+00   6.48860216e-01   8.08821797e-01
    8.71336639e-01   1.30019021e+00   7.43210673e-01   1.54522872e+00
    1.60961664e+00   1.31701207e+00   1.26196384e+00   1.15602148e+00
    4.37720835e-01   9.09456313e-01   2.89597774e+00   3.98996890e-01
   -8.74367654e-02   1.73503304e+00   6.60437942e-01   4.10538733e-01
    1.14481676e+00   1.46474707e+00   5.19635618e-01   2.08927107e+00
    1.21425450e+00   7.02508569e-01   2.23440146e+00   1.08207870e+00
    1.27645922e+00   6.46850884e-01   1.73094130e+00   1.01008952e+00
    9.04213250e-01   1.31094158e+00   7.39466071e-01   1.10721898e+00
    1.09425271e+00   8.73385489e-01   1.50849557e+00   1.85731065e+00
    1.11726773e+00   3.17507267e+00   2.90957308e+00   2.45223665e+00
    1.02208483e+00   8.20314229e-01   7.43107915e-01   6.11714542e-01
    1.34546244e+00   1.07523084e+00   7.95579851e-01   1.28148556e+00
    2.85448819e-01   9.40956235e-01   6.55511260e-01   6.02770925e-01
    1.76286362e-02  -5.21934144e-02   1.10375655e+00   3.40845436e-01
    1.29244280e+00   8.37422013e-01   7.68512011e-01   1.50076878e+00
    9.88697588e-01   1.08036828e+00   4.26080316e-01   8.05157781e-01
    2.57051730e+00   1.03175092e+00   9.03579593e-01   1.32077813e+00
    1.01894128e+00   1.58935905e+00   1.62850153e+00   1.10739899e+00
    9.57669735e-01   6.41749680e-01   1.49756193e+00   2.29722247e-01
    1.16244912e+00   1.48000574e+00   1.14991128e+00   3.97044629e-01
    1.12008774e+00  -1.15511764e-03   5.03346145e-01   2.63383365e+00
   -6.87693134e-02   9.91630971e-01   1.06314921e+00   1.17678463e+00
    4.29076314e-01   1.87937093e+00   5.74250460e-01   1.30097318e+00
    1.57688403e+00   8.04466784e-01   6.40628576e-01   3.27527356e+00
    1.75620973e+00   2.82538271e+00   2.24521303e+00   7.96948791e-01
    1.20439506e+00   9.22812045e-01   1.26329851e+00   1.15511656e+00
    9.52967525e-01   5.74154258e-01   3.81540686e-01   4.47842091e-01
    1.05123889e+00   1.62336385e+00   7.92777061e-01   1.34736753e+00
    9.40136254e-01   1.02465177e+00   9.71549630e-01   1.81532013e+00
    9.27959204e-01   1.14069772e+00   4.01444107e-01   2.62963176e-01
    8.02610815e-01   1.39933085e+00   1.11343491e+00   2.08866787e+00
    1.47867107e+00   1.53588784e+00   7.14693129e-01   1.20160389e+00
    1.15267456e+00   8.98174703e-01   7.27292538e-01   8.02756727e-01
    1.63586748e+00   8.14731419e-01   6.17923677e-01   1.46741736e+00
    1.02601826e+00   4.36601639e-01   1.02116060e+00   1.46315587e+00
    1.49847794e+00   1.23521793e+00   1.60411501e+00   9.85476255e-01
    5.31723499e-01   1.48573124e+00   4.04455274e-01   1.26617205e+00
    1.21944642e+00   1.01243114e+00   1.36115885e+00   1.33552468e+00
    1.93784547e+00   1.98760882e-01   1.04396725e+00   4.98463333e-01
    7.98865736e-01   1.29546833e+00   9.75115776e-01   1.14522815e+00
    1.31330609e+00   3.77889603e-01   4.34274584e-01   1.18114614e+00
    7.92945325e-01   9.22714412e-01   1.86776638e+00   1.30220747e+00
    9.08975840e-01   7.71061361e-01  -5.76072037e-02   1.48616230e+00
    8.01905930e-01   9.84552264e-01   7.99065828e-01   1.24395621e+00
    1.83083344e+00   9.21825111e-01   1.41136384e+00   1.28384328e+00
    1.51786554e+00   2.09577465e+00   5.12253821e-01   1.34788716e+00
    1.57974863e+00   1.01641405e+00   6.90410495e-01   1.70154428e+00
    1.86626935e+00   9.61857259e-01   1.98623228e+00   1.24446654e+00
    1.39509809e+00  -8.08194354e-02   1.14864337e+00   2.09855008e+00
    7.48679280e-01   1.03600323e+00   1.21157396e+00   1.27199078e+00
    1.46564519e+00   7.76555955e-01   5.88671327e-01   1.40045726e+00
    1.56800079e+00   7.41211653e-01   2.10214257e+00   1.34521961e+00
    1.08445156e+00   4.85990435e-01   7.92163610e-01   2.40459704e+00
    9.45862114e-01   1.06876230e+00   1.57106960e+00   7.17058897e-01
    6.79426908e-01   2.52643609e+00   8.22616994e-01   1.35837233e+00
    6.31482303e-01   9.34054911e-01   1.61064434e+00   7.81352162e-01
    1.23466551e+00   1.04545236e+00   1.28349102e+00   5.78533292e-01
    9.90127683e-01   8.50029826e-01   1.32139599e+00   2.49862760e-01
    4.76640284e-01   1.33014214e+00   5.73190868e-01   2.55681634e-01
    1.04568470e+00   1.12265098e+00   5.72205961e-01   1.60187435e+00
    8.60593557e-01   2.22834766e-01   1.70987153e+00   1.29938042e+00
    6.30483687e-01   1.14223003e+00   1.67015362e+00   2.47129011e+00
    9.90724802e-01   1.11603999e+00   1.52076888e+00   1.73882890e+00
    1.09307671e+00   8.74160826e-01   5.34010172e-01   6.17287219e-01
    1.64568949e+00  -9.70681682e-02   8.83477628e-01   8.09766948e-01
    9.78460491e-01   5.82461059e-01   1.68506110e+00   1.92468882e+00
    2.27977443e+00   3.24166715e-01   1.62145942e-01   1.40684617e+00
    1.14829159e+00   1.38300371e+00   9.26313043e-01  -1.48321260e-02
    1.67270863e+00   8.43510211e-01   1.97435212e+00   6.90524459e-01
