  6.73433602e-01   1.08861208e+00   1.89382124e+00   7.84946024e-01
    1.86320519e+00   7.47784495e-01   1.32033646e+00   1.30591464e+00
    9.48788047e-01   4.31559652e-01   1.16301382e+00   1.55583727e+00
    6.44813597e-01   5.88258564e-01   7.94082820e-01   4.06155169e-01
    1.30347598e+00   6.72578692e-01   8.94213796e-01   1.11211956e+00
    1.27940845e+00   1.35506904e+00   1.66797793e+00   1.22862923e+00
    1.41253853e+00   1.63716507e+00   9.35602784e-01   3.14236593e+00
    4.49173212e+00   1.07456148e+00   1.09538782e+00   1.23981857e+00
    1.23591471e+00   9.50482488e-01   8.68704915e-01   9.99682426e-01
    5.29703319e-01   1.03186083e+00   1.06244969e+00   1.25077534e+00
    2.20213950e-01   6.61713123e-01   1.22619867e+00   6.09550655e-01
    6.05250835e-01   1.13522589e+00   9.30813074e-01   1.28429711e+00
    9.06672418e-01   1.25900578e+00   1.89374995e+00   2.13533759e+00
    9.06284988e-01   7.79592335e-01   1.77129185e+00   1.71515036e+00
    1.00233328e+00   9.55664217e-01   1.02504253e+00   2.18172550e-01
    1.29418921e+00   9.35736418e-01   1.27635074e+00   1.02329957e+00
    1.00980353e+00   4.23946708e-01   1.04507411e+00   1.06463790e+00
    2.26365852e+00   1.54608488e+00   9.12448108e-01   1.80803120e+00
    1.63408959e+00  -1.43936843e-01   5.47578819e-02   1.23783147e+00
    2.79148161e-01   1.10068691e+00   8.72083545e-01   1.03284454e+00
    6.21713579e-01   1.10370958e+00   1.25225878e+00   1.52410316e+00
    4.30150688e-01   1.38979709e+00   9.68031228e-01   1.39419103e+00
    1.17296338e+00  -1.59469002e-03   1.70927858e+00   7.90427327e-01
    1.43735719e+00   1.02661312e+00   1.15579844e+00   5.00114202e-01
    5.76019943e-01   1.22827816e+00   5.39233208e-01   1.07172704e+00
    1.41466117e+00   1.09748042e+00   7.76603222e-01   6.93950430e-02
    8.24362695e-01   1.81833148e+00   2.08092070e+00   1.32666075e+00
    1.51050970e-01   1.33651555e+00   1.99975872e+00   1.22089732e+00
    2.63016105e+00   1.45416772e+00   1.01473367e+00   7.14414835e-01
    8.96433651e-01   2.53403902e+00   1.86103880e+00   8.87512028e-01
    5.66142082e-01   1.23493624e+00   1.43522584e+00   1.42073882e+00
    1.37823772e+00   1.02826595e+00   8.06873262e-01   1.29780602e+00
    4.00255054e-01   8.78386378e-01   7.29727447e-01   1.70443368e+00
    5.30336916e-01   1.30320132e+00   9.00513649e-01   7.57985830e-01
    1.17292666e+00   3.20800871e-01   6.09059393e-01   1.20175707e+00
    7.17554271e-01   1.33275306e+00   1.51136935e+00   1.09857476e+00
    6.52230144e-01   1.40081966e+00   4.93407726e-01   8.39237690e-01
    3.06001830e+00   5.46325326e-01   1.40750647e+00   6.45627797e-01
    4.75752026e-01   1.35540509e+00   6.29140496e-01   1.82745361e+00
    1.59819412e+00   1.15723944e+00   7.52387524e-01   1.94090378e+00
    1.31666982e+00   1.28536332e+00   8.55005085e-01   1.22014976e+00
    9.63510990e-01   1.15593517e+00   1.62992954e-01   4.16948766e-01
    8.97436619e-01   1.40814769e+00   9.72796917e-01   6.30760610e-01
    1.94367790e+00   6.53600991e-01   1.77354574e+00   2.10296440e+00
    1.96084940e+00   9.86686826e-01   2.19905853e+00   9.42586720e-01
    1.30688214e+00   1.63874376e+00   4.15758044e-01   1.35744298e+00
    9.74952400e-01   1.27537191e+00   9.95870531e-01   1.55346680e+00
    6.90034568e-01   1.00202429e+00   7.04035282e-01   1.84927464e+00
    3.13174307e-01   1.13427651e+00   1.09040165e+00   1.73961356e-01
    2.23390293e+00   2.00240397e+00   7.59391725e-01   1.67975354e+00
    1.49201322e+00   8.27449381e-01   4.15490597e-01   9.41375911e-01
    2.28231740e+00   3.12570721e-01   1.37842858e+00   8.03115547e-01
    7.74445117e-01   6.91093624e-01   5.10109365e-01   2.74300069e-01
    9.22617674e-01   1.40739882e+00   9.75763083e-01   8.36087346e-01
    9.03385341e-01   1.50134277e+00   8.40502679e-01   1.25415826e+00
    1.30405784e+00   1.22635627e+00   9.39884782e-01   1.12338412e+00
    7.43696868e-01   1.96175492e+00   1.49829686e+00   1.68979287e+00
    1.37754369e+00   1.07724643e+00   3.86743999e+00   8.09923053e-01
    1.19692254e+00   3.02214813e+00   1.16156662e+00   9.45297480e-01
    9.88375902e-01   1.37840390e+00   9.02734756e-01   1.62406445e+00
    1.43791127e+00   1.10269701e+00   1.23470438e+00   8.05304289e-01
    9.74437892e-01   9.17412341e-01   3.31528020e+00   5.59019506e-01
   -8.45306516e-02   1.95855713e+00   5.07298112e-01   7.35963702e-01
    1.15858173e+00   1.58433223e+00   4.13147241e-01   1.71237516e+00
    1.11287141e+00   8.00483286e-01   2.37720084e+00   1.18013000e+00
    1.13558793e+00   6.53604388e-01   1.72661960e+00   1.33291137e+00
    1.60688806e+00   8.44029307e-01   7.54281163e-01   1.46300709e+00
    9.08172965e-01   1.12526906e+00   1.87268364e+00   1.85648739e+00
    8.78574252e-01   3.07014275e+00   3.26079392e+00   2.50328803e+00
    1.18920946e+00   1.50319076e+00   6.84406817e-01   6.23190939e-01
    1.50327694e+00   7.77878284e-01   7.71223664e-01   1.25752592e+00
    1.55290991e-01   1.39906359e+00   8.87378693e-01   5.45374453e-01
    2.86506712e-01   1.90809086e-01   1.83024120e+00   1.36117923e+00
    1.87142909e+00   5.70174277e-01   6.45602286e-01   1.86167991e+00
    7.87089765e-01   1.31174421e+00   1.36432779e+00   1.03376544e+00
    3.47928357e+00   9.98476148e-01   1.02141178e+00   1.20058358e+00
    1.05317438e+00   1.75281775e+00   1.41823828e+00   1.41469061e+00
    9.98059154e-01   1.51805198e+00   1.71799684e+00   3.93499404e-01
    1.78201413e+00   1.50512421e+00   1.24571311e+00   3.69863391e-01
    1.30482507e+00   6.03053300e-03   6.24630272e-01   2.79613280e+00
    3.93202513e-01   1.18075395e+00   1.20399320e+00   1.86691582e+00
    4.22618687e-01   1.21715939e+00   5.40745914e-01   1.14637578e+00
    1.84702444e+00   1.51773429e+00   2.39655912e-01   3.13266516e+00
    1.64145434e+00   2.17253041e+00   1.27254784e+00   1.22998309e+00
    1.07359505e+00   1.12422788e+00   1.12624729e+00   1.28616941e+00
    9.13596869e-01   3.72781098e-01   5.87672591e-01   3.75257581e-01
    1.20102763e+00   1.17892838e+00   1.05820644e+00   1.45419610e+00
    1.01904309e+00   1.21982288e+00   1.02629244e+00   1.45435154e+00
    1.48131084e+00   1.09828508e+00   6.71027958e-01   4.17774230e-01
    1.25021112e+00   1.18986893e+00   1.15220058e+00   2.01230359e+00
    1.18844092e+00   1.32963932e+00   6.69278800e-01   5.85404515e-01
    1.10387897e+00   1.13525021e+00   9.33292031e-01   6.81704044e-01
    1.70191956e+00   5.37173271e-01   5.72430730e-01   1.62898362e+00
    1.11141443e+00   1.12587285e+00   8.55710208e-01   1.38414514e+00
    1.96134555e+00   8.48934412e-01   1.70374870e+00   1.33858633e+00
    3.88925821e-01   1.55240095e+00   3.88522029e-01   1.27984703e+00
    1.37954390e+00   1.06111085e+00   1.26936984e+00   1.19988358e+00
    1.86635149e+00   4.57885742e-01   9.35540557e-01   6.85225785e-01
    9.79432225e-01   1.26156294e+00   1.14304638e+00   6.34092093e-01
    1.67967927e+00   5.35576284e-01   3.25393826e-01   1.26114142e+00
    6.82432592e-01   1.10885668e+00   2.06059408e+00   1.32413507e+00
    2.14247036e+00   7.27321506e-01   1.53947365e-03   1.08430552e+00
    9.39451039e-01   7.81553984e-01   8.80485117e-01   1.22161174e+00
    1.82781601e+00   5.83880365e-01   1.34836316e+00   1.05967534e+00
    1.97039926e+00   1.83483815e+00   8.51841629e-01   8.34653974e-01
    9.36847329e-01   1.57440686e+00   8.54837179e-01   1.88862360e+00
    2.13817143e+00   8.84039521e-01   1.63245285e+00   1.34645033e+00
    1.50029397e+00   3.14186662e-01   9.27316189e-01   2.13043571e+00
    5.74266016e-01   1.20533013e+00   1.45535564e+00   9.60363150e-01
    1.88419330e+00   9.28753614e-01   8.70492280e-01   1.82005250e+00
    9.54045355e-01   1.26679647e+00   1.78055680e+00   1.42720580e+00
    1.18404961e+00   5.24714947e-01   1.14864862e+00   2.76904655e+00
    1.14142811e+00   9.27492440e-01   1.17252684e+00   8.82481754e-01
    9.65922475e-01   2.85150266e+00   7.19335735e-01   1.51970458e+00
    1.20215905e+00   1.09959686e+00   1.76769209e+00   7.75643110e-01
    1.44203949e+00   1.55402684e+00   1.13687050e+00   7.70304799e-01
    7.56507099e-01   8.96575511e-01   1.55053115e+00   4.80147332e-01
    8.32604706e-01   9.45099950e-01   6.46338999e-01   4.17629242e-01
    1.12568915e+00   1.18839896e+00   9.74317729e-01   1.74864519e+00
    7.81946242e-01  -2.51066522e-03   2.28025270e+00   1.75867927e+00
    8.01716983e-01   1.51603019e+00   1.70885658e+00   2.47569132e+00
    1.47378039e+00   1.07536066e+00   9.36314106e-01   1.63014472e+00
    1.10174882e+00   1.11546385e+00   1.19059420e+00   8.91633213e-01
    1.65742898e+00  -1.84119083e-02   8.39151919e-01   5.21192908e-01
    8.13912332e-01   6.15471244e-01   1.78836286e+00   1.88200223e+00
    2.14506984e+00   3.28925610e-01   5.92678010e-01   1.35366845e+00
    1.30834877e+00   1.31133568e+00   8.57549906e-01  -3.62321339e-03
    1.55862975e+00   7.46927679e-01   1.86095703e+00   8.99265945e-01
