  5.52142024e-01   9.80753362e-01   1.24224114e+00   8.40309799e-01
    1.89230466e+00   6.25242531e-01   1.03128362e+00   1.19433320e+00
    1.06410491e+00   3.48586053e-01   1.03065336e+00   1.72902644e+00
    2.12128237e-01   8.20800196e-03   9.97254252e-01   3.83702338e-01
    1.55767059e+00   6.15885139e-01   1.62894082e+00   1.13437724e+00
    1.49508440e+00   1.32254207e+00   1.02755046e+00   7.19948173e-01
    1.48037553e+00   1.75472355e+00   1.37186646e+00   2.92597938e+00
    3.53963327e+00   5.62471509e-01   5.73000431e-01   1.37696755e+00
    1.75338674e+00   8.27926874e-01   9.75820601e-01   1.34661543e+00
    3.55420887e-01   9.70172346e-01   6.38283253e-01   1.94828236e+00
   -2.43072789e-02   5.55644035e-01   1.09147477e+00   5.47505856e-01
    5.96132994e-01   1.59265840e+00   9.83006477e-01   1.19895816e+00
    1.01809812e+00   1.08221924e+00   1.66176844e+00   2.00542760e+00
    4.42853898e-01   6.45662904e-01   1.75470936e+00   1.93382967e+00
    9.30361450e-01   6.48430228e-01   1.35438573e+00   7.59591460e-02
    1.27900195e+00   1.05947530e+00   1.27587855e+00   8.25031817e-01
    1.17154551e+00   5.90635836e-01   1.04745376e+00   1.11146343e+00
    2.06031322e+00   1.45652318e+00   5.70788145e-01   1.54991806e+00
    1.58297181e+00  -1.25675485e-01  -1.92831438e-02   1.36107242e+00
   -5.75567074e-02   8.84172916e-01   1.67945051e+00   9.98766422e-01
    8.78133774e-01   9.61257458e-01   1.33301187e+00   1.37452972e+00
    1.82375699e-01   1.28657579e+00   1.12125325e+00   1.74877632e+00
    1.27109289e+00   2.42900714e-01   1.01421273e+00   5.86262167e-01
    1.56574416e+00   1.14025426e+00   6.05379939e-01   2.24735469e-01
    5.79900920e-01   1.19002426e+00   4.45019275e-01   1.38491952e+00
    1.50851858e+00   1.12833679e+00  -2.85629630e-02  -7.97074288e-02
    2.40840659e-01   1.52242339e+00   1.72721648e+00   1.67739165e+00
    5.72610974e-01   1.18778884e+00   1.99354935e+00   9.96661127e-01
    2.54900575e+00   1.56043053e+00   4.45474744e-01   6.38781250e-01
    7.34434724e-01   2.59620452e+00   2.40437961e+00   1.08633149e+00
    2.87356198e-01   1.12516880e+00   1.15878725e+00   1.30556560e+00
    1.63655174e+00   1.28492403e+00   3.38304251e-01   1.05750132e+00
   -1.27608804e-02   8.27757299e-01   7.97943294e-01   1.53122246e+00
   -1.18609425e-03   1.42254543e+00   9.09185886e-01   1.13821638e+00
    1.13074267e+00   6.16086498e-02   4.34180386e-02   1.76108718e+00
    6.10459447e-01   1.00356054e+00   1.15975082e+00   9.73308265e-01
    6.39860868e-01   1.38040161e+00   3.11249346e-01   8.46545815e-01
    3.37303066e+00   3.30177218e-01   1.41327333e+00   1.45790547e-01
    9.33747172e-01   1.35247004e+00   6.72692001e-01   1.52429974e+00
    1.72295642e+00   1.63886201e+00   1.04765296e+00   2.24773860e+00
    8.79718602e-01   8.95814180e-01   5.26327133e-01   1.41234672e+00
    6.74936056e-01   1.10574293e+00  -1.17230983e-02   3.01188916e-01
    5.44102192e-01   1.65311646e+00   8.54272425e-01   6.57782316e-01
    1.51910639e+00   1.10307789e+00   1.04260373e+00   1.70882750e+00
    1.81171775e+00   1.26343727e+00   2.28308368e+00   7.86350906e-01
    5.43657541e-01   1.53219342e+00   4.73247200e-01   1.06000161e+00
    7.18388498e-01   1.09295058e+00   5.74497819e-01   1.53514802e+00
    8.42413723e-01   1.03209257e+00   1.19134200e+00   1.55804563e+00
    3.50842267e-01   1.36674201e+00   1.10223246e+00   2.85620809e-01
    2.22017670e+00   1.47056437e+00   1.51388729e+00   1.29352689e+00
    1.89695871e+00   8.41441631e-01   5.75680435e-01   1.61768883e-01
    1.60773885e+00   5.06784081e-01   1.96596730e+00   7.87796855e-01
    6.18756354e-01   6.19085312e-01   4.42280769e-01   2.45742664e-01
    9.47428882e-01   8.72242630e-01   1.02665710e+00   6.58353567e-01
    7.18815863e-01   1.10163879e+00   4.42721993e-01   1.34215975e+00
    1.23902154e+00   1.52114761e+00   8.89345050e-01   1.45315850e+00
    1.30413902e+00   1.70735347e+00   1.23911619e+00   1.74485433e+00
    9.57435250e-01   1.01014972e+00   3.99742007e+00   5.57219923e-01
    7.14733362e-01   2.51528311e+00   8.52527916e-01   7.85480142e-01
    6.71906650e-01   1.24966657e+00   1.35185289e+00   1.65542758e+00
    9.30780530e-01   1.17262709e+00   9.21585023e-01   1.26623869e+00
    4.31526527e-02   9.14166570e-01   2.71904039e+00   5.73649049e-01
   -1.24161504e-01   1.87593389e+00   3.87328446e-01   6.21446431e-01
    1.70796907e+00   1.70002139e+00   4.91602361e-01   2.05053759e+00
    8.74291778e-01   6.65283382e-01   2.40301657e+00   9.01071668e-01
    1.33717489e+00   3.66434246e-01   1.72665513e+00   1.29052436e+00
    1.35782504e+00   8.56749177e-01   3.85888040e-01   1.55757666e+00
    8.74456346e-01   1.08735371e+00   1.43306935e+00   2.45683074e+00
    1.00231850e+00   3.08560967e+00   2.61741400e+00   2.23809433e+00
    1.30708969e+00   8.92753839e-01   6.26125932e-01   7.19183028e-01
    1.39344919e+00   7.84279585e-01   1.09844720e+00   1.36328340e+00
   -2.97621395e-02   8.89201283e-01   1.02293324e+00   5.96776903e-01
   -5.34222880e-03  -7.26036653e-02   1.35139084e+00   8.01514566e-01
    2.09950233e+00   6.45842850e-01   7.25589335e-01   1.35268378e+00
    7.24892437e-01   1.06974769e+00   4.18868482e-01   6.15785539e-01
    3.12428117e+00   1.26197982e+00   1.05753458e+00   1.15622437e+00
    1.25159836e+00   1.70601201e+00   1.11356950e+00   1.22058105e+00
    6.50723517e-01   1.10687768e+00   1.38916790e+00  -8.88959330e-04
    1.29228580e+00   1.57230628e+00   9.37082410e-01   5.31834424e-01
    7.96565533e-01   1.31357819e-01   7.08382130e-02   2.80995703e+00
   -8.28479379e-02   1.17760503e+00   1.30325294e+00   1.29387283e+00
    4.25900280e-01   1.30026913e+00   5.38572192e-01   1.25770223e+00
    1.87759316e+00   9.82945144e-01   5.56322098e-01   2.86710477e+00
    1.69355738e+00   2.37448001e+00   1.52382565e+00   8.17934930e-01
    1.25613081e+00   1.32044584e-01   1.54790187e+00   7.51826465e-01
    1.00640523e+00   2.77273417e-01  -2.08560191e-02  -7.26116821e-03
    1.52871644e+00   1.05744839e+00   8.76428008e-01   7.59444654e-01
    1.17879248e+00   1.35413957e+00   9.61236417e-01   1.35376787e+00
    9.98965919e-01   1.53155637e+00   8.83280218e-01   4.13120121e-01
    6.85206175e-01   1.43180966e+00   3.26336563e-01   2.08437395e+00
    1.38856590e+00   1.30382144e+00   6.58469915e-01   1.19570529e+00
    1.00566991e-01   1.13400519e+00   9.81909811e-01   4.80270714e-01
    1.61417544e+00   4.24795032e-01   6.21788383e-01   1.46748698e+00
    7.54720509e-01   7.58172095e-01   9.15626884e-01   1.67042542e+00
    1.84473002e+00   1.18984580e+00   1.09273899e+00   9.00332749e-01
    2.35023841e-01   1.43179452e+00   2.87852466e-01   1.28043258e+00
    1.52628136e+00   1.08958125e+00   1.14521646e+00   1.41499984e+00
    1.50938272e+00   1.92227349e-01   9.73372519e-01   6.44093975e-02
    1.15076554e+00   1.12535071e+00   8.96025181e-01   1.23058391e+00
    1.24926293e+00   9.78777185e-02   3.57319355e-01   1.32311642e+00
    7.42802620e-01   1.24623704e+00   1.77578545e+00   1.49078274e+00
    1.09831595e+00   6.21541739e-01  -4.55187522e-02   1.13792384e+00
    1.09181571e+00   6.27080142e-01   3.36791053e-02   1.27261889e+00
    1.58952355e+00   5.08012831e-01   1.54406226e+00   9.97389615e-01
    1.45191419e+00   1.99444675e+00   6.60309196e-01   9.78847504e-01
    1.01720893e+00   1.11968672e+00   5.29905498e-01   1.75915456e+00
    2.09968352e+00   8.92849445e-01   1.65153909e+00   1.49612677e+00
    1.55655372e+00  -7.94274956e-02   1.00638437e+00   2.77266788e+00
    6.16328835e-01   6.35389745e-01   1.62295270e+00   1.58055806e+00
    2.13170481e+00   7.59296894e-01   5.72048306e-01   2.13483906e+00
    1.55764842e+00   4.64815706e-01   1.27913189e+00   1.70031452e+00
    1.11859488e+00  -8.94781668e-04   9.82433140e-01   2.18841958e+00
    9.56345618e-01   9.54890013e-01   1.85960603e+00   7.51064539e-01
    8.57524753e-01   2.58633924e+00   5.30833483e-01   9.77250695e-01
    1.10806596e+00   9.97173965e-01   1.88616312e+00   7.69939840e-01
    1.23732281e+00   8.46623480e-01   1.44056249e+00   4.67349559e-01
    4.52319443e-01   1.22213328e+00   1.90234256e+00   2.65780449e-01
    3.75741124e-01   1.05134487e+00   3.77410620e-01   2.84874707e-01
    1.10540974e+00   1.12474704e+00  -4.29306701e-02   1.57069016e+00
    5.85343599e-01  -1.22233860e-01   1.72635174e+00   1.49644148e+00
    1.00882840e+00   1.57207596e+00   1.59236288e+00   2.82957911e+00
    7.60439098e-01   5.81227779e-01   8.32337737e-01   1.27823222e+00
    1.21459496e+00   8.99215341e-01   1.01531672e+00   5.10779262e-01
    1.49646628e+00  -8.22381899e-02   8.75481546e-01   6.06752217e-01
    8.00170183e-01   6.38437510e-01   1.55482924e+00   1.21610665e+00
    2.28571463e+00   1.51490971e-01  -7.05608726e-03   1.65019608e+00
    1.28893518e+00   1.46424615e+00   6.99438512e-01  -6.12218864e-02
    7.33078003e-01   8.62080574e-01   2.49318075e+00   7.26765692e-01
