  5.54513991e-01   1.06854749e+00   1.35579467e+00   1.20047688e+00
    1.98243392e+00   7.99917877e-01   2.14426458e-01   1.09302139e+00
    8.45853269e-01   4.18503284e-01   1.31492651e+00   2.52311826e+00
    3.48160058e-01  -2.58431733e-02   6.56701207e-01   9.47119653e-01
    1.61777627e+00   6.03672504e-01   2.04038382e+00   1.08493316e+00
    1.52261007e+00   1.15925717e+00   1.03491199e+00   1.12488008e+00
    1.55936146e+00   1.54795623e+00   1.28947401e+00   3.07447624e+00
    3.64448094e+00   1.70074582e-01   4.66393590e-01   1.33320117e+00
    2.06335950e+00   8.30237031e-01   1.39266253e+00   9.89327729e-01
    4.98265654e-01   1.77500629e+00   1.18887544e+00   1.24000061e+00
   -7.86293671e-02   4.50757265e-01   7.44755149e-01   7.85297215e-01
    5.90429664e-01   1.88810694e+00   9.71850395e-01   1.25034583e+00
    1.10479963e+00   1.16963077e+00   1.34280658e+00   2.55229449e+00
    1.12743640e+00   6.14520609e-01   1.85881448e+00   1.78205442e+00
    1.10518670e+00   1.11900127e+00   9.99275327e-01  -7.37899123e-03
    1.33332908e+00   1.03595412e+00   1.27410698e+00   1.01446283e+00
    1.60192609e+00   2.64071047e-01   1.04815710e+00   9.19060767e-01
    1.87314510e+00   1.67817116e+00   5.35003543e-01   1.28809571e+00
    1.64634657e+00  -1.42126709e-01   2.06762142e-02   1.00150943e+00
   -8.36182944e-03   7.47266293e-01   2.01392007e+00   1.07322621e+00
    1.11165977e+00   8.86079371e-01   1.25115919e+00   1.53210366e+00
    2.29120940e-01   1.54471564e+00   7.69745171e-01   1.78879356e+00
    1.08518207e+00  -2.90201958e-02   1.34133875e+00   9.60369289e-01
    8.68179083e-01   1.28557563e+00   1.00367427e+00  -1.27604557e-02
    4.95048136e-01   1.01988971e+00   6.38147116e-01   1.20176315e+00
    1.51932383e+00   1.10249197e+00  -5.71975671e-02  -9.26486682e-03
    5.89035153e-01   2.02993488e+00   1.65758264e+00   1.83888888e+00
    2.48172686e-01   1.26840293e+00   1.81817174e+00   1.02886987e+00
    2.77242303e+00   1.46780002e+00   7.70914078e-01   5.31354129e-01
    1.04525208e+00   2.52575231e+00   1.79535663e+00   7.36777902e-01
    5.43840110e-01   1.43865979e+00   1.02189648e+00   1.59758854e+00
    1.11002624e+00   1.35013092e+00   8.37456584e-01   1.42603946e+00
    1.71766743e-01   8.33410442e-01   1.02995288e+00   1.70105219e+00
   -1.71786677e-02   1.54888225e+00   8.05125058e-01   1.04570270e+00
    1.28451490e+00  -4.62602824e-02  -1.37571874e-03   1.37667871e+00
    8.49556029e-01   8.38583469e-01   1.38558745e+00   1.02921820e+00
    8.46988678e-01   1.28025854e+00   4.25770700e-01   8.91382396e-01
    3.46525455e+00  -3.32696699e-02   1.31374109e+00   5.85431159e-01
    4.31228101e-01   1.32557404e+00   8.06182563e-01   1.06634712e+00
    1.40610850e+00   1.38255453e+00   9.10035789e-01   1.29501188e+00
    1.18453288e+00   1.36982334e+00   5.64298868e-01   1.26301718e+00
    7.17775822e-01   9.82065141e-01   1.04323432e-01   7.57201314e-01
    1.14725471e+00   1.78774643e+00   8.55162382e-01   4.92055923e-01
    1.68766177e+00   1.26906705e+00   2.07744861e+00   1.98140383e+00
    2.09171772e+00   1.37211359e+00   2.63687849e+00   9.46517169e-01
    5.76433778e-01   1.49814034e+00   2.80146539e-01   1.39553928e+00
    8.02817404e-01   1.23182130e+00   1.06955254e+00   1.49453986e+00
    7.21696913e-01   1.02672994e+00   7.92866409e-01   1.43894708e+00
    4.23884600e-01   1.32657063e+00   1.09027600e+00   5.07305980e-01
    2.35589218e+00   2.59054494e+00   1.41281354e+00   1.40395737e+00
    1.89710069e+00   4.51596946e-01   5.63096285e-01   1.54555872e-01
    1.42441642e+00   4.53918040e-01   1.09443200e+00   1.02554071e+00
    8.07135880e-01   8.42314601e-01   2.03867286e-01   1.67947978e-01
    8.99275482e-01   4.96698499e-01   1.20524168e+00   9.28275585e-01
    1.03295171e+00   1.18423259e+00   1.05553138e+00   1.72742367e+00
    1.28650844e+00   1.38479006e+00   1.22540665e+00   1.35989213e+00
    1.30287778e+00   1.77493250e+00   1.31333840e+00   1.81031179e+00
    1.13510740e+00   1.23922932e+00   3.99753475e+00   6.84765875e-01
    1.19748306e+00   1.70653379e+00   7.42568910e-01   1.54752529e+00
    1.00668395e+00   1.17935860e+00   9.46844339e-01   1.55751705e+00
    6.42914832e-01   1.36511528e+00   6.38702989e-01   1.06015396e+00
    3.07243079e-01   1.08538032e+00   2.71244550e+00   7.60903895e-01
   -9.71538648e-02   1.75118375e+00   3.05070758e-01   7.11680204e-02
    1.79491830e+00   1.45071518e+00   6.76078737e-01   2.48665142e+00
    1.41423845e+00   9.44597602e-01   2.33001184e+00   1.31324351e+00
    1.61860609e+00   2.16374964e-01   1.73597610e+00   9.65835452e-01
    1.82299519e+00   7.67362416e-01   1.23865485e+00   1.24629557e+00
    8.56706917e-01   1.51999712e+00   1.73739183e+00   2.19596624e+00
    7.81242311e-01   3.12379861e+00   2.89880967e+00   2.62242675e+00
    1.15164804e+00   1.03680301e+00   6.32747650e-01   7.69213259e-01
    1.37102747e+00   2.05998898e+00   1.26436639e+00   1.85635257e+00
   -3.12993787e-02   8.67652833e-01   1.25749850e+00   8.98054242e-01
    1.01493098e-01  -9.53869745e-02   5.06140947e-01   6.79699242e-01
    2.14317846e+00   8.14962268e-01   6.28123283e-01   1.82511389e+00
    9.13881958e-01   1.28464520e+00   8.10604930e-01   7.77208805e-01
    3.26180363e+00   1.06093347e+00   8.77722263e-01   1.57594526e+00
    1.28503573e+00   1.54799879e+00   1.16383064e+00   1.06403625e+00
    5.34388542e-01   1.41372442e+00   1.73080707e+00  -5.55743054e-02
    1.35814500e+00   1.41743183e+00   1.15846229e+00   1.08069491e+00
    9.13607538e-01  -1.25621408e-02   1.57754809e-01   2.57853103e+00
   -7.04993233e-02   1.04605532e+00   1.13703620e+00   1.48044789e+00
    4.12044257e-01   1.33582902e+00   6.24420583e-01   1.27703440e+00
    1.28257525e+00   1.04714012e+00   5.21582365e-01   2.97326922e+00
    1.81174386e+00   2.78064561e+00   1.71785104e+00   5.81737272e-02
    9.58690166e-01   7.25203693e-01   1.43629074e+00   5.57896554e-01
    1.00621593e+00   6.00220915e-03   6.83141053e-02   1.11366555e-01
    8.09403658e-01   9.90687311e-01   1.06328905e+00   8.72743070e-01
    6.88883126e-01   1.35577798e+00   9.64314759e-01   1.37524533e+00
    1.08043492e+00   1.79984796e+00   8.25044453e-01   5.78062952e-01
    8.74963880e-01   1.49818337e+00   4.63799804e-01   2.08470011e+00
    1.46451330e+00   1.04502964e+00   9.23255920e-01   1.42824078e+00
    3.58246386e-01   9.34559047e-01   8.83675814e-01   4.74311709e-01
    1.36949193e+00   6.19934142e-01   3.21773738e-01   1.48250580e+00
    7.37039030e-01   1.01402080e+00   1.19413888e+00   1.35229206e+00
    1.95587361e+00   1.16016412e+00   1.29752624e+00   9.11885142e-01
    3.78103971e-01   1.63040280e+00   3.73009384e-01   1.31443048e+00
    1.13071644e+00   1.20617723e+00   7.55025864e-01   1.17677665e+00
    1.46842146e+00   3.14407408e-01   7.95707941e-01   3.00197661e-01
    9.98790264e-01   7.87241459e-01   1.38857138e+00   8.92095268e-01
    1.27411556e+00   2.18436420e-01   3.01086903e-01   1.01903427e+00
    1.17659879e+00   9.79961574e-01   1.77780354e+00   1.25122583e+00
    5.98977327e-01   1.17135930e+00  -2.64205318e-02   8.73119771e-01
    1.11991334e+00   6.73527420e-01   2.00190336e-01   1.09571421e+00
    2.12710834e+00   6.91205800e-01   1.44477487e+00   6.69799805e-01
    1.60695481e+00   2.19724917e+00   7.53861606e-01   9.95958447e-01
    1.42569196e+00   1.20070386e+00   3.86263430e-01   1.89795113e+00
    2.11769843e+00   9.94141340e-01   1.99789929e+00   1.50548005e+00
    1.67621303e+00  -9.11244750e-03   1.11277974e+00   2.93307686e+00
    7.68239200e-01   4.18722302e-01   1.16507959e+00   2.38240051e+00
    1.99832070e+00   8.38069975e-01   5.42729139e-01   2.39721036e+00
    1.12708068e+00   9.24383819e-01   1.36878860e+00   2.27585626e+00
    1.84987772e+00  -2.52081938e-02   1.06089783e+00   2.24561930e+00
    9.64190304e-01   8.01882565e-01   1.32153261e+00   8.80002081e-01
    9.86001253e-01   2.63559270e+00   8.46749783e-01   1.24921596e+00
    1.08051038e+00   8.67447078e-01   2.03554606e+00   8.17010164e-01
    1.19796848e+00   8.40386391e-01   1.10746241e+00   7.34387636e-01
    6.40756965e-01   9.42440093e-01   1.44587612e+00   1.97974831e-01
    1.01325428e+00   7.66176879e-01   1.29176542e-01   1.60628587e-01
    1.02274382e+00   9.67756629e-01  -1.41135724e-02   1.65436316e+00
    9.63972449e-01  -7.10816979e-02   9.39891875e-01   1.62418473e+00
    6.28815889e-01   1.56217349e+00   1.47825146e+00   2.34448552e+00
    6.24929011e-01   1.02553201e+00   9.85954285e-01   1.37971628e+00
    1.19453144e+00   1.14420760e+00   1.19554996e+00   6.50818884e-01
    1.52827990e+00  -8.48971233e-02   9.07438457e-01   1.25686204e+00
    8.14781964e-01   3.40731293e-01   2.34479403e+00   1.58161831e+00
    2.10038352e+00  -5.79255354e-03   3.66559535e-01   1.57840502e+00
    1.16927588e+00   1.42476499e+00   1.01981866e+00  -1.29720317e-02
    7.69140840e-01   5.43767035e-01   2.22800684e+00   7.04091787e-01
