 0.46896017  1.09159458  1.42275143  1.18475008  1.34850955  0.70086873
   0.23231243  1.46818435  0.75206244  0.46887958  1.12149239  1.30364716
   0.64287978  0.12372785  0.47228652  0.68724406  1.65162015  0.60922867
   1.89534879  1.14446533  1.49621606  1.28097987  0.81528842  1.04191399
   1.26248527  0.93390256  1.42399776  4.04676342  4.02708673  0.17446259
   0.44910988  1.11372304  1.22333443  0.83006436  1.24523532  0.91766739
   0.64694506  2.13765025  1.15584564  1.35594499  0.20357403  0.50666815
   0.19507091  0.63498491  0.58321971  1.47659874  1.00016665  1.26689744
   1.314183    0.93936676  1.55912817  2.32370424  0.83352095  0.40860111
   1.70007074  1.71978366  0.9230426   0.81435698  1.85824513  0.42854396
   1.47827959  0.70580131  1.37732136  0.85840362  1.71971452  0.22661036
   1.05467546  0.91261804  1.57048047  2.06044674  1.03543413  1.15994406
   1.516873   -0.12187161  0.03803112  1.73660004 -0.03713431  1.11629474
   2.03902221  1.09033585  1.38685179  0.89677125  1.27400875  1.40819776
   0.30400512  1.83711278  0.67013747  1.91738713  1.14261377  0.179671
   1.2694875   1.58246541  0.80880344  1.26843143  1.3276782   0.7261678
   0.59000266  1.33430481  0.40657178  1.26194954  1.48165822  1.13459969
  -0.065861   -0.03966266  0.81406677  1.83480453  1.92162371  2.50086951
   0.45048991  1.24558663  1.81182861  1.01887059  2.54997301  1.40738142
   1.05005538  0.59699136  1.19580603  2.38428712  2.07238269  1.20062113
   0.54453164  1.24531865  1.40469503  1.44155788  1.45084548  1.20413542
   0.55240458  0.83765256  0.57462376  0.83178031  0.5913083   1.75374961
   0.32615727  1.6748544   0.91393286  0.81565458  1.01732457  0.13712271
   0.22349818  1.09230888  0.40763828  1.04205167  1.56392705  1.76482213
   0.68307292  1.82262123  1.02848411  0.96946055  3.26184034  0.00793749
   1.33473337  0.34538713  0.42919764  1.74132776  0.15756193  1.68407059
   1.52435362  1.09806573  0.97575158  1.78037071  1.34740317  1.63055015
   0.94863313  1.38100743  1.11486554  0.92582268 -0.04877792  0.93159717
   0.74977022  1.53593767  0.87639517  0.62014765  1.88765538  1.48018026
   2.20900583  1.46679711  1.81821537  1.03104234  2.65013885  1.17890799
   0.48317286  1.23725164  0.40956858  1.61435199  0.75808382  1.65346909
   1.16945851  1.82803357  0.78542745  1.22884214  0.55786687  1.6430248
   0.61834759  1.23093629  1.09871638  0.38833335  2.43903589  1.56770551
   1.40795374  1.76657271  1.83668351  0.86045158  0.7644195   0.62370992
   1.95176864  1.09208596  1.49291289  0.93688375  0.86808366  0.55742455
   0.62266684  0.25380954  0.92984951  0.63170171  0.91859698  0.88432926
   0.83686054  1.13482261  1.29189312  1.89486206  1.32706535  1.64442015
   1.10348535  1.17510128  0.78254968  1.41072071  0.93931961  1.84013486
   1.21959841  1.13332331  3.30152321  0.65320992  1.48639774  1.32759082
   0.69172764  1.81502175  1.14029038  1.42258561  1.30898952  1.59618783
   0.56823331  1.6042099   0.70516276  1.51942635  0.56048298  1.14593184
   2.96798921  0.68961239 -0.06655099  1.47202647  0.32005227  0.22562464
   1.46182525  1.3318423   0.8525911   1.84793282  1.3277458   1.16401637
   2.27097368  1.58058143  1.51022947  0.50693226  1.72694147  1.19226682
   1.84701109  0.89697641  1.00843656  1.04123056  1.14956963  1.15567231
   1.90917408  2.25387406  0.92427111  2.95279193  2.5007422   2.50118184
   1.27925885  1.14751196  0.5546999   0.71102238  1.49742925  1.61158144
   1.00173736  1.56324422 -0.00769102  1.06770813  1.53549564  0.84203184
  -0.01300792 -0.0825597   0.7578457   0.66982841  2.09531665  0.94560492
   0.5541805   1.40529752  0.96942341  1.59570098  1.48474205  0.69016528
   3.31529975  0.95496535  0.85006589  1.15697587  1.85548031  1.62749279
   1.38567591  0.97379255  0.668589    0.94527602  1.79859173 -0.03188839
   1.31669796  1.48227358  1.50058997  1.22423947  0.67022866  0.20977895
   0.26158205  3.26314306 -0.08113442  0.88817799  1.15528595  1.12827396
   0.41120064  0.77291399  0.64287156  1.29325545  1.37532151  1.11444378
   0.25669539  3.17174125  1.85718179  2.57334208  1.96986532  0.73020232
   0.91877878  0.99689549  1.72066069  0.99904281  0.95497137  0.11945238
   0.29229832  0.31401896  1.18881845  1.12564039  0.86437112  1.08183312
   1.1138401   1.72719324  1.49987268  1.21690178  0.42803091  1.69479203
   1.31688643  0.87100536  0.53619188  1.48225498  0.30529094  2.07027841
   1.46909249  0.70694989  0.86941612  0.1724028   0.3066757   0.90972596
   1.15730298  0.79919529  1.79143751  0.8009339   0.57948786  1.49396348
   0.6866914   1.19374108  1.17857659  2.00172186  2.41299701  1.3243897
   1.51653004  1.16971445  0.55909544  1.68828928  0.41329804  1.28326404
   1.30033326  1.0375824   0.6205194   1.03017938  1.81682873  0.43459442
   1.19332254  0.18442576  1.42223978  0.82414305  1.41472149  0.81519395
   1.65918326  0.31388021  0.39549878  1.15711665  1.08792341  0.93221074
   1.79943228  1.21208584  1.30606222  1.14187777 -0.01657763  1.02635443
   1.02561498  0.77782172  0.12903923  1.19601989  2.71414423  0.82610577
   2.09803843  0.83545351  1.75910413  2.04270744  1.10604048  1.21116662
   1.06246161  1.65803385  0.44777289  2.38264227  1.92773259  0.91195244
   1.77473736  1.60292935  1.54217136  0.36857262  1.10224879  2.37169266
   1.36246979  0.88499469  1.28203106  2.01501513  1.88308573  1.28291273
   0.89765346  1.80622113  2.41272902  0.83108044  1.31699383  1.76068544
   1.89713752  0.07008944  0.94865429  1.02632177  1.17133152  0.81754041
   1.32065904  0.63156211  1.35860074  2.54883194  1.19938576  1.13973475
   1.15098727  0.88297337  1.9124341   0.77928358  1.58172011  0.91733932
   1.40726364  0.44710135  0.63039887  1.28948629  1.37508869  0.05375807
   0.88655776  0.97414428  0.52184975  0.24006058  1.28003848  1.0663178
  -0.0787601   1.56636631  1.06748724 -0.06843037  0.75392115  2.06503463
   0.67497885  2.02428579  1.82352626  2.55695105  0.7355122   0.84940422
   1.00382578  1.78015649  1.25060785  0.85136396  0.75481337  0.75891191
   1.58234859 -0.11969339  0.82857019  0.99033058  0.78048152  0.56731427
   1.78335583  1.39731503  1.44396496  0.09645194  0.38058877  1.30515814
   1.58431745  1.36957407  0.72534776  0.09167754  0.88789266  0.41437513
   2.14395928  1.41895056
