  6.53914690e-01   1.07869554e+00   1.48966265e+00   9.76104021e-01
    1.02919197e+00   6.35828912e-01  -2.16484256e-02   1.51223087e+00
    7.77048826e-01   2.86980003e-01   1.52242148e+00   1.60181248e+00
    4.38574314e-01  -6.05476163e-02   5.78758299e-01   7.93090641e-01
    1.66427886e+00   6.69850588e-01   1.74550939e+00   1.09500945e+00
    1.24526918e+00   1.09330916e+00   8.68450105e-01   1.31392419e+00
    1.56353259e+00   9.99620795e-01   1.06257212e+00   3.48794961e+00
    3.59862280e+00   1.97284669e-01   7.28035390e-01   1.23503339e+00
    1.18819535e+00   9.29147005e-01   8.44955325e-01   6.56096220e-01
    7.75126696e-01   1.35224783e+00   6.18972778e-01   1.74368203e+00
   -9.17057320e-02   4.30188477e-01   9.96484518e-01   5.07084668e-01
    5.85673571e-01   1.24286044e+00   1.26342964e+00   1.30253482e+00
    1.16438460e+00   1.05441725e+00   1.99213409e+00   2.07449746e+00
    9.89700377e-01   4.04059082e-01   1.59043729e+00   1.71054387e+00
    1.04355085e+00   6.19957924e-01   1.21293700e+00   3.94969434e-01
    1.62905765e+00   9.47001874e-01   1.26754069e+00   8.09929848e-01
    1.69540548e+00   4.26130742e-01   1.05250478e+00   8.93510699e-01
    1.19951522e+00   1.70570827e+00   8.56307328e-01   1.38832867e+00
    1.43586779e+00  -1.11374751e-01  -3.15297060e-02   1.64852762e+00
   -6.13674819e-02   1.46441710e+00   1.95294440e+00   8.21499109e-01
    1.30732715e+00   8.95741403e-01   1.18965638e+00   1.47327936e+00
    3.48586380e-01   1.66839302e+00   5.74587643e-01   1.60821450e+00
    1.20140290e+00   1.26013175e-01   9.49393213e-01   1.45701849e+00
    1.05423963e+00   1.08601105e+00   1.05745029e+00  -1.52825266e-02
    6.30968034e-01   8.71441722e-01   1.43316109e-02   1.18649149e+00
    1.23903632e+00   1.09202683e+00  -1.12899475e-01  -1.87756754e-02
    7.46627986e-01   1.42069924e+00   1.66137314e+00   9.12123382e-01
    5.48738599e-01   1.29704833e+00   2.03285050e+00   6.39869332e-01
    2.42274380e+00   1.75776470e+00   1.10183263e+00   5.12443542e-01
    1.58218539e+00   1.97609460e+00   1.85206532e+00   9.55492854e-01
    2.57603347e-01   9.60256755e-01   1.35420465e+00   1.00706935e+00
    1.04569900e+00   1.50702965e+00   8.04915667e-01   1.30978882e+00
    3.15953285e-01   8.30258965e-01   7.52966464e-01   1.36569536e+00
    4.58197445e-01   1.67926323e+00   1.03584862e+00   8.60645771e-01
    1.21529162e+00  -4.22529381e-04   1.65902108e-01   1.02654946e+00
    5.25383532e-01   7.34997451e-01   1.09755409e+00   1.29543459e+00
    8.99677753e-01   1.58543694e+00   7.80807316e-01   9.80464637e-01
    3.37710476e+00  -5.38460091e-02   1.48135304e+00   7.51314282e-01
    4.44432646e-01   1.77537835e+00   2.03871220e-01   1.31775844e+00
    1.51354706e+00   1.58969212e+00   8.31893563e-01   1.85306549e+00
    1.00260425e+00   1.21402752e+00   6.71313047e-01   1.28693724e+00
    9.31515753e-01   8.20070386e-01  -2.08800659e-02   6.06877744e-01
    8.64015639e-01   1.39710319e+00   9.80251968e-01   6.08785510e-01
    1.62008941e+00   1.64981163e+00   1.94055760e+00   2.11546922e+00
    1.82445180e+00   1.19047475e+00   2.87585902e+00   8.01083446e-01
   -4.97306399e-02   1.35522127e+00   4.45122540e-01   1.33469737e+00
    8.28695416e-01   1.48067331e+00   1.04844165e+00   1.72022116e+00
    7.26980150e-01   1.02794325e+00   7.05957174e-01   1.48518813e+00
    5.76613307e-01   1.43793344e+00   1.10101879e+00   3.46414924e-01
    2.26326203e+00   2.33634186e+00   9.95922208e-01   1.88649523e+00
    1.87570405e+00   8.16662192e-01   5.14905810e-01   1.80632651e-01
    1.72082615e+00   7.93069184e-01   1.69909632e+00   7.72135377e-01
    7.04643786e-01   6.88286364e-01   1.89332664e-01   4.67910200e-01
    9.20695722e-01   1.04993355e+00   9.26208019e-01   7.04582155e-01
    9.56984639e-01   1.28125787e+00   9.34258461e-01   1.75113142e+00
    1.22970605e+00   1.21633279e+00   1.47633767e+00   1.08300579e+00
    7.45340407e-01   1.48484802e+00   7.63282955e-01   1.68924391e+00
    1.01564765e+00   1.25722635e+00   2.47200632e+00   6.70245588e-01
    1.11463904e+00   1.57486928e+00   7.65886605e-01   1.20054603e+00
    1.04760218e+00   1.22443461e+00   7.20443308e-01   1.69855857e+00
    6.47007108e-01   1.08569157e+00   7.27070212e-01   9.54268098e-01
    1.91027179e-01   1.25858438e+00   3.22121215e+00   7.25878239e-01
   -1.19443312e-01   1.59058428e+00   4.66569841e-01   2.26396307e-01
    1.45937765e+00   1.18277907e+00   3.98133636e-01   1.54776132e+00
    1.47815406e+00   1.12450314e+00   2.33383560e+00   1.05675840e+00
    1.62939835e+00   3.93667877e-01   1.72383368e+00   5.97735643e-01
    1.42237830e+00   1.10083520e+00   3.89970005e-01   1.87448168e+00
    9.37854588e-01   1.64601088e+00   1.78408635e+00   1.32978523e+00
    8.67715001e-01   2.65112782e+00   2.66982079e+00   2.41762590e+00
    1.10310817e+00   1.03527617e+00   6.48285925e-01   7.48084068e-01
    1.66811299e+00   1.33699787e+00   1.04408467e+00   1.21698952e+00
   -2.98497565e-02   5.76958477e-01   1.32965243e+00   8.84131432e-01
   -3.99207547e-02  -1.26930803e-01   6.36868715e-01   6.96178913e-01
    2.16708207e+00   6.06986821e-01   6.85545802e-01   1.98206580e+00
    8.08925331e-01   1.43577993e+00   5.04686236e-01   8.45942736e-01
    3.11415863e+00   1.26583600e+00   1.01914382e+00   1.35937881e+00
    1.11546588e+00   1.55754650e+00   1.44958985e+00   9.28093791e-01
    7.96458304e-01   1.24763095e+00   2.08795714e+00  -5.67732118e-02
    7.10767090e-01   1.52223635e+00   1.04544377e+00   4.94082540e-01
    8.63422275e-01  -5.44313006e-02   3.12057972e-01   2.47391200e+00
   -1.23910271e-01   1.16446471e+00   1.00722706e+00   1.26551652e+00
    4.06811774e-01   1.19344354e+00   6.29543483e-01   1.04774308e+00
    1.61055064e+00   9.52438295e-01   4.45215464e-01   2.72976375e+00
    1.74156523e+00   2.25366974e+00   2.02462959e+00  -7.11520389e-03
    9.20968652e-01   2.20598087e-01   1.31960750e+00   1.15040183e+00
    8.73948157e-01   4.19242121e-02   2.20330402e-01   2.56446183e-01
    1.26676702e+00   1.41434228e+00   6.62324429e-01   4.86963481e-01
    1.16690926e-01   1.22307360e+00   1.34060538e+00   1.57210493e+00
    1.02374506e+00   1.83470213e+00   1.20696449e+00   4.75230992e-01
    5.31874180e-01   1.33669603e+00   4.31014389e-01   2.29802966e+00
    9.57902014e-01   7.76552320e-01   5.41119576e-01   1.12058353e+00
    3.03761154e-01   9.28851187e-01   1.01709938e+00   9.34292614e-01
    1.57892716e+00   6.86258912e-01   2.81078011e-01   1.48067605e+00
    7.16442704e-01   7.18920350e-01   8.93926442e-01   1.51878381e+00
    2.68677616e+00   1.11936355e+00   1.14589596e+00   1.06303596e+00
    5.08591115e-01   1.95822299e+00   3.85347098e-01   1.29739392e+00
    1.22273672e+00   1.02960515e+00   7.99339652e-01   1.08107936e+00
    1.72863913e+00   5.33218503e-01   1.12431383e+00   8.03037226e-01
    1.49129963e+00   1.12496841e+00   1.27168810e+00   9.84444857e-01
    1.10798275e+00   1.22989841e-01   3.26666474e-01   9.03124809e-01
    9.53563809e-01   1.10136116e+00   1.62239802e+00   1.04719090e+00
    5.65855443e-01   1.31725264e+00   1.57964423e-01   8.00387502e-01
    1.14113009e+00   6.34242713e-01   8.60337317e-02   1.35928690e+00
    2.19729090e+00   7.13612914e-01   2.07360029e+00   8.29936981e-01
    1.41403294e+00   2.28025484e+00   8.78165483e-01   1.12442732e+00
    1.25124300e+00   1.20411170e+00   6.39361084e-01   1.93647873e+00
    1.86775804e+00   9.83733356e-01   2.16810918e+00   1.53717458e+00
    1.53856897e+00  -1.98451262e-02   1.48426259e+00   2.30186868e+00
    9.09978330e-01   5.03737092e-01   1.72162795e+00   2.21432304e+00
    1.57322633e+00   1.04984069e+00   8.92842114e-01   2.34799337e+00
    1.54592168e+00   5.11383533e-01   1.56946707e+00   1.50063908e+00
    1.48504388e+00   2.89483704e-02   7.09824383e-01   1.71347106e+00
    9.19132650e-01   8.58260512e-01   1.30965948e+00   1.21027827e+00
    1.27425456e+00   2.59189034e+00   1.11211109e+00   1.46176875e+00
    8.39662611e-01   9.52723503e-01   1.95780337e+00   7.76003420e-01
    1.49790096e+00   7.83484161e-01   1.11917675e+00   5.02014339e-01
    5.24747491e-01   8.95480573e-01   1.45486355e+00   7.51435831e-02
    4.53830659e-01   9.06089664e-01   1.25424147e-01   2.64309049e-02
    9.82925713e-01   1.16680717e+00  -2.47534048e-02   2.06544995e+00
    5.44970334e-01  -1.20246589e-01   1.01718760e+00   1.48078430e+00
    1.21583414e+00   1.32086086e+00   1.69694054e+00   2.55658507e+00
    5.12282193e-01   6.93811595e-01   1.10556841e+00   1.41357851e+00
    1.32267749e+00   8.58974278e-01   1.01633000e+00   9.81386960e-01
    1.48343885e+00  -1.05325997e-01   1.14938450e+00   5.15109062e-01
    8.72673571e-01   2.44625509e-01   1.51327550e+00   1.29866576e+00
    1.85738778e+00   3.38013992e-02  -3.18769254e-02   1.32811987e+00
    1.53558254e+00   1.32981706e+00   6.68462157e-01   1.17242616e-03
    7.43096769e-01   6.71031356e-01   2.36685061e+00   6.89932108e-01
