  5.08478642e-01   9.01739001e-01   1.30683863e+00   1.05981624e+00
    1.03862321e+00   7.83095837e-01   6.39543712e-01   1.57966673e+00
    6.39556944e-01   3.75435442e-01   1.54173613e+00   1.48037481e+00
    1.57153159e-01  -4.38249037e-02   7.67706990e-01   7.64981031e-01
    1.73911059e+00   5.88150799e-01   1.45682883e+00   1.10327184e+00
    1.04799449e+00   1.07698619e+00   7.36390889e-01   9.85772789e-01
    1.41648650e+00   9.93728995e-01   6.20731771e-01   2.73283362e+00
    3.27075267e+00   2.81880617e-01   7.28790581e-01   1.64574730e+00
    1.53679609e+00   8.30704093e-01   1.02849877e+00   9.30515110e-01
    6.39695466e-01   1.00931621e+00   8.54850948e-01   1.29111958e+00
   -8.17790776e-02   4.16548938e-01   1.13657258e-01   5.11391759e-01
    6.14042640e-01   1.59766042e+00   9.92821157e-01   1.13147664e+00
    9.28313136e-01   1.18291378e+00   2.18093252e+00   1.93932498e+00
    3.28578502e-01   1.13366640e+00   1.81442964e+00   1.54353547e+00
    8.88260305e-01   6.03323221e-01   1.13422346e+00   2.38975376e-01
    1.26875842e+00   1.12270415e+00   1.24013352e+00   9.42568779e-01
    1.44540453e+00   9.28533018e-01   1.06516385e+00   9.39893663e-01
    1.14946616e+00   1.03183579e+00   8.11477602e-01   1.47677183e+00
    1.52583730e+00  -1.50948569e-01  -3.61132175e-02   1.25089931e+00
   -7.35655427e-02   1.09953058e+00   1.49250364e+00   1.02079463e+00
    1.05250895e+00   1.02205086e+00   1.14715517e+00   1.40872061e+00
    3.97318900e-01   1.32537794e+00   3.88897181e-01   1.60127485e+00
    1.16194594e+00   1.49319366e-01   1.31662989e+00   1.06744778e+00
    1.22231460e+00   1.44852960e+00   1.63854980e+00  -1.90979000e-02
    6.52184427e-01   1.16562986e+00   9.91217077e-01   1.98552871e+00
    1.34506023e+00   1.11692441e+00  -1.08735479e-01  -9.57123861e-02
   -8.06533452e-03   1.93993139e+00   1.90464675e+00   1.15831637e+00
    2.36625388e-01   1.21798933e+00   2.38495970e+00   1.17891598e+00
    2.20988083e+00   1.67020309e+00   8.83113861e-01   6.45530820e-01
    7.52670228e-01   2.10148191e+00   1.96157312e+00   5.48201919e-01
    4.08215582e-01   1.08052349e+00   1.44546521e+00   2.32756042e+00
    8.02302182e-01   1.25166452e+00   8.37764859e-01   1.27253532e+00
   -9.00328276e-04   8.18863571e-01   7.76034772e-01   1.39148057e+00
    9.86214057e-02   8.92448485e-01   9.40541327e-01   8.68751466e-01
    1.14221597e+00  -5.18947020e-02   2.34530270e-01   1.55708206e+00
    4.75130737e-01   8.83798182e-01   1.27952063e+00   1.18716574e+00
    7.36357927e-01   1.57650256e+00  -2.41906233e-02   7.67085731e-01
    3.13632727e+00  -5.70050068e-02   1.85319698e+00   3.20713669e-01
    8.65263939e-01   1.59777260e+00   3.54080409e-01   1.27191365e+00
    1.93742955e+00   1.25958705e+00   9.97208595e-01   2.27692151e+00
    1.18193114e+00   1.00119328e+00   7.70244896e-01   1.40361881e+00
    1.03176844e+00   1.20829999e+00  -2.25590300e-02   9.83346462e-01
    5.68937242e-01   1.50298977e+00   1.10934782e+00   5.87902069e-01
    1.58973420e+00   1.31757033e+00   6.88623488e-01   2.07347298e+00
    1.79213202e+00   7.77470648e-01   2.42231107e+00   1.13100457e+00
    4.07512009e-01   1.41185784e+00   8.17536533e-01   1.21666598e+00
    1.05559015e+00   1.45751739e+00   8.51757705e-01   1.16934407e+00
    8.25254440e-01   1.07049644e+00   9.03026879e-01   1.66704738e+00
    1.71877965e-01   1.20619357e+00   1.11159277e+00  -3.23147215e-02
    2.21192384e+00   2.48286390e+00   1.07745373e+00   1.52904403e+00
    2.45594740e+00   8.95568371e-01   5.88273644e-01   3.83264154e-01
    1.56321681e+00   1.11800063e+00   1.13415515e+00   1.15349400e+00
    5.44438720e-01   5.99601686e-01   5.15489161e-01   1.60502911e-01
    9.41723049e-01   1.01262069e+00   6.17282212e-01   9.95142460e-01
    3.77155632e-01   8.99283350e-01   5.71909964e-01   1.46603751e+00
    1.25651324e+00   1.30265582e+00   9.97343421e-01   1.39636421e+00
    8.94022346e-01   2.16940308e+00   7.83252299e-01   1.95770144e+00
    1.04359829e+00   1.19921017e+00   2.83685088e+00   7.40860641e-01
    8.81465375e-01   2.05336285e+00   8.95357668e-01   1.16871154e+00
    8.95586610e-01   1.06986284e+00   6.37487590e-01   1.79833758e+00
    1.20791459e+00   1.81859601e+00   6.58889055e-01   1.02506900e+00
    6.03845529e-02   1.05171561e+00   2.06868386e+00   6.53777897e-01
   -9.32707340e-02   1.29116738e+00   3.17444503e-01   5.62459290e-01
    1.51454711e+00   1.65097415e+00   1.89588040e-01   1.19778705e+00
    1.22304213e+00   1.28555942e+00   2.17064738e+00   7.13053465e-01
    1.54456770e+00   6.48996711e-01   1.71648109e+00   5.62634766e-01
    1.64995205e+00   1.24482918e+00   7.43368208e-01   1.00160360e+00
    9.67452645e-01   1.57684648e+00   2.34393001e+00   1.84932101e+00
    1.21954930e+00   2.34211874e+00   2.59653878e+00   2.31644297e+00
    1.02343643e+00   8.02753210e-01   6.27679348e-01   8.05323124e-01
    1.47994447e+00   9.36856866e-01   1.10445237e+00   1.37183046e+00
   -2.21283343e-02   9.49939132e-01   1.01459563e+00   5.40661335e-01
    1.76105544e-01  -1.24807738e-01   6.61792815e-01   5.10500968e-01
    2.22396541e+00   7.76384175e-01   5.91466904e-01   1.36478341e+00
    1.14667177e+00   1.18913281e+00   2.92468399e-01   7.61857748e-01
    3.53364801e+00   1.15794039e+00   9.04838741e-01   1.16907096e+00
    1.19604647e+00   1.58650815e+00   1.32356656e+00   9.65389073e-01
    6.73200309e-01   1.25172257e+00   2.48043513e+00   3.37704942e-02
    9.20173168e-01   1.41873860e+00   1.11726391e+00   4.56315786e-01
    8.71273339e-01  -3.31785413e-03   9.93325189e-02   2.84739780e+00
   -7.87989199e-02   9.38573539e-01   1.12524247e+00   8.86850119e-01
    4.14563596e-01   1.58334196e+00   6.29124522e-01   1.29195738e+00
    2.05111146e+00   9.16660488e-01   3.40377480e-01   2.35423803e+00
    1.65232038e+00   2.25004959e+00   1.98262525e+00  -5.67644313e-02
    9.20293927e-01   1.61920413e-01   1.24833500e+00   6.16836190e-01
    8.95180047e-01   1.13512985e-01  -4.37370269e-03   1.60805464e-01
    1.19633603e+00   1.07438231e+00   6.32067204e-01   1.32402718e+00
    9.98023927e-01   1.06044400e+00   1.28534746e+00   1.61532342e+00
    1.15215743e+00   1.43351436e+00   9.71622825e-01   1.90093413e-01
    1.93874627e-01   8.67362559e-01   6.72160804e-01   1.89855599e+00
    9.52854395e-01   1.31145489e+00   7.91598797e-01   4.65225428e-01
    4.12442029e-01   9.87075508e-01   1.59622359e+00   9.47126269e-01
    1.79242516e+00   6.38374984e-01   5.85193872e-01   1.49944329e+00
    7.53538668e-01   5.30057728e-01   1.01723707e+00   1.31422973e+00
    2.27750421e+00   1.04721034e+00   1.27304733e+00   1.28078425e+00
    2.57351641e-02   2.11912036e+00   3.52193177e-01   1.26975000e+00
    1.90084958e+00   1.13987100e+00   1.16637230e+00   1.21315360e+00
    2.04602313e+00   2.75325298e-01   1.17250347e+00   5.64511597e-01
    1.10921562e+00   8.65513504e-01   8.18926275e-01   9.12784398e-01
    9.53444719e-01   5.68049885e-02   2.80203879e-01   8.29187632e-01
    4.03616071e-01   1.21065569e+00   1.55241132e+00   1.48661745e+00
    1.07109857e+00   8.87049794e-01   1.23367965e-01   1.01019192e+00
    1.16468799e+00   6.77400947e-01   7.04883456e-01   1.80297673e+00
    1.90426552e+00   4.02020663e-01   1.34683454e+00   6.93036020e-01
    1.43018949e+00   3.08011556e+00   5.74266613e-01   6.67414188e-01
    1.62563562e+00   9.14230824e-01   3.62201154e-01   1.86538804e+00
    2.12966347e+00   1.03593111e+00   2.12093830e+00   1.31834817e+00
    2.22329450e+00  -8.43963772e-02   1.28345895e+00   1.55373430e+00
    5.53874612e-01   7.94379771e-01   1.37424159e+00   1.39910710e+00
    1.94152343e+00   1.05415547e+00   6.50312126e-01   3.11691284e+00
    1.33879364e+00   4.28678602e-01   1.49670231e+00   2.50550818e+00
    1.51788545e+00  -2.63202693e-02   1.60855770e+00   1.49246609e+00
    9.28291917e-01   8.28343511e-01   1.86227763e+00   1.22921479e+00
    9.79356706e-01   2.24993706e+00   8.37827444e-01   1.30158710e+00
    6.25908554e-01   1.02930987e+00   1.87005377e+00   7.72947609e-01
    1.07549417e+00   1.28321958e+00   1.52100050e+00   7.03250766e-01
    3.42601478e-01   1.78052068e+00   1.40287590e+00  -1.02198338e-02
    3.97147357e-01   1.62584102e+00   6.51438296e-01   3.85577768e-01
    1.29281402e+00   1.06154621e+00  -1.26727998e-01   1.44319379e+00
    9.93451834e-01  -5.02920449e-02   1.77862585e+00   1.88770437e+00
    6.74062908e-01   2.02107620e+00   1.75735211e+00   2.34718370e+00
    7.96947896e-01   7.57577240e-01   1.51290309e+00   1.49774134e+00
    1.07427585e+00   1.59459841e+00   8.64513040e-01   1.00782454e+00
    1.44883394e+00  -1.63939610e-01   9.92941916e-01   8.20086479e-01
    7.46395767e-01   7.15229154e-01   2.22969365e+00   1.26003778e+00
    2.35980010e+00   1.01985916e-01  -7.05050398e-03   1.37788892e+00
    1.35304928e+00   1.60610342e+00   9.30330575e-01   1.73896998e-01
    7.92530954e-01   6.38040960e-01   1.18096185e+00   8.17891300e-01
