  6.02604806e-01   1.17146838e+00   1.47197855e+00   1.15601659e+00
    1.50312304e+00   6.69073164e-01   4.86683309e-01   1.32660329e+00
    7.10502744e-01   4.70709354e-01   1.24369562e+00   1.27768171e+00
    3.71743560e-01  -9.35861096e-02   1.02867770e+00   3.29072565e-01
    1.78593409e+00   7.85683274e-01   1.78558505e+00   1.11030495e+00
    1.26202691e+00   1.31251192e+00   1.10591340e+00   1.17640352e+00
    1.30723095e+00   1.04989517e+00   1.30610156e+00   2.89159250e+00
    3.76694012e+00   6.93003416e-01   1.21556437e+00   1.48179102e+00
    1.85941076e+00   8.21975470e-01   1.28703451e+00   1.34968042e+00
    5.63785195e-01   1.77651739e+00   8.47003520e-01   1.83718145e+00
    8.47862661e-02   4.35589403e-01   4.01173085e-01   5.95697224e-01
    6.61215127e-01   1.37416780e+00   8.09672713e-01   1.21687043e+00
    1.45505619e+00   1.59019685e+00   1.47162008e+00   1.40229726e+00
    4.80987757e-01   3.32052261e-01   1.75770676e+00   1.81444788e+00
    6.87166750e-01   7.59235561e-01   1.34999168e+00   3.64040136e-01
    1.28952980e+00   8.61675084e-01   1.26054049e+00   8.80365968e-01
    1.19944310e+00   8.65729690e-01   1.06028593e+00   9.34817314e-01
    1.08995521e+00   1.24429858e+00   8.28529298e-01   1.61657083e+00
    1.60929370e+00  -1.00512780e-01  -2.28489377e-02   2.26090503e+00
    1.85717970e-01   8.24849367e-01   1.73409426e+00   1.10852420e+00
    4.68792051e-01   9.65852559e-01   1.29430294e+00   1.37540829e+00
    4.47522521e-01   1.11506641e+00   6.33990526e-01   1.59078944e+00
    1.21649563e+00   3.59830379e-01   1.04778194e+00   1.74326754e+00
    7.45327473e-01   1.46543419e+00   1.27589643e+00  -5.28408540e-03
    5.17191470e-01   1.33478391e+00   3.94580632e-01   1.35190713e+00
    1.64790714e+00   1.11062789e+00  -5.92485676e-03  -4.79009748e-02
    1.64270625e-01   1.82888138e+00   2.14759517e+00   1.19693291e+00
    5.88326037e-01   1.21668243e+00   2.26944733e+00   8.99834812e-01
    2.22749639e+00   1.36014640e+00   1.29305959e+00   6.10964000e-01
    1.08249533e+00   2.15729237e+00   1.69204915e+00   8.30368340e-01
    4.83662367e-01   1.72725713e+00   2.11549067e+00   1.70072186e+00
    1.07538533e+00   1.20613134e+00   7.54807770e-01   1.22241127e+00
    5.16861118e-02   8.28144968e-01   7.41050899e-01   1.45904779e+00
    1.96260810e-01   1.43962157e+00   8.45257819e-01   6.83499336e-01
    1.40462720e+00  -2.77622025e-02   1.35287389e-01   1.57211626e+00
    1.30835092e+00   9.00614679e-01   9.12779987e-01   1.07366347e+00
    7.38017380e-01   1.08300960e+00   2.61543244e-01   8.12663555e-01
    2.84758568e+00   5.55703342e-02   1.36313093e+00   3.62125248e-01
    8.59472752e-01   1.48180056e+00   6.49256647e-01   1.49565470e+00
    2.36607409e+00   1.31197536e+00   8.58624697e-01   1.42529833e+00
    1.05655456e+00   1.28596032e+00   9.88589048e-01   1.49425948e+00
    1.30773306e+00   9.12230313e-01  -3.80053893e-02   3.21711779e-01
    8.46559644e-01   1.45095444e+00   1.44745123e+00   7.07659006e-01
    1.28807950e+00   1.24184024e+00   1.06055248e+00   2.24394774e+00
    1.80201530e+00   1.01286888e+00   2.23882937e+00   1.17392910e+00
    2.70627886e-01   1.21693134e+00   4.02944446e-01   1.08868420e+00
    1.09891033e+00   1.43667901e+00   5.25717199e-01   1.86565697e+00
    7.54210472e-01   1.11939704e+00   6.46179438e-01   1.98297739e+00
    1.61501579e-03   1.24625039e+00   1.10764325e+00  -1.11052832e-02
    1.95759737e+00   1.87158227e+00   1.12515128e+00   1.76130235e+00
    1.89466345e+00   8.28383803e-01   5.08294404e-01   2.30029106e-01
    1.80308509e+00   6.79838359e-01   1.26559532e+00   8.03182781e-01
    8.86530757e-01   5.89810371e-01   5.65557599e-01   5.05412400e-01
    9.42785919e-01   6.67452693e-01   6.59406960e-01   1.17226565e+00
    5.56110978e-01   1.31180060e+00   6.78285301e-01   1.10951865e+00
    1.35645998e+00   1.50224030e+00   1.02483952e+00   1.43100429e+00
    1.32773864e+00   1.49401927e+00   1.05947578e+00   1.64255750e+00
    8.30316663e-01   1.50570476e+00   3.52529407e+00   9.21627283e-01
    8.24609041e-01   2.99449706e+00   1.36232078e+00   8.96255016e-01
    1.10410082e+00   1.64552999e+00   1.09288025e+00   1.94495201e+00
    1.24426150e+00   1.39119422e+00   8.23212504e-01   1.28641665e+00
    2.45817706e-01   1.18847036e+00   3.01249170e+00   6.30122721e-01
   -5.59577607e-02   1.34239113e+00   3.11235338e-01   5.12930512e-01
    1.31051648e+00   1.29130447e+00  -1.22766001e-02   1.71781158e+00
    1.44102740e+00   8.46293032e-01   2.18401551e+00   9.28660870e-01
    1.75715411e+00   6.44300401e-01   1.72478747e+00   1.24089074e+00
    1.19932389e+00   9.49978232e-01   7.11523712e-01   9.65561628e-01
    9.70396340e-01   1.07484853e+00   1.85093117e+00   2.19695735e+00
    1.31053460e+00   2.42697167e+00   2.86539173e+00   2.08453512e+00
    1.46700108e+00   7.18045831e-01   6.43308461e-01   1.06665874e+00
    1.91528535e+00   1.61702955e+00   1.00044143e+00   1.30998099e+00
   -3.12689948e-03   9.89261448e-01   9.22564864e-01   4.82636362e-01
   -4.21263794e-05  -1.11487560e-01   1.26901197e+00   7.08712339e-01
    1.67214441e+00   8.89512956e-01   3.88995826e-01   1.78340042e+00
    7.45281339e-01   1.15382576e+00   4.96900141e-01   6.48763180e-01
    3.14191031e+00   1.13022196e+00   9.66472268e-01   1.17138100e+00
    1.32611012e+00   1.83127701e+00   1.56512654e+00   1.04722250e+00
    6.81066275e-01   5.67128658e-01   1.46968651e+00  -3.66319455e-02
    6.50485814e-01   1.43165195e+00   1.01536286e+00   5.09985328e-01
    1.10552883e+00  -2.58940589e-02   1.00752763e-01   2.97848439e+00
   -1.01897731e-01   1.16111112e+00   1.07445657e+00   1.36786926e+00
    4.25318509e-01   1.29294991e+00   6.02385104e-01   1.29882061e+00
    2.12183022e+00   1.10022271e+00   1.81264654e-01   2.86571050e+00
    1.72443652e+00   2.44619417e+00   1.58806407e+00   5.16744107e-02
    1.11087978e+00   7.02164695e-02   1.54900455e+00   1.15683722e+00
    1.02529085e+00  -7.27107450e-02   1.53018013e-01   4.65414375e-01
    1.24346793e+00   1.04586804e+00   6.33765399e-01   9.28386807e-01
    7.01757669e-01   9.73559022e-01   1.08827603e+00   1.60620439e+00
    7.61787593e-01   1.24178982e+00   7.03792691e-01   2.14440420e-01
    4.35470939e-01   1.09478152e+00   4.01858181e-01   1.74877512e+00
    1.05806518e+00   7.43741989e-01   9.35406268e-01   6.33848727e-01
    2.90050268e-01   9.80240345e-01   1.23860729e+00   9.08960521e-01
    2.09577584e+00   8.42556834e-01   7.48506010e-01   1.48426855e+00
    8.39415133e-01   8.61425340e-01   9.25247073e-01   1.42887640e+00
    2.77736950e+00   9.41405773e-01   2.18821526e+00   8.20961058e-01
    2.35459693e-02   2.00786591e+00   2.92856038e-01   1.27374935e+00
    1.22770560e+00   9.11240637e-01   1.41758704e+00   1.20936120e+00
    1.94959390e+00   1.66427165e-01   1.49338090e+00   4.52570319e-01
    1.58305323e+00   7.99154103e-01   1.09753203e+00   1.12317026e+00
    5.67281723e-01   9.84885842e-02   2.22468138e-01   1.17733109e+00
    2.29186401e-01   1.13762820e+00   1.61388874e+00   1.12597668e+00
    1.01395857e+00   1.10652006e+00   1.15238771e-01   1.13610148e+00
    1.58022976e+00   6.09728038e-01   8.16673875e-01   1.32521582e+00
    1.92329669e+00   1.33200955e+00   1.77324641e+00   8.34070027e-01
    1.45877123e+00   2.01607203e+00   9.32566822e-01   1.29358518e+00
    1.42729402e+00   9.69470739e-01   7.12884218e-02   1.91706002e+00
    1.99101746e+00   9.96581793e-01   2.47892070e+00   1.33871794e+00
    1.55515468e+00  -8.43158588e-02   1.13240921e+00   2.01327324e+00
    7.43910730e-01   6.82817221e-01   1.98258317e+00   1.48367798e+00
    1.70913196e+00   7.28409410e-01   6.96545184e-01   2.12732458e+00
    1.77119827e+00   9.84832287e-01   1.40394974e+00   2.00118494e+00
    2.62120485e+00  -2.38678735e-02   7.39516973e-01   1.31743288e+00
    9.58928108e-01   8.80096734e-01   1.87966144e+00   6.29915595e-01
    1.06748414e+00   2.33938670e+00   6.96735203e-01   1.51704586e+00
    1.14866817e+00   1.03692901e+00   2.17730236e+00   7.82751203e-01
    1.32735825e+00   9.32328522e-01   1.30557036e+00   7.36779451e-01
    4.54747289e-01   1.63409328e+00   1.92423403e+00   4.97842968e-01
    4.45073396e-01   1.46863103e+00   3.94206017e-01   5.83902538e-01
    9.89632308e-01   1.50418305e+00  -1.40739590e-01   1.63598680e+00
    1.11747444e+00  -2.94045429e-03   1.34817445e+00   2.24855161e+00
    7.61382401e-01   1.85834086e+00   1.41662192e+00   2.01666260e+00
    9.59751666e-01   1.30495751e+00   8.62887859e-01   1.82632864e+00
    1.07368267e+00   1.36238480e+00   1.13269937e+00   9.23758030e-01
    1.55148828e+00  -1.26041338e-01   1.01712227e+00   7.59821892e-01
    8.22832227e-01   4.89695221e-01   1.68017256e+00   1.04464161e+00
    2.00365400e+00   3.38618934e-01   2.89786011e-01   1.09838760e+00
    1.04344022e+00   1.28293633e+00   7.89268613e-01  -1.77534614e-02
    1.00290596e+00   1.04687250e+00   1.50982070e+00   1.33804440e+00
