  5.45066953e-01   1.97736442e+00   1.68837333e+00   1.18073726e+00
    1.42464840e+00   1.05353808e+00   1.05974115e-01   1.78772628e+00
    6.15700126e-01   5.06989896e-01   1.49450898e+00   1.52061999e+00
    2.89714515e-01   3.58080655e-01   1.74084079e+00   3.45906138e-01
    1.76242220e+00   5.92719674e-01   1.77262700e+00   1.11978650e+00
    1.36873972e+00   1.03692412e+00   7.07649112e-01   1.11962485e+00
    1.96623063e+00   1.40542877e+00   1.19042194e+00   2.84802747e+00
    3.77786112e+00   9.78105009e-01   8.20567310e-01   1.30956852e+00
    1.62169826e+00   9.93165612e-01   1.56388497e+00   9.99982953e-01
    9.64544475e-01   1.02968872e+00   8.01601768e-01   1.62433517e+00
   -3.95738557e-02   4.71721739e-01   4.90061432e-01   8.28143239e-01
    6.37667954e-01   1.50259399e+00   1.12045586e+00   1.18197942e+00
    6.48873985e-01   1.34067070e+00   1.55982792e+00   1.95650828e+00
    5.47857165e-01   4.15077657e-01   1.92387033e+00   1.89666247e+00
    8.63154411e-01   5.95563233e-01   1.27132881e+00   4.26594496e-01
    1.28730536e+00   1.20281386e+00   1.25860989e+00   1.01486421e+00
    1.66110861e+00   5.70153117e-01   1.05239785e+00   1.02805519e+00
    9.70748246e-01   1.11527789e+00   7.87016869e-01   1.27590287e+00
    1.56703556e+00   1.94364175e-01  -3.83639266e-03   1.47019136e+00
   -3.02694272e-02   1.22248960e+00   1.94769084e+00   1.40346956e+00
    8.01821947e-01   1.04528582e+00   1.27334034e+00   1.53494215e+00
    6.70123696e-01   1.25745404e+00   7.98769176e-01   1.71859872e+00
    1.16203153e+00   7.54913867e-01   1.19652188e+00   1.37916243e+00
    6.85645819e-01   1.37004828e+00   1.38753748e+00  -1.71384271e-02
    4.82701063e-01   1.21281958e+00   4.40921277e-01   1.51873755e+00
    1.62109911e+00   1.20854759e+00   3.46106559e-01  -5.57330623e-02
    1.23953211e+00   2.18810225e+00   1.82626605e+00   8.81870031e-01
    4.97935206e-01   2.00814915e+00   2.87498713e+00   8.56340110e-01
    2.29214406e+00   1.89987946e+00   1.44389367e+00   8.26387703e-01
    1.58448184e+00   1.64907598e+00   2.16236544e+00   9.35631692e-01
    1.03994846e+00   1.96493971e+00   1.15625024e+00   1.37244546e+00
    1.34866679e+00   1.80229175e+00   1.06345356e+00   1.21525645e+00
    1.71669796e-01   8.26891482e-01   6.27743125e-01   1.66055405e+00
    1.98103651e-01   1.22923589e+00   1.09387255e+00   1.17353857e+00
    1.33496511e+00  -3.79151176e-03   6.71488822e-01   1.29968071e+00
    9.03203845e-01   7.86084831e-01   8.71438622e-01   1.43888164e+00
    9.90857661e-01   1.35522568e+00   6.70138955e-01   6.81105793e-01
    2.88819003e+00   2.60505766e-01   1.23708367e+00   1.17757380e+00
    1.21602798e+00   2.09927583e+00   7.71177113e-01   1.79548383e+00
    2.14983296e+00   1.43497050e+00   7.25117207e-01   1.62557685e+00
    1.11069107e+00   1.17806423e+00   1.26112998e+00   1.35363746e+00
    1.40381038e+00   6.66549981e-01  -3.72924730e-02   5.52685261e-01
    1.04797661e+00   1.43271768e+00   1.61446738e+00   6.33940935e-01
    2.01324582e+00   1.25340533e+00   8.57316077e-01   1.64218175e+00
    1.81350160e+00   8.48511100e-01   2.46536613e+00   1.42494357e+00
    4.69903916e-01   1.49229324e+00   7.73177862e-01   1.18833196e+00
    1.14248657e+00   1.35916102e+00   8.10579836e-01   2.00437784e+00
    8.05056512e-01   1.02641284e+00   1.72036648e+00   2.02933121e+00
    3.17466140e-01   1.00002456e+00   1.10102212e+00   5.95981419e-01
    2.45094585e+00   2.12422776e+00   1.80915976e+00   1.59377348e+00
    2.55903172e+00   1.67216551e+00   4.84778076e-01   4.85438883e-01
    1.66360128e+00   9.21313822e-01   1.17162180e+00   7.03090906e-01
    7.39919305e-01   8.36845517e-01   5.59030533e-01   6.88041449e-01
    9.40012991e-01   1.17241871e+00   6.76797032e-01   1.17895544e+00
    1.38541937e+00   1.12203431e+00   9.52482402e-01   1.33081865e+00
    1.08442044e+00   1.33730149e+00   1.00069153e+00   1.23214817e+00
    1.01338434e+00   2.12060428e+00   1.03871036e+00   1.52171755e+00
    1.33035040e+00   1.17381585e+00   4.41083479e+00   8.34193528e-01
    1.43134034e+00   2.97684169e+00   7.73646593e-01   1.38460529e+00
    1.27820396e+00   1.35679591e+00   5.34765840e-01   1.69425774e+00
    1.08604610e+00   1.11185813e+00   6.63491309e-01   8.15060973e-01
   -4.28425428e-03   1.40944397e+00   3.61160159e+00   5.91656208e-01
   -4.16867994e-02   1.50283909e+00   3.72903258e-01   1.32896709e+00
    1.33935463e+00   1.62988675e+00   4.38691080e-02   2.06779742e+00
    1.51178765e+00   9.91695225e-01   2.75767350e+00   1.07881880e+00
    1.28193450e+00   9.27403748e-01   1.72148228e+00   8.69463921e-01
    1.54954076e+00   1.13211429e+00   1.73460102e+00   1.56884539e+00
    1.05495727e+00   1.11902916e+00   1.95780408e+00   1.73245800e+00
    1.45830727e+00   2.43470812e+00   2.72908163e+00   2.34594727e+00
    1.17983282e+00   2.28232861e+00   7.78084874e-01   9.06832755e-01
    1.23904014e+00   9.62411404e-01   1.33435929e+00   1.50105596e+00
   -2.50392836e-02   1.33200943e+00   1.42306805e+00   7.13263035e-01
    6.75031900e-01  -8.34072307e-02   1.58347023e+00   8.76553357e-01
    1.78498018e+00   6.50493145e-01   5.73702753e-01   1.87733483e+00
    1.35692906e+00   1.53582132e+00   9.22674298e-01   7.44961143e-01
    3.07296753e+00   1.49065876e+00   1.06155968e+00   1.48096561e+00
    1.16895139e+00   1.56622565e+00   1.70631552e+00   1.20988107e+00
    1.13331056e+00   4.22061384e-01   1.26643503e+00   2.74050653e-01
    1.23261750e+00   1.47463095e+00   1.16687250e+00   2.15187383e+00
    1.03984201e+00  -5.55178896e-03   1.00854598e-01   3.22521663e+00
   -6.35227710e-02   1.15377676e+00   7.96409965e-01   2.03753471e+00
    4.18455929e-01   1.52778053e+00   6.29888177e-01   1.21656370e+00
    2.02456880e+00   8.42207074e-01   8.86057317e-01   3.02716303e+00
    1.59019160e+00   2.82665038e+00   1.85574412e+00   7.55792916e-01
    1.25365710e+00   9.60422218e-01   1.05313861e+00   8.93648982e-01
    9.39358056e-01  -3.77439894e-03   4.78688538e-01   6.94425404e-01
    1.39271903e+00   1.24431694e+00   7.62316763e-01   1.01104343e+00
    7.04682291e-01   1.35528541e+00   9.96075034e-01   1.09629929e+00
    1.02200973e+00   1.26716495e+00   7.63701618e-01   2.94883549e-01
    5.75250626e-01   1.51922631e+00   1.22809136e+00   1.27835488e+00
    8.30637455e-01   1.29539979e+00   5.92081547e-01   1.55645549e+00
    7.17454076e-01   9.82208669e-01   5.79573393e-01   9.69700634e-01
    2.03150296e+00   7.53275573e-01   1.07683277e+00   1.48669970e+00
    7.35659003e-01   6.81993008e-01   8.79127264e-01   1.33058584e+00
    3.16262126e+00   1.08187532e+00   1.31060708e+00   1.27473474e+00
    1.43033728e-01   1.89176369e+00   5.88769019e-01   1.27777171e+00
    1.27711749e+00   1.07434976e+00   1.31517875e+00   1.19247341e+00
    1.33753610e+00   8.71621013e-01   1.41471589e+00   8.10068548e-01
    1.21064711e+00   9.64213610e-01   1.19272363e+00   1.01495910e+00
    3.81651014e-01   1.35437131e-01   3.46389532e-01   1.18444061e+00
    5.63048780e-01   1.09320307e+00   1.81237698e+00   1.33445942e+00
    1.33673549e+00   1.59148121e+00  -7.71597549e-02   1.27540851e+00
    2.05077672e+00   7.36961186e-01   9.04563129e-01   1.32210863e+00
    2.41169500e+00   2.07229257e+00   2.20252705e+00   9.10576344e-01
    1.30639303e+00   2.12761331e+00   8.35271895e-01   1.43769658e+00
    1.51578259e+00   1.29768836e+00   4.85488892e-01   2.08432174e+00
    2.08249450e+00   9.32936490e-01   2.12134171e+00   1.38358247e+00
    1.35614908e+00  -4.60317582e-02   1.16143119e+00   1.81173074e+00
    1.49322629e+00   7.26305127e-01   1.48973429e+00   1.43953741e+00
    1.85695100e+00   1.48642969e+00   6.71136737e-01   2.28628135e+00
    2.09594440e+00   9.30659652e-01   1.58612204e+00   1.34048975e+00
    1.30504656e+00   3.82007480e-01   1.02283347e+00   1.44911373e+00
    1.04889905e+00   8.18969369e-01   9.54538524e-01   6.61080241e-01
    1.51888645e+00   2.23108912e+00   1.11611331e+00   2.15286231e+00
    1.50271153e+00   1.07021761e+00   1.83758008e+00   7.73635805e-01
    1.11218357e+00   9.53488350e-01   1.84636569e+00   7.94174731e-01
    7.28873491e-01   1.45879483e+00   1.13959956e+00   1.24138385e-01
    1.08010614e+00   8.67372274e-01   4.84674215e-01   6.53443396e-01
    1.60164559e+00   1.58834708e+00  -5.76280244e-02   2.05620885e+00
    1.09267497e+00  -1.01432111e-02   1.44428527e+00   2.16579247e+00
    1.07834244e+00   7.22303748e-01   1.82049525e+00   2.40056324e+00
    1.45541191e+00   2.07480454e+00   8.83457124e-01   1.29956961e+00
    1.11223745e+00   1.14464474e+00   9.58136439e-01   1.13788617e+00
    1.78006661e+00  -8.03413317e-02   9.81000423e-01   9.18427825e-01
    8.11108768e-01   8.44226360e-01   1.93717265e+00   1.49279547e+00
    1.89171445e+00   4.68507260e-01   8.34624827e-01   1.37854433e+00
    1.32960796e+00   1.65044165e+00   1.13220823e+00   7.45575652e-02
    1.75664628e+00   1.08016264e+00   1.49182010e+00   9.30271387e-01
