  5.82096398e-01   1.61421919e+00   1.22745621e+00   6.23370767e-01
    1.83369625e+00   1.37526858e+00   2.74549425e-01   2.17639089e+00
    6.20133758e-01   8.48492086e-01   1.39241564e+00   1.48775959e+00
    3.54634076e-01   2.13266656e-01   5.63101649e-01   5.85910082e-01
    1.36759984e+00   5.98664820e-01   1.41484690e+00   1.10249186e+00
    1.31212187e+00   1.11723828e+00   1.05254090e+00   1.22676635e+00
    1.57864428e+00   1.40890443e+00   1.00748885e+00   2.56860995e+00
    4.27614737e+00   8.44571948e-01   9.77087557e-01   1.17651379e+00
    1.94342303e+00   9.12677109e-01   1.23897457e+00   1.78280926e+00
    8.25723052e-01   8.95651519e-01   8.08690786e-01   1.70918298e+00
    1.45815745e-01   4.70027715e-01   4.12876189e-01   5.01144409e-01
    6.05098367e-01   1.00657511e+00   8.07380795e-01   1.21319771e+00
    1.25466728e+00   9.18699503e-01   1.40660560e+00   2.25849128e+00
    1.05020452e+00   9.21283424e-01   2.07751465e+00   1.72252381e+00
    1.11354280e+00   7.17147946e-01   1.41466570e+00   7.68676579e-01
    1.43461239e+00   1.29988706e+00   1.27770305e+00   9.08871531e-01
    1.24973047e+00   8.43083560e-01   1.04780459e+00   9.36978340e-01
    6.27883613e-01   1.24372709e+00   8.70985210e-01   1.20879948e+00
    1.58458042e+00  -1.13499835e-01  -3.21542402e-03   8.21801662e-01
    6.16539180e-01   1.78863072e+00   1.51516521e+00   8.64769042e-01
    1.13431859e+00   9.68472123e-01   1.41245377e+00   1.79135025e+00
    7.16710925e-01   9.60557461e-01   7.03544319e-01   1.54690361e+00
    1.23674595e+00   1.31526560e-01   1.09884036e+00   1.39275467e+00
    1.24703014e+00   1.16034162e+00   8.81677210e-01  -1.72295272e-02
    6.52007341e-01   9.08310115e-01   6.39535725e-01   1.77411592e+00
    1.42825174e+00   1.21338809e+00  -1.05471378e-02  -1.01211540e-01
    7.41522908e-01   1.37047374e+00   1.90791821e+00   1.95829988e+00
    4.10038501e-01   1.42219818e+00   3.14997506e+00   7.70247519e-01
    2.12511706e+00   1.62979996e+00   1.72156131e+00   6.53447986e-01
    1.13031590e+00   2.98512721e+00   1.96835351e+00   1.04040873e+00
    5.01981616e-01   1.88291705e+00   1.73637068e+00   1.22618413e+00
    7.61367321e-01   1.56621480e+00   6.29784167e-01   1.51603889e+00
    6.04667421e-03   8.27508390e-01   6.38721228e-01   1.52631688e+00
    2.74256319e-01   1.11864758e+00   1.31557620e+00   6.10764027e-01
    1.08747673e+00   1.54384062e-01   8.69742453e-01   1.42491984e+00
    4.16568398e-01   8.24856222e-01   6.96785629e-01   1.64035451e+00
    6.54496670e-01   1.72914863e+00   4.15458441e-01   7.76563227e-01
    2.40192413e+00   3.40002835e-01   1.37897277e+00   1.22094965e+00
    1.39002800e+00   1.59074104e+00   1.03294289e+00   1.27832675e+00
    2.29207158e+00   1.48949575e+00   7.21396923e-01   1.33083630e+00
    9.20159519e-01   1.02609444e+00   5.74862301e-01   1.31604886e+00
    1.27959383e+00   9.76111650e-01  -2.95582619e-02   1.30244875e+00
    7.03842938e-01   1.44732594e+00   1.18100476e+00   5.03902137e-01
    1.85324073e+00   1.71669722e+00   1.64215147e+00   1.47544575e+00
    2.16171074e+00   1.02766061e+00   2.36250973e+00   6.68606520e-01
    1.35314190e+00   1.69356453e+00   5.44933081e-01   1.08491528e+00
    1.37160468e+00   1.64430964e+00   9.25359190e-01   1.66944289e+00
    7.50318289e-01   9.75478411e-01   1.59103227e+00   1.80727899e+00
    4.33928251e-01   1.13352323e+00   1.09200072e+00   1.01001227e+00
    2.89645052e+00   1.40333569e+00   2.13737011e+00   2.08452678e+00
    2.19407487e+00   1.93786311e+00   8.28732669e-01   8.83252323e-01
    2.33973122e+00   1.36217260e+00   7.33998954e-01   7.21474469e-01
    6.06359899e-01   6.34127796e-01   5.62159717e-01   8.43859792e-01
    1.00738609e+00   1.50705767e+00   7.64444709e-01   1.37632525e+00
    1.34896839e+00   1.11222816e+00   1.01724637e+00   1.15982342e+00
    1.12303126e+00   1.37050164e+00   7.42896378e-01   1.25465274e+00
    1.17828906e+00   2.01143193e+00   1.16823590e+00   1.65861821e+00
    1.13417053e+00   1.09048152e+00   4.64921999e+00   1.03330564e+00
    1.07183158e+00   3.50400758e+00   8.32244217e-01   1.60930669e+00
    1.05118191e+00   1.40347409e+00   8.64182293e-01   1.65817082e+00
    1.44382477e+00   1.41723585e+00   6.42227530e-01   6.25148535e-01
    1.21823236e-01   1.26249909e+00   3.49050975e+00   5.01947999e-01
   -9.94918421e-02   1.39571917e+00   3.45647275e-01   3.44157189e-01
    1.38074780e+00   1.35621083e+00   2.49352634e-01   1.38719738e+00
    1.27653110e+00   1.05795169e+00   3.73218632e+00   9.28402960e-01
    1.74116766e+00   1.25883472e+00   1.73080909e+00   1.01888371e+00
    6.44845784e-01   8.45865846e-01   1.18493092e+00   1.11883867e+00
    8.28452885e-01   1.10272110e+00   1.41375589e+00   1.29551363e+00
    1.23161125e+00   3.06926918e+00   3.16794610e+00   2.40247130e+00
    1.20184124e+00   1.53330052e+00   5.97399533e-01   1.17891967e+00
    1.11804557e+00   1.19722188e+00   9.49866593e-01   1.36302912e+00
    4.50976312e-01   1.28449178e+00   1.78318667e+00   8.49535346e-01
    4.07551736e-01  -6.71315566e-02   1.25319147e+00   9.16244745e-01
    1.37355208e+00   5.69078147e-01   3.34500194e-01   2.05287147e+00
    1.37399888e+00   1.19493735e+00   8.13642025e-01   1.02799869e+00
    3.49467111e+00   1.30620742e+00   9.18939471e-01   1.32935679e+00
    9.82568562e-01   1.75923800e+00   1.37593114e+00   1.14201021e+00
    1.02447522e+00   5.46984434e-01   1.27599347e+00   1.96320668e-01
    7.08318949e-01   1.44654322e+00   9.18248415e-01   1.94976032e+00
    6.66886151e-01   4.51750517e-01   1.91871062e-01   2.69436073e+00
   -9.89377499e-02   9.32326794e-01   8.43470573e-01   1.48728240e+00
    4.20261532e-01   1.67706561e+00   5.65749347e-01   1.25413895e+00
    2.45563364e+00   8.15003157e-01   6.23440742e-01   2.96904421e+00
    1.69077253e+00   2.43702960e+00   1.54772556e+00   1.07739604e+00
    1.07089806e+00   9.67746735e-01   1.05827701e+00   1.08466780e+00
    7.85737216e-01   1.86310112e-01   1.18751216e+00   8.82339895e-01
    9.30049717e-01   1.26131749e+00   1.14115083e+00   8.62794340e-01
    1.01076972e+00   1.68754303e+00   9.48224843e-01   1.46588051e+00
    8.98118258e-01   1.19278193e+00   6.03148580e-01   6.96068168e-01
    5.23673415e-01   1.32881021e+00   7.12789476e-01   1.70005453e+00
    1.10416675e+00   1.34926426e+00   8.15694213e-01   5.65863788e-01
    1.22992182e+00   9.89732146e-01   7.74216473e-01   1.24061978e+00
    1.92725241e+00   4.79560018e-01   4.39247668e-01   1.48025107e+00
    7.39901125e-01   5.14919817e-01   1.00115538e+00   1.44945467e+00
    2.03048825e+00   1.73515666e+00   1.36428118e+00   1.13939345e+00
    4.49839145e-01   2.19776773e+00   6.61013007e-01   1.27938461e+00
    1.29984057e+00   1.11445391e+00   1.11678958e+00   1.35210204e+00
    8.34805548e-01   4.38975990e-01   1.31584895e+00   1.14177930e+00
    1.24906385e+00   9.81685519e-01   1.03624690e+00   1.21983933e+00
    5.77729106e-01   1.88342541e-01   5.28405368e-01   8.67368162e-01
    6.28576398e-01   1.46703136e+00   1.64613879e+00   1.55392051e+00
    1.71124935e+00   1.11612737e+00  -3.51502076e-02   1.33036101e+00
    1.72545302e+00   1.11312139e+00   3.61643344e-01   1.16932070e+00
    1.98522782e+00   1.91262507e+00   1.75891900e+00   5.14083087e-01
    1.51039743e+00   2.14427257e+00   5.23840666e-01   1.02165890e+00
    1.60353422e+00   1.09591401e+00   6.86374545e-01   2.23073864e+00
    2.23949051e+00   9.48071480e-01   1.62422121e+00   1.40218472e+00
    1.40643120e+00  -8.42409283e-02   9.24523652e-01   2.19351673e+00
    1.26655328e+00   1.20715666e+00   1.62156451e+00   7.54566491e-01
    1.62957942e+00   4.54545140e-01   7.99407780e-01   2.40003943e+00
    1.91762042e+00   1.25392663e+00   1.59767163e+00   1.65379286e+00
    1.12793446e+00   4.76821512e-01   5.95438182e-01   1.29467273e+00
    9.43578184e-01   8.66614699e-01   1.96136808e+00   9.14468586e-01
    1.88301027e+00   1.94760358e+00   9.72709775e-01   1.95109546e+00
    6.31059289e-01   1.13073885e+00   1.70745027e+00   7.80757725e-01
    1.67449105e+00   9.65335846e-01   2.01394153e+00   5.58698177e-01
    7.56769598e-01   2.37747025e+00   9.27513421e-01   1.22400746e-01
    5.04501700e-01   7.72246897e-01   7.81586349e-01   6.38465285e-01
    1.36927378e+00   1.99215841e+00  -1.00980736e-01   1.65646863e+00
    8.40944707e-01  -5.47867604e-02   8.00301135e-01   1.70883334e+00
    6.60615385e-01   1.28242207e+00   2.06828880e+00   2.39044619e+00
    1.95662665e+00   1.09507549e+00   5.19025862e-01   1.43884861e+00
    1.11386669e+00   1.31155777e+00   1.21005952e+00   1.02886271e+00
    1.72405612e+00  -3.28793377e-02   9.07166481e-01   1.33210480e+00
    6.43162966e-01   1.15704203e+00   1.70236540e+00   1.79266083e+00
    1.91859663e+00   4.06056404e-01   6.29050612e-01   1.44382977e+00
    1.29158711e+00   1.40161896e+00   8.98280025e-01   2.78165489e-01
    1.49094152e+00   9.22238529e-01   1.70218337e+00   1.12731695e+00
