 0.74815238  3.14590096  1.56867266  0.72687989  2.30850577  1.71689045
   0.58182997  2.38332534  0.58442926  1.44941437  1.44873679  1.39260733
   0.56957781  0.2730099   0.87475061  0.26020616  1.34150493  0.60003203
   1.43240571  1.08816779  1.55460179  1.18531811  1.45667326  1.87004125
   1.38643932  0.9861623   0.89455277  2.80265856  4.43931866  0.62362027
   1.08437312  1.33669555  1.2125392   0.83220446  1.31892967  1.88551497
   0.73378623  1.00451207  0.84711438  1.82778573  1.07293487  0.42722589
   0.58733875  0.50034547  0.58752441  1.12582564  0.78895533  1.25291371
   1.11122751  1.1768167   1.76842058  2.2559371   0.73235148  1.21194923
   1.88262594  1.93809378  0.92981905  0.93677229  1.25292456  1.26849067
   1.28588355  1.64032376  1.26428044  0.93380159  0.57767403  0.66892177
   1.05031204  1.03162193  0.67621666  1.39336717  1.10610211  1.32308149
   1.62292433 -0.02243051  0.62566274  1.25656235  0.42649606  1.47664392
   1.31561339  1.52200007  1.0667665   0.99022281  1.16279364  1.6860981
   0.75150311  0.94143802  0.46179137  1.84153485  1.23848379 -0.02430035
   1.39706171  1.57970464  0.71606195  1.31834352  1.91439319  0.06900185
   0.70640498  1.03374672  0.13353685  2.75693488  1.95097744  1.10798442
   0.49621487  0.22787876  1.17014849  1.56436634  2.09722614  0.83116341
   0.74067879  1.13254881  3.7364974   0.92093182  2.51638675  1.2726891
   1.53720331  0.81510383  1.76969016  3.05646062  1.76820445  0.92353958
   0.72586852  2.20948982  1.73171043  0.91685706  0.82289392  1.44094169
   1.45996642  1.51641464 -0.04048308  0.82837296  0.72247773  1.50447667
   0.63274139  2.28656626  1.63750744  0.76288956  1.096066    0.57380843
   1.15148222  1.50415397  0.78729248  1.03268731  1.44022346  2.0754838
   0.64405102  1.16954541  0.86137396  0.94652826  2.63172197  0.40979049
   1.47448885  1.80867481  0.89123821  1.64059138  0.77811712  1.11542559
   2.35621619  1.42814791  0.96300495  1.1627053   1.48912466  0.9889974
   0.54133511  1.37788427  0.76015723  0.83089054  0.28510514  1.90644073
   1.04601181  1.55503678  0.93778676  0.51173478  2.31629062  1.2595613
   1.21151078  2.10693431  1.92831469  1.72493804  2.49124408  0.88239509
   1.81760216  2.48603034  1.00295687  1.50217736  1.58824611  1.6450125
   1.91467667  1.98054707  0.83314264  1.02509749  1.26072061  1.80998802
   0.08188078  1.2287643   1.09145856  0.67599761  2.51147819  1.80580473
   1.82852781  2.04086161  2.60949183  0.97012591  0.85010457  1.03556144
   1.93352211  0.84850806  0.75835812  1.40996492  1.23140991  0.77847415
   0.98867184  1.01290011  0.92308354  2.09345675  1.03199267  0.92787606
   2.38342619  0.95731151  1.14143789  1.37733066  1.2343688   1.23348963
   0.83646834  1.31844819  0.78767198  2.03938937  1.09931958  1.62130642
   1.1756537   0.99730742  3.78334689  1.07102203  1.77689719  3.22800016
   0.89095622  0.71038741  1.65693462  1.24876654  0.85077214  1.5809983
   1.21028519  0.89576393  0.87682098  1.93835485  0.23217179  1.80929232
   3.00117445  0.45854831 -0.02050723  1.58060086  0.31200868  0.50408411
   1.42071998  1.24517477  0.5004248   1.61882293  1.45319927  1.33011115
   2.98014808  1.36817431  1.10914791  1.16891181  1.72809219  0.72680545
   0.9300409   0.82256305  0.65699643  1.20807528  0.84852159  0.70250154
   1.23734283  1.19446349  1.82233799  3.15744519  2.68481517  2.26362205
   1.64246929  1.22439182  0.53724813  1.57196498  1.38137507  1.30995774
   0.8516565   1.48866737  0.73326755  1.81303537  1.89095604  0.77540058
   0.88845998  0.38583243  1.34116995  0.55146712  1.33399749  1.12091613
   0.4307676   1.7486639   2.40518928  1.43691921  0.83738339  1.42559779
   3.59672976  1.25568557  0.82195157  1.15916908  1.14260101  1.71473694
   1.5634532   0.88935167  1.63939226  0.35845038  1.77845895  0.31751972
   1.56583977  1.43708813  1.04225779  0.48591584  0.99988508  0.76187605
   0.6740393   3.26006913 -0.02253879  0.80415142  1.12769353  1.70006073
   0.41159698  1.78167224  0.59062427  1.34380543  2.16544962  0.95473272
   0.30652213  3.12817788  1.8265456   2.0496006   1.5996052   0.99380696
   0.91872489  0.67707711  1.74678683  1.23722303  0.86750972  0.82559389
   1.44253528  1.1712389   1.15356803  2.25308061  1.1945914   1.24509144
   1.66465294  2.03399634  1.41537118  1.40202224  0.94542879  1.58283722
   0.47559589  0.68940616  0.69364595  1.45342195  0.63574409  1.42292297
   1.76313484  1.79057419  1.08545959  1.25583291  1.09162724  1.13987899
   0.76504689  1.13568115  1.48712993  0.73510236  0.55508572  1.49766731
   0.83480996  0.94964653  0.95576417  1.10410702  2.12638688  1.79055989
   1.06795454  1.49523711  0.76959425  1.59446537  0.67447692  1.29115021
   0.97274846  1.10907638  1.53263497  1.28620994  1.35218108  0.59150088
   0.84373969  0.88038135  1.2845397   0.92730629  1.54853857  1.37151384
   0.92121732  0.46868518  0.86393815  1.30706668  0.6800971   1.18083823
   1.75346863  1.17413199  1.72411263  0.50230831 -0.02893923  1.5195539
   1.82247603  1.33755028  0.97620296  1.38849092  2.83702087  0.98594725
   2.25357175  0.7349968   1.53554082  1.69440722  0.59147316  0.59507143
   1.88196564  1.9001298   1.70595682  2.39831805  2.11480546  0.98537052
   1.83533001  1.37314105  1.5498929  -0.06847616  1.02886462  1.37480283
   2.74968791  1.81437457  1.35050225  0.92374122  1.61596501  0.81758064
   0.73169702  1.92952716  1.80068529  1.73172545  1.89368153  1.19817841
   1.04028785  0.52229297  1.33665276  1.25522506  0.95891023  0.80600429
   0.97535402  0.52431804  1.58987463  2.74758601  0.90765905  1.68051004
   1.38001716  0.99787885  1.47114909  0.77070767  2.09739685  0.89691627
   2.68159652  1.04720843  0.65582722  2.64873171  1.00382292  0.6154319
   1.66280079  0.83503091  0.66235226  0.61188066  1.71375597  1.85751963
   0.15326101  1.67027354  0.67398602  0.15847473  1.30448544  1.59240139
   0.85019714  1.21487021  2.15162206  2.14873624  2.71671414  1.24298024
   0.75317359  1.49740243  1.13585591  1.11687517  1.16695833  0.77953279
   1.62787271  0.73534065  0.82572937  1.56664705  0.65770602  1.48951924
   1.76841128  1.04305768  1.58604956  0.61821884  1.18131125  1.17040789
   1.50126684  1.36113048  0.76121998  0.91466826  1.50759017  0.64356703
   1.37949193  0.8611685 
