 0.64786333  2.72911143  1.65651202  0.68014956  1.48766863  0.81129986
   0.6401667   2.44224143  0.51561284  1.30667818  1.66596222  1.95718849
   1.00274503  0.9396469   1.76466584  1.65179324  1.80657065  0.68931854
   1.46322739  1.13119447  1.62498009  1.08618248  1.07378888  2.02237225
   1.52172792  1.03112125  0.83741164  3.65868878  5.39986372  0.63609016
   1.69217563  1.52472997  1.4652003   1.01422119  1.55950725  0.69887811
   1.19902205  1.51195347  0.95889527  1.76563573  1.11334026  0.66596055
   0.43294078  0.55079764  0.58515888  1.46728718  0.97303569  1.24355173
   1.13259721  1.43090975  1.84979701  2.90774822  0.60105681  1.21228671
   1.91493678  1.8464179   0.90487576  1.18275046  1.33018029  1.29398799
   1.290416    1.39332664  1.26674914  0.89416867  0.34391853  0.41090694
   1.05007505  1.12527144  1.27773654  1.46700537  1.96825457  1.59747255
   1.59108174 -0.04012317  0.38044786  0.85326004  0.92470717  1.67753673
   1.24488854  1.5988735   0.72622865  0.89066279  1.29109728  2.05673051
   0.95358872  1.39709747  0.39460832  1.8405472   1.14943826  0.17771599
   1.89311016  1.50252545  0.87846678  1.19982719  2.14127183 -0.01063913
   0.57119036  1.01250696  0.51407194  1.5345819   2.36830115  1.1394732
   0.79035789 -0.04548646  0.89759868  1.60932398  2.74887609  1.4817549
   0.50707519  1.22001457  3.07272601  1.09948742  2.51812005  1.25244772
   1.35278654  0.50920242  1.29632092  2.24299741  1.98575604  1.04404604
   1.25465059  2.23681211  2.238657    1.3841517   0.75004739  1.18796957
   0.94299781  1.45892024  0.99903101  0.82694942  0.74028701  1.53064847
   0.83845526  1.49316192  1.74679244  0.69417423  0.98164058  0.98549992
   1.10306668  1.96480608  0.62765276  0.87549865  2.32028532  1.79034507
   0.64783394  1.33698225  1.52759778  0.99669468  2.95625591  0.64906657
   1.26527405  0.97879761  1.15941012  1.566275    0.45672795  0.99426091
   2.21930122  1.26178789  0.92840523  1.68860292  1.91469336  1.04683661
   0.58665174  1.27866495  1.51064074  1.26276004  0.15823762  2.18884873
   1.02778137  1.71398127  1.35265207  0.50800562  2.67664671  1.00855041
   0.76079857  2.11205673  1.83538985  1.35439134  2.64172459  1.06701255
   0.93825197  2.99441624  0.74289197  1.56963503  1.64125931  1.93867874
   1.58895862  2.45306134  0.7871182   1.02967119  1.41845894  1.94986296
  -0.02079872  1.02191174  1.09284902  0.41324237  2.8276825   1.87959397
   1.57631123  3.00131297  2.56939816  1.40314507  0.58394635  1.29868448
   2.28876781  1.54990971  1.32562256  0.72410119  0.77213782  0.85058767
   0.60133761  0.91772687  0.91881502  2.98905873  1.05756664  0.58269483
   1.40340376  0.80480266  0.8819685   1.64027941  1.34013224  1.37757242
   0.44131082  1.10073566  0.54019105  1.81553173  0.64148587  1.80571866
   1.31876636  1.3478092   4.00608397  1.27785742  1.7349745   2.55451107
   0.87919658  1.47449708  1.75106716  1.22542691  0.7896558   1.59531748
   1.16011631  0.90699571  0.69435483  1.39738357  0.5411312   1.11745834
   3.73492098  0.80844146 -0.07986421  2.01476407  0.30793312  1.12546539
   1.35902107  1.59508097  0.4498142   1.37091529  1.37590611  1.34758544
   3.18926692  1.84934485  1.42457998  1.23969984  1.72926664  0.89985383
   1.57166803  0.80060881  0.34858119  1.2715627   0.9502176   0.88719141
   1.50067317  2.25028205  1.55241597  2.71956682  3.31259084  2.68855929
   1.27439761  1.62642479  0.51652396  1.29716659  1.341151    1.10910523
   1.71897399  1.62063313  0.53147089  1.44017959  1.78573501  0.84619772
   0.78744227  0.30749768  1.17023587  0.52134037  1.50423145  0.58169663
   0.4996652   1.85039639  2.69701147  1.63408732  1.69354999  1.08549249
   3.38642383  1.11701465  0.92400378  1.15672779  1.30109894  1.63292921
   1.14179194  1.17258573  1.52119064  0.21321413  2.07888103  0.93094414
   1.98078728  1.50913608  1.10447395  0.4724001   0.83323461  0.6914286
   1.10031939  4.07423687  0.1505267   1.18453109  0.8565138   1.52909541
   0.41146517  2.02166438  0.5755592   1.30962873  2.13748479  0.62742829
   0.35823226  3.81968737  1.85991418  1.91852653  2.61924791  0.60387075
   0.91818821  1.88034236  0.97885573  1.55428076  0.83567476  0.92844033
   1.61532795  0.64379478  1.51854324  2.27512598  1.33617318  1.24890447
   1.03866363  1.83264661  1.79330659  1.81306899  1.03044784  1.40668988
   1.31970143  0.50646627  0.70648926  1.88627732  0.99949449  2.01490808
   1.46672893  2.34072065  0.8250469   1.107988    1.77728558  1.17263341
   0.91984117  2.03350449  1.51924098  0.93215644  1.20906734  1.54739225
   0.72272766  0.4071174   0.93722242  1.18110907  1.72991872  1.61250079
   1.4888314   1.54929256  1.43448496  1.64796031  0.92820907  1.28678107
   1.4608171   1.11860621  1.10719419  1.20752442  1.46896768  0.78015763
   1.35516286  1.23425198  1.58062494  0.99146861  2.17975378  0.76535386
   1.24839854  1.02426004  1.43961418  1.76098549  1.25970793  1.1618551
   1.72128546  1.25608778  1.13125396  1.47124112 -0.00776683  1.78917515
   1.60679126  0.8875308   1.24411726  1.40433407  2.57398653  0.68080598
   2.57251525  0.52239025  2.14732885  2.17927074  1.05886769  0.64893353
   1.11136043  2.09840608  1.31357718  2.57214642  1.99335945  0.96367359
   2.03538513  1.48925602  1.33670878  0.02425002  2.01876926  1.62479651
   2.71140885  1.42313075  1.53590846  1.05083072  2.38239717  0.85251594
   0.45503071  2.08589077  1.84020793  2.10660744  1.6488266   1.92767596
   1.47209799  0.45864409  1.01199603  1.83760965  0.94656545  0.78177571
   1.22902596  0.54604292  1.86673892  3.62655115  1.14444304  1.86430156
   1.96676862  0.9677971   0.87192696  0.77446008  1.99208856  0.7326439
   2.40793252  1.24368834  1.52213013  2.04578876  1.31553531  0.88378614
   1.55037951  1.1894958   0.75035328  0.74046469  1.19426787  1.85973549
   0.35686252  2.1284008   1.14628243  0.33829141  1.2968446   1.57396531
   0.75007284  2.04172516  2.53788495  2.64800549  1.95458436  1.68189311
   1.45969045  1.23504376  1.16690516  1.586959    0.74153697  0.75435561
   1.63857639 -0.00898799  0.85455233  0.98305184  0.60110933  1.28737783
   1.78783727  1.12582922  1.61246431  0.96377826  1.37457836  1.47318304
   1.6066556   1.26177192  0.76783586  0.69834965  2.45437598  0.80944735
   1.5189594   0.99778974
