 0.61487436  2.59004331  1.79339349  0.75317717  1.51504886  1.24979222
   0.50950074  2.33410335  0.629637    1.8930738   1.37570572  1.50296378
   0.93855166  1.29489219  1.59129536  0.36056647  1.85096586  0.69126654
   1.31058788  1.10048163  1.42543769  1.02233255  0.94601244  1.51850927
   1.54024625  1.00190163  0.93715471  3.45374441  5.03436041  0.92771089
   1.16149032  1.34559441  1.44793653  0.82709783  1.47749996  1.43666148
   0.92425048  1.57038248  0.83899003  2.01347423  0.93775523  0.49378321
   0.71064812  0.59350997  0.59218359  1.73629904  1.09321845  1.20560396
   1.10039914  1.09577167  2.05795574  3.07714081  0.56605434  1.03360569
   1.76730406  1.79918861  0.9877075   1.07920694  1.38852561  0.56591988
   1.29001343  2.07429838  1.27060568  0.88601136  1.02850425  0.50828475
   1.04745007  1.05415416  0.62335879  1.57018173  1.54379356  1.38957894
   1.69911671 -0.02280398  0.11828605  1.64385343  0.75031996  1.87406719
   1.53192639  1.74110913  0.932298    1.0007863   1.2545743   2.0259409
   0.69211847  1.12616301  0.33779743  1.53733218  1.22772098 -0.02991368
   1.22006798  1.44916666  0.77242106  1.21168947  1.7915355  -0.0153437
   0.67833149  1.05122066  0.06157943  1.92652428  2.07006335  1.10226798
   1.10879266 -0.0943576   1.47498298  2.00452471  2.32089472  0.93405002
   0.46665779  1.68474138  3.05493546  1.0971067   2.4970479   1.41169393
   1.62960601  0.74733889  1.29292142  2.04475546  2.3626461   0.67847812
   0.5856688   1.97576678  2.23200655  0.8627606   1.03879285  1.62478185
   0.8915785   1.26428235  0.31836635  0.83171773  0.88527369  1.51470482
   0.70429736  0.85686004  1.58216715  0.62535995  1.05157149  0.97999907
   0.86672711  1.62624955  0.74053252  0.72278011  2.10699582  2.01959491
   0.64599895  1.17518651  1.59907985  0.89940393  2.85644579  0.25438532
   1.82225263  1.11720443  1.13326204  1.70403349  0.43377122  1.33003521
   2.15239859  1.08910501  0.93670213  2.15354776  1.61463225  0.97451609
   0.78835893  1.28357589  1.21521437  1.12695575  0.44784638  1.8387624
   1.39877331  1.57294512  1.19816208  0.51264876  2.4724803   1.83456194
   1.17745936  1.88952434  1.8295064   1.11980331  2.44416046  1.10680628
   1.28333938  2.71994734  0.92720968  1.49075842  1.62384403  1.63189459
   2.08969617  2.02573776  0.72755796  0.98939955  1.49700725  1.97205412
  -0.04178447  1.23293507  1.22531223  0.64612496  2.94581938  1.78861403
   1.07756746  2.80113769  2.3061707   1.27222502  0.43603736  1.10747063
   2.20305586  0.95120806  1.26486862  0.72602189  0.95369881  0.76397187
   0.80513066  0.77759135  1.12966931  2.61450577  0.96009284  1.41858566
   1.63518977  0.9466508   0.93945897  1.48309946  1.57194602  1.33685482
   0.59671867  1.24513769  0.69326872  2.69277048  0.9564274   2.11243868
   1.04206049  1.04005265  4.87654686  1.01726055  1.53915358  3.17484784
   0.68621242  1.12707138  1.52786684  0.98459381  0.45092916  1.6328913
   1.63008916  0.98471105  0.61385053  1.42789507  0.41345534  1.52434528
   3.35349679  0.51437593  0.4388997   1.5452975   0.29968312  1.02819669
   1.31659508  1.34371161  0.80001223  1.11853433  1.47640991  1.24922252
   3.61983633  1.84841573  1.75084424  1.0088582   1.72944808  0.66761065
   1.40864754  0.77769011  0.5928188   1.21135759  0.83797812  1.02303636
   1.31936717  1.82838929  1.43096745  3.02629876  3.00335503  2.92434359
   1.14294612  1.69692218  0.58501816  0.96071535  1.72817361  1.50320292
   0.83994722  1.39968407  0.82973641  1.44958425  1.91133344  0.77211666
   0.65558285 -0.02290952  1.62176812  0.27578712  1.83296692  0.9063068
   0.3413915   1.58108652  2.3908534   1.84107423  1.32487583  1.23918307
   4.37972736  1.13933694  0.92046857  1.15404105  1.19264579  1.71525538
   1.16422558  1.16051757  1.67771661  0.22576274  1.54649377  0.65712768
   1.57778442  1.42580807  0.97482836  1.2852335   0.85676926  0.75432986
   1.15815508  3.40907311  0.02839497  1.09933746  1.00434065  2.31874132
   0.41969746  1.83137941  0.5768922   1.24795091  1.81933677  0.96499801
   0.32997128  3.52324629  1.84543777  2.4771657   2.16183853  0.60342038
   1.12543607  0.89947408  1.08762252  2.07285738  0.81767493  0.51422983
   1.2529844   0.66491115  1.10772705  1.92664123  1.53338611  1.12915218
   1.05036008  1.86823153  1.58731604  0.76955396  1.85664749  1.30235708
   0.59788746  0.67454648  0.82199067  1.67541385  0.90134382  2.08426929
   1.73638833  2.06220722  0.34158257  0.85810918  1.50758779  1.22068155
   0.73153096  1.65063417  1.43691993  0.80003262  1.07291007  1.47324467
   0.80952734  0.67848438  1.09951997  1.29149437  2.17001343  1.59216785
   1.21857321  1.17073154  0.41493255  1.68173051  0.60278755  1.28532469
   1.17166245  1.15020466  1.24809802  1.32958734  1.01424134  0.40679508
   1.19269216  1.38988292  1.05662489  1.09921229  1.61304605  0.93348396
   1.47050285  0.8979075   0.71103084  1.78309393  1.24198437  1.29980385
   1.8935442   1.40534127  1.74006152  0.91939038 -0.05019742  1.86892462
   1.29497802  0.73493272  1.13989735  1.35900915  2.45797992  1.51657629
   1.79107511  0.65658528  1.52874613  1.70242298  0.96705604  1.36775029
   1.31522024  1.42832196  1.26952159  2.52276492  1.97283101  0.92759955
   1.83594477  1.26176822  1.48615515 -0.02366445  1.1284579   1.71889436
   2.22333097  1.30984449  1.45602632  1.24110425  1.70838773  0.71474719
   0.85632759  1.66564476  1.43580091  1.24810076  2.2805562   2.42345762
   1.33611822  0.25697485  0.98499745  1.58411813  0.95297533  0.88867974
   1.34615052  1.16796649  1.20515132  3.35210562  0.76425076  2.16586256
   1.41495442  1.02079093  1.43750417  0.77692705  1.98696649  1.38058066
   2.08272862  0.7231192   1.03972828  1.76314092  1.45807457  0.82233262
   1.04400206  1.63252389  0.75587219  0.66734558  0.97053474  1.36730278
  -0.01585999  1.9850136   0.75451648  0.31639069  1.20960021  1.58544695
   0.93022007  1.11011648  2.2702539   2.18889809  2.11066651  1.39835334
   1.69090569  2.21721172  1.0657047   1.06923461  0.88991022  0.80449402
   1.56886053 -0.03067484  0.85875314  0.80946994  0.74606645  1.04499805
   1.71680808  1.49717057  1.81359029  0.73255306  1.30357993  1.61178493
   1.56878674  1.41330338  1.40615368  0.50496489  1.82143295  0.76858443
   1.81377935  1.16850209
