 0.77784115  2.2389257   1.43285108  1.06663799  1.63285756  1.27277958
   0.90020162  2.13974619  0.52920324  1.57919848  1.09101284  1.59728181
   0.78260833  0.73458487  0.98379499  0.51176727  1.751055    0.6609143
   1.26933408  1.15661871  1.48664355  1.0787003   1.57904375  1.18674672
   1.60539007  1.02802074  0.85669237  3.45899749  4.92885113  1.22906697
   1.85167325  1.50942123  1.53307021  0.82344002  1.49708211  1.68956745
   0.79018837  1.3426137   0.7710405   2.00569892  0.30542454  0.48501629
   0.36476943  0.50136584  0.5904156   1.6215241   0.93948257  1.17916727
   1.19066191  1.09189427  2.17660189  2.52225399  0.67331016  1.38671207
   1.87345815  1.71724904  1.01121807  0.85479552  1.27523553  0.85680032
   1.84849322  1.63024306  1.26464069  0.89041603  0.77193016  0.18847235
   1.03989661  1.10980642  0.70296025  1.58645117  1.95112038  1.44604385
   1.66394544 -0.06570297  0.0288567   1.55333924  0.54564685  1.6348139
   1.54405808  1.2066015   0.77550751  0.98583448  1.23322082  1.7784704
   0.87381548  1.7019577   0.37758228  1.28274047  1.23299098  0.56687915
   1.5167228   1.51194477  0.86229122  1.30534601  2.14207077  0.0568442
   0.58133912  0.97004235  0.48070997  1.27776873  1.88904893  1.16269267
   0.73478347 -0.00729193  1.62612271  2.31742334  2.18941092  1.15519822
   0.72855705  2.06304049  3.32371259  1.01498115  2.45461774  1.36943221
   2.28391576  0.54597855  1.59084451  1.96654618  2.17762899  0.78710622
   0.96397465  1.92853856  2.1672442   1.52480483  1.3868854   1.36022472
   0.91467035  2.12241197  0.08767078  0.82684666  0.85986769  1.63581705
   0.65469968  1.43232524  1.66599202  0.59048074  1.33060944  0.46567184
   0.98145092  1.50379145  1.00441766  1.05038226  1.52615941  1.96199834
   0.937738    1.22291887  1.12401378  1.00575829  3.29282498  0.42796683
   1.31481636  1.3652786   1.34432471  1.61582363  0.7301268   1.14479589
   2.28749514  1.15580297  0.94162971  1.77360165  1.27776384  1.14689434
   0.61476254  1.29871547  0.85236812  0.94846785  0.33422256  0.2853047
   0.80160594  1.9966749   1.20895803  0.57537371  2.21639824  1.5648824
   0.94105977  2.31806374  2.32061577  0.81325066  2.9311595   1.13551164
   1.50422597  2.51422715  0.86390835  1.59193695  1.88176858  1.81999707
   1.80412245  2.23021007  0.79420114  1.02980006  1.85742629  1.82671595
   0.25886884  1.21043158  1.11161411  0.62697345  2.48291874  1.64913785
   2.39528537  2.94701552  1.69403303  1.24650192  0.56350851  0.92189568
   2.08048606  1.00510037  0.9056505   0.83139098  0.97830349  0.61624736
   0.95173675  0.65325069  0.92847401  2.88898373  1.0639205   0.96577018
   1.42307425  0.97843862  0.90146172  1.50221491  1.218521    1.52464986
   0.38307747  1.20436573  0.71080327  2.36477304  1.27058899  2.0067153
   1.5031389   0.98536021  4.59251499  0.56624174  1.68135297  3.55481505
   1.39474893  0.98742324  1.60105193  1.41014242  1.09241927  1.76035762
   1.51922977  0.88861823  0.72815758  1.56490839  0.54853863  0.94145149
   3.82336354  0.45666647 -0.09559303  1.54271531  0.36243978  1.1432631
   1.36568868  1.61488163  0.65676564  1.49338019  1.59932935  1.39592135
   3.41982722  2.42679501  1.25660443  1.49912751  1.74502611  1.02698386
   1.64591515  0.915546    0.56909907  1.41622341  0.79798871  1.32761323
   1.43144512  1.82448328  1.24696136  2.81867099  2.92280626  2.71612477
   1.35226691  1.83666611  0.84813458  0.92817622  1.40715969  1.3029995
   1.0989368   1.31074679  0.70717257  1.58927774  1.79079807  1.16799963
   0.80407417  0.24742588  1.69600749  0.69200242  1.41420519  1.14443445
   0.38511124  1.88346815  2.01968694  1.40036535  1.11988723  1.20683825
   3.91689014  1.19704616  0.93291813  1.15605199  1.13382077  1.72106421
   1.44743216  1.15686798  1.59065259  0.81549937  1.47802103  0.44400918
   1.80879617  1.46116173  0.98759985  1.51146388  1.08882761  0.82949758
   0.81545377  3.2020154  -0.04025704  1.16712058  1.23500991  2.48216009
   0.41265589  2.03907442  0.51325899  1.34992898  1.4780916   1.13794959
   0.76636511  3.49946952  1.78167701  1.84497905  2.1945188   1.17626595
   0.91159576  1.55962765  1.14766884  1.46409857  0.78832877  0.18112151
   1.34696352  0.60007763  1.12100542  1.66412687  1.72434402  0.81236768
   1.18602991  2.28955078  0.99008524  1.10201824  1.08756638  1.69623387
   0.7167452   0.87180585  0.9116962   1.60952473  0.92061073  1.58616245
   1.92206752  1.53285134  0.44289565  1.7046243   1.32452214  1.10415995
   0.59799123  1.06350696  1.81476653  1.05262291  1.28146672  1.49189746
   0.72542024  0.62873083  1.09105814  1.16911149  2.24345422  1.65420389
   2.39589953  1.13073874  0.70717859  1.77094603  0.78036088  1.27675891
   1.5097754   0.94233418  1.2637074   1.12609458  1.4992913   0.93271244
   1.31056786  1.24034119  1.29333603  0.95552832  1.99867833  1.2132144
   1.3244524   0.66293907  0.77549142  1.35520065  1.24214482  1.31698775
   1.65255916  1.22063649  1.82362688  0.77541184 -0.07826328  1.61799407
   2.0570066   1.15008676  1.04018188  1.17203867  3.02635574  1.38050234
   2.20645618  1.01496875  1.78937519  1.71024418  1.01747227  1.79994166
   0.92855787  1.9277817   0.93533212  1.97941196  2.0618844   0.95522165
   1.82212901  1.23312736  1.42180681 -0.01537899  1.08996379  2.44266772
   1.20489287  1.91352558  1.30981541  1.55599058  1.78618181  0.83918285
   0.82469612  1.39692211  1.76559508  1.30351603  1.97909975  2.07186627
   1.00421584  0.75083685  0.80873424  0.88803208  1.10401118  0.84511334
   1.514781    1.33885324  1.11490166  2.66881967  0.94651628  2.04748917
   1.23823941  0.96269733  1.56967902  0.77972931  2.41434503  0.7790755
   2.01237106  0.80190402  0.49446577  1.71024454  1.32182145  0.88117611
   0.81104094  1.0503906   1.04444027  0.81778818  1.54145467  1.90812433
   0.21102905  1.9431268   0.59669161  0.15507539  1.06725633  1.90586281
   0.92933029  1.48144269  2.22079778  2.89424634  2.03699994  1.31772077
   1.49986374  1.95613134  0.9805218   1.26862192  1.97308898  0.66137201
   1.64926672  0.08117007  0.92209798  0.58002603  0.92838514  1.50048101
   1.69219887  1.05093801  2.15190792  1.14014626  1.52630305  1.67879641
   1.43848419  1.40466309  1.21409273  0.72403842  2.62096238  0.79074746
   2.6295259   0.67964405
