  4.93216366e-01   2.34328628e+00   1.85545266e+00   1.06135798e+00
    1.68068266e+00   1.33611238e+00   6.86783850e-01   1.88129687e+00
    5.63781500e-01   8.68662894e-01   1.13829350e+00   1.68810415e+00
    5.19756734e-01   1.23683810e-01   1.75863111e+00   4.03484643e-01
    1.65164518e+00   8.09556305e-01   1.06914294e+00   1.09997761e+00
    1.34041464e+00   1.00918901e+00   1.43459034e+00   1.44619572e+00
    1.68302751e+00   1.32792568e+00   1.17564869e+00   3.75079250e+00
    4.38258505e+00   5.82348228e-01   1.12844706e+00   1.45124531e+00
    1.34825861e+00   8.17763150e-01   1.10586774e+00   1.50076985e+00
    7.98720479e-01   1.50511587e+00   8.99909735e-01   2.08919597e+00
    3.36795628e-01   4.70466137e-01   1.13114750e+00   4.97667521e-01
    5.80913484e-01   1.46299112e+00   9.41260397e-01   1.23177123e+00
    1.22295797e+00   1.03201449e+00   1.66930687e+00   2.37410879e+00
    4.39311087e-01   9.33720946e-01   1.72623122e+00   1.72426629e+00
    9.12579060e-01   9.38901305e-01   1.32037830e+00   6.74102485e-01
    1.56092441e+00   1.25440824e+00   1.25927067e+00   9.95145917e-01
    9.67766941e-01   7.68117309e-01   1.05171871e+00   1.00672472e+00
    9.06683207e-01   1.66345584e+00   1.37861288e+00   1.42646098e+00
    1.58467364e+00  -2.95368321e-02   1.15164421e-01   1.48929286e+00
    3.95541750e-02   1.53925550e+00   1.99872196e+00   1.01040030e+00
    6.60851657e-01   1.07198513e+00   1.27612233e+00   1.90806961e+00
    5.48019052e-01   1.39617896e+00   4.68166381e-01   1.77010489e+00
    1.35346186e+00  -3.01798135e-02   1.27581310e+00   9.90032613e-01
    1.02485490e+00   1.24410927e+00   1.64502144e+00  -1.45963226e-02
    6.16703093e-01   1.00642598e+00   6.52514249e-02   1.55372143e+00
    1.51130152e+00   1.15965712e+00   4.86865371e-01   1.99845672e-01
    1.33863235e+00   1.82982099e+00   2.00829172e+00   8.18385601e-01
    6.05280399e-01   1.13372016e+00   3.38511324e+00   8.51976633e-01
    2.42973351e+00   1.22616661e+00   1.79536915e+00   6.11936390e-01
    1.89214206e+00   2.34408855e+00   1.97919774e+00   8.46634865e-01
    5.71489513e-01   1.74248123e+00   1.23831582e+00   1.02697003e+00
    1.33134878e+00   1.28307593e+00   1.28869915e+00   1.52698982e+00
    5.29077016e-02   8.29424918e-01   7.95582473e-01   1.76659644e+00
    5.67780972e-01   1.20041561e+00   1.22585320e+00   6.18821025e-01
    1.16628742e+00   1.22763850e-01   5.44212759e-01   1.52285337e+00
    8.12005579e-01   7.32995033e-01   1.36345732e+00   1.42182004e+00
    9.08371389e-01   1.12544763e+00   1.14303076e+00   1.00159800e+00
    2.72381926e+00   2.31261969e-01   1.59728086e+00   1.32844377e+00
    1.18111467e+00   1.71590996e+00   7.00272545e-02   1.16786766e+00
    1.75259793e+00   1.17693138e+00   1.00264394e+00   2.00641298e+00
    1.24730825e+00   1.48923445e+00   8.50387216e-01   1.24938452e+00
    9.94334161e-01   1.00730908e+00   4.41641241e-01   1.00670874e+00
    1.11469305e+00   1.45126200e+00   9.81369138e-01   5.34122825e-01
    2.02573395e+00   1.32694221e+00   1.51119781e+00   2.11678052e+00
    1.82840109e+00   5.71532845e-01   2.74188972e+00   9.90531027e-01
    8.38727057e-01   2.19069576e+00   6.09433651e-01   1.33207667e+00
    1.42736804e+00   1.32254720e+00   1.72305608e+00   1.87731159e+00
    7.88980067e-01   9.55950379e-01   1.61068022e+00   1.75681376e+00
    3.73047106e-02   1.72971010e+00   1.10028839e+00   3.09291959e-01
    2.38940597e+00   2.31455278e+00   2.51810646e+00   1.89432240e+00
    2.27513194e+00   1.27172863e+00   8.30543160e-01   1.03950083e+00
    1.92876673e+00   9.42348182e-01   1.28089988e+00   7.78504193e-01
    6.29311144e-01   6.86803162e-01   2.62312323e-01   5.38508296e-01
    9.23818886e-01   2.01103854e+00   1.06221998e+00   1.13122571e+00
    1.03880084e+00   9.86371458e-01   1.29654372e+00   1.57666719e+00
    1.19711101e+00   1.44281900e+00   7.79730439e-01   1.20746100e+00
    7.82779455e-01   1.99943650e+00   1.27554333e+00   1.91146111e+00
    1.21983790e+00   9.97435153e-01   3.99126673e+00   5.56605339e-01
    1.51963198e+00   3.74735355e+00   6.52437508e-01   7.04227149e-01
    1.51742876e+00   1.25525665e+00   8.90945196e-01   1.51783621e+00
    1.46484733e+00   1.11008537e+00   7.79851556e-01   6.44031525e-01
    2.08923686e-02   1.49196458e+00   3.68715858e+00   3.89364004e-01
   -1.08651064e-01   1.42600048e+00   3.13641787e-01   1.08616590e+00
    1.26878870e+00   1.58411717e+00   4.78498429e-01   1.34667468e+00
    1.59218168e+00   1.17519426e+00   3.02310252e+00   1.89079809e+00
    1.53380752e+00   8.56560469e-01   1.72957921e+00   8.10440004e-01
    1.60623181e+00   1.00405276e+00   4.96677369e-01   2.22669911e+00
    8.89613152e-01   1.08143401e+00   1.42773294e+00   1.93757010e+00
    1.63761282e+00   2.80249715e+00   2.84038401e+00   2.45216680e+00
    1.53220761e+00   1.14737225e+00   5.90251923e-01   9.80117679e-01
    1.54065216e+00   8.41145873e-01   7.89269626e-01   1.29775131e+00
    8.05146754e-01   1.58785367e+00   1.72634625e+00   8.52647722e-01
    9.54307914e-02  -7.57182017e-03   1.10714805e+00   5.34819603e-01
    1.94883871e+00   6.44252002e-01   5.50325513e-01   1.57958555e+00
    1.11458647e+00   1.45384657e+00   7.26610541e-01   1.23759389e+00
    3.54919124e+00   1.10938478e+00   8.84911597e-01   1.15372539e+00
    1.25054049e+00   1.57786536e+00   1.14085054e+00   1.29070354e+00
    1.49974155e+00   9.66570556e-01   1.65132189e+00   4.01542202e-04
    1.32599413e+00   1.40933478e+00   1.11259985e+00   1.15197933e+00
    7.61180103e-01   4.25745219e-01   3.85024965e-01   3.26344490e+00
   -1.33244559e-01   1.10484445e+00   9.77034271e-01   1.76619399e+00
    4.14484918e-01   2.07345390e+00   5.54609716e-01   1.32074666e+00
    2.13837886e+00   1.20303547e+00   6.26082063e-01   3.62128592e+00
    1.81466687e+00   2.11479259e+00   1.94221568e+00   3.02607059e-01
    9.45513666e-01   8.18946719e-01   1.21259010e+00   1.26881707e+00
    8.47981274e-01   2.29065791e-01   5.43525875e-01   9.18096066e-01
    1.36579335e+00   1.94079471e+00   1.34627378e+00   1.34545648e+00
    6.71094060e-01   1.69413054e+00   1.33341515e+00   1.40374959e+00
    9.58902359e-01   1.15183616e+00   6.22502744e-01   5.85831225e-01
    7.43293524e-01   1.70054483e+00   6.69447124e-01   1.58934247e+00
    1.67071688e+00   1.33624244e+00   4.19317603e-01   8.01436961e-01
    1.37182784e+00   1.14876723e+00   6.54292822e-01   1.09291041e+00
    1.98344767e+00   1.17183673e+00   1.03233933e+00   1.48111701e+00
    7.42969811e-01   5.08781254e-01   9.85803723e-01   1.47203302e+00
    2.69901562e+00   1.38694084e+00   1.73056602e+00   1.29225135e+00
    2.22550690e-01   1.83623242e+00   7.15662658e-01   1.28097928e+00
    1.37072718e+00   9.44719672e-01   1.22858405e+00   1.21581876e+00
    1.59235537e+00   1.99640095e-01   1.38432956e+00   1.04521608e+00
    1.25829184e+00   9.05633807e-01   1.88465965e+00   1.16917610e+00
    1.09665930e+00   4.97184813e-01   6.02369606e-01   9.21902299e-01
    1.25487196e+00   1.42225301e+00   1.92556310e+00   1.14924598e+00
    1.54753101e+00   8.60944867e-01  -7.92253613e-02   1.22545397e+00
    1.80390501e+00   9.90005374e-01   8.60054195e-01   1.20799613e+00
    2.59503174e+00   1.49536085e+00   2.36927080e+00   4.84136492e-01
    1.59274125e+00   1.61851728e+00   8.75647604e-01   1.27980804e+00
    1.26814806e+00   1.69643176e+00   1.20858300e+00   2.10479832e+00
    1.92075837e+00   9.55820978e-01   2.01615644e+00   1.25351405e+00
    1.90045559e+00  -5.93441240e-02   9.25720751e-01   1.67599285e+00
    1.27192640e+00   1.10848606e+00   2.19657254e+00   1.97311449e+00
    1.77390754e+00   8.64875257e-01   7.03955948e-01   1.68933606e+00
    1.43198693e+00   1.43839133e+00   1.65282691e+00   1.32307446e+00
    1.16325259e+00   3.98556083e-01   7.27482915e-01   1.59763694e+00
    9.27665174e-01   8.85852516e-01   1.73048496e+00   6.77781045e-01
    2.19463372e+00   2.60259676e+00   1.36456335e+00   1.55130291e+00
    1.73618722e+00   1.03140652e+00   1.41447961e+00   7.74373829e-01
    2.42293143e+00   1.04616964e+00   2.19736004e+00   1.19528365e+00
    9.82465327e-01   2.58985066e+00   1.71643984e+00   3.29722285e-01
    4.73093182e-01   1.08313322e+00   4.92232770e-01   7.56356299e-01
    1.92401910e+00   1.65474153e+00   3.67854625e-01   2.03488994e+00
    6.18333519e-01   3.19190800e-01   1.77743232e+00   1.68610799e+00
    5.62971473e-01   9.70137119e-01   2.30057931e+00   3.55245376e+00
    1.75585806e+00   1.55673969e+00   7.20777988e-01   2.22413659e+00
    9.82912660e-01   9.66615617e-01   1.34425974e+00   7.74420023e-01
    1.64793468e+00  -2.97316816e-02   8.45044911e-01   5.79162657e-01
    6.70734167e-01   1.25595713e+00   1.63494277e+00   1.22886813e+00
    1.90249014e+00   7.46825933e-01   8.63883257e-01   1.41371882e+00
    1.58241785e+00   1.41873872e+00   9.53496516e-01   2.00059295e-01
    1.55736458e+00   9.36040759e-01   1.61068547e+00   6.75221264e-01
