 0.85254997  2.56345487  1.95959306  0.93785572  2.38870811  1.31184816
   0.60450405  2.73184419  0.59162378  0.90985686  1.24834263  1.91735005
   0.85689938  0.10194275  1.77471256  0.57902431  1.79384172  0.61240232
   1.41749012  1.13320446  1.48437679  1.02384365  1.03429782  2.04848146
   1.53215683  1.86248195  0.9977206   4.0275116   4.68352127  1.09269762
   1.79801047  1.34055197  2.1672616   0.84072715  1.26894188  1.71187282
   0.94803089  1.13290679  0.78109527  2.17518663  0.61463255  0.7862134
   0.72435552  0.5950402   0.58965582  1.31426728  0.9611761   1.22222662
   1.05652535  1.21582997  1.76543474  2.86152697  0.57054979  1.32509112
   1.75443327  1.71426916  1.12791646  1.00349832  1.70124114  1.10681248
   2.09014869  1.60501873  1.27185547  0.92001963  1.16743958  0.82581383
   1.04339683  1.11106408  0.97921234  1.33049607  1.82076156  1.50421071
   1.61556196 -0.04555102  0.17487386  1.79905546  0.3398509   1.70718837
   1.6454196   1.20948017  1.02550733  1.09293497  1.56675184  1.72122729
   1.15460837  1.09837401  0.46642584  1.24247837  1.18548059  0.33778426
   1.67804086  1.83639657  1.26162875  1.17735076  1.62713826 -0.01458682
   0.61846381  1.30463552  0.51659179  2.04129076  1.86148787  1.13533473
   0.7034567  -0.02397679  1.25557017  1.56009912  1.96035469  0.94951838
   0.65831083  1.25603199  3.69990206  1.02528203  2.67596483  1.56737995
   2.10276294  0.52301985  2.0609324   2.84410524  2.04308653  1.15346456
   0.75228637  2.1046207   1.89914989  1.72697616  1.32919502  1.39693391
   1.58095896  1.68558538  0.02399451  0.82803649  0.85166806  1.72318363
   0.99127066  2.52517366  1.70534801  0.94544631  1.13644767  0.34961563
   1.01778018  1.46530139  0.95562071  0.86491752  1.29176474  2.27066755
   1.36006987  1.17311633  1.42719352  1.01214945  3.0435853  -0.03860658
   1.49075341  1.94932234  1.4116298   1.7154851   0.62929863  1.51210582
   3.15143538  1.07499671  0.95676833  1.6261003   1.35524118  1.02315605
   0.93608886  1.47641051  1.05929744  1.0153172   0.19564368  2.18448472
   0.96509916  1.67208159  1.35875344  0.4857673   2.43536997  1.10178626
   1.51788425  1.88021946  1.83367324  1.5288614   2.60632229  0.92845869
   1.09267342  2.54735923  0.95715487  1.76575291  1.83915734  2.09223294
   1.92492414  2.15347409  0.77211851  0.98744464  1.66194475  1.86983895
   0.08960892  0.95234197  1.08020723  0.57490236  2.78968787  1.88789403
   2.58818746  2.40773225  2.78618979  1.42391157  0.34627602  1.35826385
   2.32209873  1.5778352   1.16150427  0.76896536  0.94584113  0.89306259
   0.88802874  1.05372357  0.91828281  2.51513767  0.83472061  0.87572527
   1.91473556  0.76366931  1.30689418  1.66275454  1.27036369  1.31976807
   0.40433425  1.06353235  0.87869847  2.84372473  0.82692224  1.77241433
   1.24655557  0.98667145  4.55862856  0.98319435  1.47844434  3.62873816
   0.53490466  0.8176071   2.0739007   1.17075086  0.95617598  1.63090408
   2.21205807  1.49459541  0.82629365  1.26322854  0.07998771  1.88855052
   3.27244377  0.63505125 -0.09548634  1.81968665  0.59515971  1.06431639
   1.50920582  1.5746845   0.69396502  1.66256034  1.52180457  1.79617226
   4.04039001  1.5728637   1.53020978  1.37776279  1.72700202  0.89521933
   1.1642741   0.95825964  0.75929892  1.60714245  0.90537554  1.52896214
   1.71293426  2.70596266  1.98064625  2.70416999  3.0232532   2.86287808
   1.47996926  1.21322656  0.57423258  1.64603198  1.49623752  1.34102261
   1.36958861  1.50869417  0.42635193  2.10657883  2.7752471   0.84053785
   0.91645283 -0.02898145  1.71970093  0.38338888  1.4369483   0.87490308
   0.4128148   1.82810307  2.39191389  1.74309397  1.11821365  1.09583664
   4.55636263  1.04635036  0.89669669  1.16119397  1.20048499  1.8053236
   1.34021664  1.26082838  1.84726393  0.23334634  2.14271855  0.87770277
   1.6809994   1.4697721   1.0039773   0.99942642  1.3762877   0.82655632
   0.61196595  3.84958696 -0.13640942  1.16296327  0.90986389  1.73691738
   0.41124728  2.06071758  0.61175698  1.22477806  1.84647202  0.89893925
   0.35100797  3.69265676  1.84512091  2.34905005  2.17704725  1.18977273
   1.12654901  0.94120377  1.35348296  1.85549963  0.92774403  0.43695432
   1.46943045  1.26388061  1.16143966  2.11029243  1.09413826  1.18288124
   1.28388548  2.08904243  0.9885456   1.50593579  1.43079603  0.86511326
   0.64090967  0.81042099  0.83639926  1.64547443  1.10918021  2.06818724
   1.93448639  2.22071695  0.95643884  0.96289426  1.55726194  1.09210014
   0.91165304  1.33503318  2.12945294  0.87618721  1.44504857  1.62740564
   0.75832361  0.56421626  0.87277162  1.08975029  3.38453269  2.38902497
   2.07838774  1.45414865  0.57858163  1.90235722  0.61504954  1.30637968
   1.31961262  1.54616678  1.25632703  1.03628731  1.57156861  0.68100059
   1.19455326  1.39666975  1.38953137  1.06270051  1.7359122   1.09512186
   1.37583911  0.57062685  0.98664111  1.22620606  1.30847549  1.23462427
   1.78907478  1.51433432  2.00639629  0.51122427 -0.10224345  2.02751589
   2.36983418  0.69496751  1.23877144  1.2434268   2.68061852  2.02373695
   2.86394072  0.8821401   1.89713848  2.30740833  1.2974571   1.34315228
   1.39532077  1.97767043  1.78543389  2.36669397  2.03804731  1.02608955
   1.88989365  1.81059015  2.06026077 -0.03482106  1.54076993  1.64067852
   2.30992723  1.80913079  1.5341289   1.92494833  1.96954799  0.73303884
   0.5853411   2.21789432  1.86215627  1.2429589   1.65903306  2.09987068
   1.24665153  0.50898916  1.15836525  1.1505245   0.96021861  0.84241587
   1.6042695   0.83895773  2.07950759  2.4691031   1.1396538   2.16720223
   1.14602125  0.95072955  1.40928304  0.77144164  2.81586218  0.73631972
   3.23491693  1.2432971   1.03366423  3.75704002  1.36791062  0.78379643
   1.25125265  1.21092701  0.58328867  1.02110398  2.3019278   2.53149056
  -0.05747752  2.02981925  0.97256172  0.32141039  2.13810492  1.66427422
   0.71389186  1.86644447  2.46654606  3.06430078  2.32555747  1.94766796
   0.63278294  1.68678701  1.25716293  1.12505019  0.99916404  0.90164202
   1.92155981 -0.01588439  0.86551237  1.5617733   0.60347944  1.32496142
   1.57850969  1.63303041  1.81349504  1.14854109  1.39004707  1.30001843
   1.69991565  1.4609946   1.00362718  0.52181274  2.10042787  0.62274218
   1.41644955  0.68947178
