 0.70356905  3.16007161  1.32107472  0.87739515  1.60844648  1.72093427
   0.27469364  3.23250127  0.55220181  1.90860045  1.25370848  1.26654506
   0.97650033  0.81346995  2.04363227  0.66314673  1.78889561  0.64902687
   1.33364499  1.11466241  1.33082771  1.09333909  2.26596475  1.75907552
   1.43977392  1.02055919  0.67872274  3.46349359  5.23438501  1.13293064
   1.85767746  1.37825418  2.0941813   1.17526853  1.48538816  2.20742655
   1.10351801  1.71650147  0.6835745   1.50898314  0.66934216  0.49600154
   0.37976661  0.51125169  0.59565753  1.65606236  1.05294347  1.14612293
   1.06953967  0.96647024  1.348315    3.09253001  0.81851465  1.24814236
   1.80720305  1.77189052  0.99616355  0.77731973  1.87311494  1.61615908
   1.33463562  1.59820068  1.27403378  0.85296965  0.76335496  0.69733638
   1.05334687  1.071347    0.71614611  1.41572249  1.92685497  1.41777337
   1.76738989  0.3129296   0.46283954  1.20353317  1.00620472  1.81391263
   1.17106283  1.60713136  1.04303837  0.89794505  1.20832753  2.47871661
   1.27592325  1.07569444  0.42541826  1.36389267  1.28123319  0.30869386
   1.81150496  1.84354985  1.37343872  0.95548689  2.30598855  0.34337431
   0.66853946  0.88072836  0.85088944  1.90856624  2.34497571  1.09402156
   0.97154009  0.56390309  1.34974587  1.21247864  2.31890059  1.33883166
   0.79747772  1.70519733  4.00549793  0.76057655  2.35531712  1.56171262
   2.00611687  0.72901922  2.09606695  1.85514438  2.40925026  0.98748636
   1.29785502  2.29326892  2.56705332  1.69058478  0.80809397  1.42634177
   1.52135348  1.62869012  0.65889263  0.8323065   0.90558052  1.57468474
   0.7076574   2.34639597  2.09602547  0.80843794  1.34594333  0.14562492
   1.59305453  1.68062687  0.93090612  1.11723232  1.72444952  2.80935645
   1.11843669  1.33121073  1.26330626  0.89764225  2.6318996   0.54668391
   1.4031204   1.45233059  1.49530661  1.69468033  0.81694317  1.32363534
   2.48787332  1.23033106  0.75935221  1.61642563  1.57083201  0.67016351
   0.79209518  1.36591995  1.17394769  0.94697493  0.30500019  2.2016561
   1.13356185  1.85587263  1.1499902   0.56560439  2.47113967  1.18269277
   1.37174654  1.56287694  1.80586553  1.15656972  2.53509927  0.8113628
   1.6422013   2.88091803  1.27369046  2.05919671  1.89370108  2.07578468
   1.78822446  2.03838754  0.78833878  1.15794969  2.37851644  2.24417496
   0.22695091  1.51375771  1.1018647   1.01075304  3.10666299  2.45696044
   1.51175308  3.04045606  2.5252099   1.77344763  0.78670341  1.21349263
   2.20700002  1.04250622  0.9495703   0.96319401  1.0181452   0.83074468
   1.06318307  1.61987555  1.68734992  3.2337687   0.93614084  1.24348342
   2.10556221  1.06507766  0.92300808  1.8680923   1.13502717  1.42835486
   0.56088901  1.22807276  0.82508874  2.41441345  1.3808527   2.02770591
   1.27304399  1.02800131  4.98108053  1.19966638  2.22273755  3.91607881
   0.63605303  0.86889273  2.01280427  1.29008901  0.78952688  1.71811748
   1.74134982  1.33651984  0.73440939  1.32443821  0.41687644  1.43513525
   3.26974821  0.73625785 -0.01885741  1.58554268  0.30537039  1.29266334
   1.34231484  1.46389771  0.83107573  1.74287558  1.48897064  1.99384737
   3.93781209  1.8715874   1.49980056  1.60119104  1.72811639  1.01941109
   1.22731245  1.17441916  0.9865554   1.2061764   0.89122099  1.69888628
   1.62430251  2.15519953  1.91071784  3.11816382  3.25516915  2.70363832
   0.96531636  1.62364161  0.73386991  2.00441027  1.2123028   1.18642712
   1.12557411  1.42445552  1.43013775  1.48954058  2.47619057  0.66210395
   0.78684682 -0.0339332   1.40853357  1.00865948  1.81838679  0.6426512
   0.33683881  1.50481617  2.27437758  1.8695358   0.58167022  1.61404943
   3.86259317  1.19346714  0.89096999  1.15526009  1.27838159  1.70919752
   1.25839794  1.12463093  2.2077992   0.21927661  1.42031837  0.62085205
   1.62356973  1.51140952  1.07700074  1.90848768  0.93531781  0.66609675
   0.96606284  3.76065683 -0.08561524  1.06042445  0.71499479  2.06449413
   0.42773253  1.58474934  0.60147464  1.18841028  1.85433352  0.98009217
   0.37615982  3.64426875  2.26302314  1.95619917  2.0050385   1.11081493
   1.15568876  0.61689156  1.70744455  1.41081202  0.88939166  0.72898084
   1.99249423  1.39339018  1.13585317  2.10199261  1.56426656  0.82969481
   2.10669112  2.28479362  1.70391989  1.64986145  1.3804853   1.42286026
   0.67784393  1.06126142  0.85034549  1.7061336   1.00208771  1.8665539
   2.05707479  1.94511747  0.51656973  0.80959982  1.80240512  1.36148202
   1.12883937  0.95715302  2.28349376  0.57877594  1.2625854   1.47011709
   0.79663795  0.5635432   0.84993494  1.10113919  2.64939761  2.15107274
   1.2868197   1.74371994  0.87991112  1.73052299  0.7830742   1.27852249
   1.08365428  1.35413349  1.19864953  1.43284154  1.42307401  0.8585813
   1.11261547  1.7161417   1.68743074  0.80551267  2.1580987   1.4301455
   1.05926871  0.9364922   0.82267988  1.71036875  1.33724177  1.21889341
   1.71330822  1.38773668  2.16656208  1.16242659 -0.00753991  1.87552583
   2.44554234  1.08344615  1.39792228  1.12952018  3.21010709  2.01491046
   2.63943911  1.05414331  2.07967257  1.75602818  0.91642648  1.54958689
   1.50666714  1.96258676  1.67721486  2.65604949  2.01451445  1.00729692
   1.98182607  1.2853781   1.35504854 -0.07943699  1.20566905  2.0434258
   2.58737326  1.47116923  1.90416026  1.05933404  2.11063004  0.77165061
   0.64181471  1.36323845  1.49832845  1.93917036  1.89085555  1.74798763
   1.49577773  0.79270744  0.87982732  1.05492139  0.99353772  0.78790277
   1.4417429   0.95388389  1.13858855  2.67391062  1.21925116  2.75035644
   1.62574148  1.08568776  1.24911904  0.78057325  2.5830853   1.37394285
   2.60946226  1.13258505  1.12166357  2.87672639  1.58593094  0.82925558
   1.69024384  1.20607841  0.90740985  1.10136533  1.44938636  2.23278499
   0.68785089  1.97307122  1.01624429  0.3003538   1.54907238  1.74024391
   0.88796932  1.41601419  2.88270855  2.68662643  2.99679446  1.64038432
   1.17948353  2.79522419  1.31596708  1.2856071   1.55016184  0.96459347
   1.87345636  0.87518728  0.90053654  1.04124045  0.60615218  1.65796745
   1.66883731  1.11319876  1.14844131  0.96705818  1.66803157  1.71797252
   1.55549622  1.38275838  1.19952905  0.56723219  2.42215633  0.59546608
   1.87164915  0.73546731
