 0.76057911  2.59247613  2.33932614  0.89780623  2.15689754  0.91805363
   0.4103905   2.71518183  0.50091696  0.97685313  1.13401473  1.35123122
   1.15796804  0.49914157  1.28951621  0.4020057   1.61481917  0.55805689
   1.03084075  1.13590193  1.41653478  1.14212286  2.76427817  1.68347549
   1.3205409   1.38783669  0.63772452  3.7072463   5.58724165  1.07484782
   2.1381278   1.39135325  1.63917553  1.01206779  0.71701378  1.86459422
   1.01737785  1.36773622  0.71719539  1.47746849  0.38857979  0.56623572
   0.61112124  0.68283194  0.59392124  1.17657852  0.9948712   1.1484406
   1.15955245  1.60116565  1.94852149  3.07891655  0.99829769  1.67663038
   2.1602838   1.72815752  0.88337415  1.25806332  1.45714915  1.21161199
   1.53647685  1.32285345  1.27299201  0.89702851  0.58460826  0.44662285
   1.04905772  1.04138052  0.63756424  1.74580991  2.06756639  1.17542768
   1.75409424 -0.10371435  0.39609501  0.83337957  0.80740225  2.47104216
   0.81943071  1.28864324  0.96247637  1.01189888  1.41515338  2.38862252
   1.39500928  1.35056591  0.42224523  1.61955559  1.37584853  0.16587269
   1.15549016  1.83349109  1.44483602  1.14690757  2.05686212  0.03450557
   0.69809729  1.08477831  0.2580685   1.27401829  2.29376912  1.09660542
   1.27929413  0.49973166  1.0962472   2.04382157  2.11579561  1.19988227
   0.89395946  1.51522827  3.72137618  1.16217828  2.71369958  1.58048737
   2.06596494  0.54041785  1.27006245  1.76359189  2.48380852  0.73899364
   1.03174353  2.17486787  2.31052256  1.42188764  0.95118248  1.20636475
   1.36076868  1.54528451  0.17283773  0.83076143  0.59641844  1.74709165
   0.74599993  1.5748775   1.73914683  0.50503457  1.15152764  0.32863212
   1.31125474  1.42214119  0.85208762  0.88005006  1.60680139  2.28986382
   1.26639509  0.98722517  1.26959145  1.06238997  3.09651399  0.32198921
   1.37508631  1.26171052  1.23886704  1.80491662  0.89148158  1.30451572
   2.37788296  1.38984215  0.66502911  2.08046103  1.53504014  0.76736802
   0.95456743  1.22984827  1.08183599  0.96058249  0.05944891  1.46702206
   0.65586138  1.62468898  1.20032561  0.5548141   2.66643643  1.72567141
   0.86268204  0.94796383  1.9669745   1.2398212   2.62436342  0.92324948
   1.88359785  2.40815687  0.73750049  1.97865975  2.08832979  2.00290751
   1.56132269  2.22732544  0.81043905  0.99954945  1.93736768  3.14696312
  -0.02538225  1.16611695  1.08983016  0.35011289  3.04371715  2.46080303
   1.85387397  2.65484834  2.11473751  1.29383481  0.49383366  1.41197479
   2.40065932  0.94472969  1.54178393  0.78979641  1.30353129  0.75401455
   0.84075886  1.54751372  0.93574393  2.84566784  1.11507523  1.10739088
   1.37872994  1.2042557   1.17262816  2.15275073  1.27741218  1.26867342
   0.801018    1.05107009  0.87980366  2.47087502  1.27019274  1.73251092
   2.13840938  1.02025008  4.72487116  1.15519094  1.48027694  3.72700548
   0.78033698  1.06670606  1.8289746   1.19615126  1.06351352  1.58098984
   1.32385194  0.91340005  0.7750231   0.978769    0.42527449  1.11832559
   3.53290248  0.82245338 -0.1127687   1.72747266  0.51006573  0.98168373
   1.61362803  1.58932614  0.41312113  1.34610999  1.64324939  1.47312319
   3.13780475  1.61135221  1.47573495  1.58276892  1.73583639  1.11213326
   1.19909573  1.1713382   1.17264628  1.1170609   0.94947618  1.33231831
   1.3355782   2.08528948  1.84734607  3.29472923  3.31569028  2.79436064
   1.15921128  1.72704995  0.60542095  1.9662751   1.33481205  1.15971875
   1.54938042  1.42504978  0.78370756  2.17803144  1.89038849  0.77945298
   1.05633259  0.40485895  2.2278688   1.00618911  1.13791442  0.61672574
   0.33427167  1.84973216  2.17583966  1.78238428  0.9209044   1.40174043
   4.37525702  1.26434624  1.02265716  1.16089904  1.20648491  1.68749046
   1.33765221  1.25605893  2.22534895  0.34118882  1.66266108  1.02428412
   1.79299641  1.47463524  0.97374558  0.78334308  1.0961138   0.59084767
   1.51590753  3.55995369 -0.09100588  1.12892234  0.95798916  2.44589877
   0.41832528  2.15089464  0.5525071   1.15170026  2.79335046  1.06293273
   0.48946315  3.9609189   2.33498526  1.92842257  1.83675039  0.98477882
   1.0694927   1.05098057  1.27498436  1.6706953   0.97461426  0.1379028
   1.84627378  0.62603849  0.96753442  1.68496048  1.66694033  1.30334926
   1.39439106  2.1536417   1.18507063  0.79806077  1.50982976  1.46471989
   0.8457979   0.84749961  0.92860335  1.68596423  0.9935146   2.3766799
   1.89740241  2.01839876  0.80131102  1.02586329  1.81516767  1.14445913
   0.72750813  1.09938431  1.79811621  0.70524096  1.01536036  1.47712696
   0.89908761  0.62158942  1.04834223  1.34910083  2.16097236  1.8026619
   1.90040016  1.64626253  0.80205113  1.84758854  1.07596564  1.26701581
   1.25140893  1.06206107  1.21675682  1.11092257  1.41380417  0.19535141
   1.02888823  1.87889087  1.332003    1.07518065  1.79975986  1.58960354
   1.55611098  1.01456785  0.81266516  1.45870852  1.23510206  0.95826375
   1.75446844  1.334445    1.98749995  0.57684332  0.01504276  1.77583218
   1.76850879  1.17301893  1.59221947  1.34189546  2.84565496  1.37513959
   2.405159    0.64052612  1.86430919  1.61928046  1.4614898   1.29740763
   1.28260231  1.78890491  1.0693512   2.35983491  1.85585129  0.84440482
   1.84738243  1.49823189  1.40667796 -0.00818895  1.37666631  2.16333222
   1.92113996  1.70657921  1.33877075  0.82589638  1.93626034  0.61342138
   0.78608382  1.99418855  1.98535013  1.63011765  1.94481802  1.84064138
   1.33552742  0.83841079  0.70965844  1.16639948  1.04257655  0.81595445
   1.6133486   1.05675399  0.95605886  3.00010538  1.21272576  2.45648694
   1.46507442  1.05447102  1.46974325  0.77851874  2.29076314  0.97316372
   2.7066505   1.42966533  0.71701509  1.80043769  0.77200598  1.14823961
   1.10114384  1.67806423  0.2804836   1.74895918  1.84852612  2.16856074
   0.25555801  2.02287364  0.74625528  0.39560732  1.65177655  1.89227819
   0.80210924  1.59202731  2.61269832  3.26146483  2.11871982  2.08188963
   0.77922285  2.05504966  1.17662358  1.15732658  2.09225059  0.93265992
   1.72671592  0.03152937  0.83668017  0.81197715  0.88779837  1.32509601
   1.76641273  1.4573822   1.79704523  1.10588014  1.36317551  1.84364355
   1.41938698  1.26698649  0.77640456  0.59439105  2.62597919  0.80538499
   1.63337374  0.76629382
