 0.69602448  2.87150311  1.12661493  1.03877747  1.64472115  0.95294279
   0.90099907  2.89600611  0.48713857  1.51942492  1.16845214  1.43456686
   0.95480973  0.96958548  1.09060478  0.48579827  1.77916801  0.56149209
   1.03723693  1.15085948  1.56940973  0.99815851  2.16096687  1.80135775
   1.60251832  1.44156003  0.73856354  3.1853075   5.07744169  0.8903634
   2.13991261  1.6801697   1.17125916  0.82838434  1.42760885  1.36390865
   1.12395942  1.13939703  0.69339901  1.89944243  0.66582137  0.56519651
   1.00231826  0.50392467  0.59706736  1.67129183  0.91651601  1.19580913
   1.32890689  1.21609175  1.9637531   2.75275636  0.86849982  1.17075121
   1.88312662  1.82590461  0.76321536  1.45880651  1.46625531  1.24018145
   1.49593425  1.88914001  1.28406596  0.9002018   0.45185208  0.61712861
   1.04592073  1.0329299   0.90366107  1.45723712  1.84111643  1.17267025
   2.34433794 -0.01701132  0.29792425  1.11221623  0.96457517  1.54843462
   1.05899656  1.52652371  0.709315    0.89290971  1.4177171   2.0769453
   0.90378213  1.33524036  0.44398037  1.57337749  1.22755194  0.20187463
   1.42823017  1.79266751  1.60143936  1.17568219  2.10142064  0.35886532
   0.67081088  0.96549648  0.68782836  2.45350194  1.97451198  1.10870063
   0.75523573  0.53934354  1.23650479  1.43915975  2.21814537  1.47533202
   0.8555395   1.71532929  3.62963843  1.08870316  2.29290414  1.41582179
   1.56270611  0.7775166   1.59429693  2.05580306  2.02173066  0.96412486
   1.36094177  2.53969455  2.55185056  1.6723088   0.76115859  1.97366679
   1.59210527  1.99008822  0.43492091  0.8287127   0.79291898  1.65673506
   0.73740381  2.23126078  1.8615253   0.73846686  0.96165526  0.16556597
   1.34947085  1.69736731  0.89289552  0.72418851  1.81868637  2.07809854
   0.6484338   1.16622543  1.20885861  0.90075129  3.04986596  1.21282482
   1.98127794  1.0336132   1.03254282  1.66389191  0.59142089  1.13320267
   2.33516073  1.15324092  0.84557903  1.13818276  1.58557737  0.8905499
   0.77413416  1.16859353  1.38388824  0.79492718  0.45173749  1.75077128
   1.07613564  1.71560776  0.99458385  0.54222733  2.51648974  1.35615826
   1.01050973  1.65330362  1.82852352  1.09689391  2.63474822  0.95335752
   1.98194957  3.15324187  1.22115242  1.5329082   1.68308544  1.68295014
   1.89134407  2.01236987  0.80367714  0.99715996  1.26131511  2.29887462
   0.4668496   1.03159225  1.37995172  0.70252419  2.46270633  2.13186979
   1.4712311   2.84524655  2.32893729  1.6203872   0.65555066  0.91278028
   2.08764863  0.99284375  1.41502166  0.80281562  1.19723988  0.96589637
   1.02464151  1.29475319  1.18177772  2.96346903  1.0703814   0.90823698
   1.68608379  1.18767226  1.03778875  1.89221954  1.19113684  1.30022132
   0.77077425  1.10705435  0.71525198  2.60097051  0.93921387  1.42586076
   1.23286271  0.99138409  4.91184711  1.04150319  1.61532629  3.33640027
   0.8741864   1.35801673  1.81007266  1.07862842  0.52586645  1.55731475
   1.22940886  0.90422904  0.79750776  0.8912943   0.71971744  1.3414501
   3.25933266  1.01857805  0.02772858  1.76079285  0.67085344  0.85913098
   1.78165293  1.69288886  0.43667847  1.43853486  1.38075089  1.94864571
   3.03411341  1.55976379  1.6451534   1.33636582  1.72651768  0.78590119
   1.13083541  1.13915527  0.81234044  1.22718787  0.93879426  1.28790998
   1.63100684  1.17722189  1.95656502  2.95449328  2.99675202  2.63174057
   1.3042264   1.27121961  0.77268088  1.61290336  1.17874551  1.40138018
   1.23473728  1.4527719   1.18722785  1.23303092  1.71139193  0.7429077
   0.6220879   0.13018532  1.56814587  1.08196497  1.07988393  0.89246529
   0.3411229   1.5774864   1.87079298  2.00322819  0.55446076  0.95830882
   4.04764128  1.26064813  0.95564878  1.156793    1.17061591  1.68890107
   1.15899265  0.86821014  1.64058685  0.5411607   1.95423913  0.45745516
   1.86958587  1.51133502  1.2496655   0.80412179  0.91634035  0.63800788
   0.90391386  3.62306094 -0.01806038  0.92288256  0.90367198  2.06419206
   0.42143178  1.73641443  0.57707626  1.23944187  1.69475842  1.00008154
   0.93678439  3.65372634  2.14712119  1.75043571  1.74013352  0.96942347
   0.92525995  1.11892784  1.51349366  1.28860509  0.89204746  1.18238926
   1.5478406   0.94314885  0.95303971  2.23992109  1.35609663  1.05529332
   1.65956008  2.15727401  1.61764014  1.49010277  1.21846831  1.86465371
   1.02932107  1.33734977  0.96394169  1.76439261  0.78193825  2.13468695
   2.26381397  2.24327207  0.96202463  1.79582858  2.32216525  1.34981084
   0.84861511  0.8937797   1.60278094  0.82756811  0.99779332  1.85343516
   0.78114146  0.78477716  1.05968118  1.24899518  2.81149316  2.05193758
   1.9883852   1.44725537  1.32922316  2.12610841  1.02092946  1.27573228
   1.26739991  1.26396251  1.51504219  1.2089361   1.41386712  1.19454312
   1.16134882  1.61103916  1.492576    0.87410247  2.16945863  1.41315567
   1.24864149  0.77654517  0.84264761  1.9319731   1.12611973  0.6918841
   1.81621099  1.42633748  2.05777359  0.38805994 -0.03209711  2.01894689
   1.82423353  1.29941893  1.91770339  1.2215426   2.69549203  1.12748063
   2.64687252  1.04565859  1.83789754  1.66506672  0.85340703  0.67308509
   1.12969458  2.07267642  1.7312963   2.4198904   2.12765837  0.89460671
   1.73249578  1.86099815  1.86730981  0.04603584  1.02518618  1.31432986
   2.35484409  1.68346846  1.54667532  1.17801762  2.52068782  0.63787246
   0.85024482  1.44043708  1.36540771  2.17078233  1.56029046  1.87763309
   1.22630656  0.75301015  1.08054674  1.53221083  0.98452592  0.91692865
   2.02742028  1.10073912  1.18033993  2.67371988  0.99168581  2.2438128
   1.5382328   1.04960537  1.50222456  0.78156137  2.55587125  0.64846623
   2.58689833  2.00124884  0.77276129  2.48863864  1.81229782  0.88014984
   1.85605037  1.40123355  1.27405095  0.85933512  1.54242432  1.75577426
   1.57929242  1.89938962  1.04764557  0.44996032  1.6770736   1.87880015
   0.75086629  1.48821926  2.55043983  3.0114255   2.25700927  1.41172898
   0.90400547  2.1502018   1.08438492  1.27579737  1.27834761  0.91562563
   2.00216532  0.20055127  0.82729846  0.65291661  1.08335888  1.09094608
   1.69164348  1.27222729  1.78893113  0.91692978  1.38378906  1.3343699
   1.34320736  1.42313683  0.67199755  0.73553622  2.11407089  0.6916225
   1.65861154  0.86733067
