 0.60846019  2.86194801  1.16736257  0.96144289  1.47338259  0.90639865
   0.47806278  2.62278318  0.95359337  1.09775329  1.5550853   1.29572189
   0.93295628  0.77086985  1.1054287   1.64160883  2.05507755  0.7153663
   1.57042456  1.0924263   1.39706039  1.13330221  1.76679075  1.9517467
   1.75686264  0.91536486  0.94158995  3.7905786   5.48575735  0.70791686
   1.60234129  1.62563431  1.24404716  0.82387888  1.36447155  0.89698249
   1.20616627  1.64547551  0.84685212  1.65698934  1.33975351  0.86892432
   0.54316372  0.54703164  0.59985238  1.62638307  0.87474722  1.1251843
   1.19595659  1.1068846   1.63926542  3.14429498  0.81858987  1.48719716
   2.23508048  1.79262698  0.9879837   0.88273895  1.80942583  1.12206757
   1.83452332  1.31670833  1.2810179   0.88943172  0.58344495  0.75776803
   1.04905391  1.01222289  0.89546132  1.85677791  1.88133192  1.76817942
   1.57335448  0.03376151  0.40879413  1.66868651  0.49000466  1.86546469
   1.3152976   1.31768036  0.67380273  0.88567287  1.28453863  2.19542599
   0.72590208  1.4704057   0.37941653  1.50210619  1.1542176   0.10523392
   1.21530187  1.69457471  1.33541811  1.24385047  2.37052035 -0.00748298
   0.64757156  0.89363515  0.83059895  2.10304594  2.14658785  1.16082048
   0.64650184  0.28041747  0.98674917  1.9093672   2.18040609  0.55299366
   0.92685664  1.43391514  3.13288403  1.20892215  2.63469076  1.39069581
   1.56066608  0.55718493  0.92915338  2.26141047  2.23421121  0.56347185
   1.09372497  2.30639124  2.64744282  1.24198675  0.75204259  1.73131132
   1.28886676  1.50199664  0.22414054  0.82825965  0.9055829   1.62950873
   0.81764919  1.64772439  2.09416056  0.9526847   0.85906279  0.48511815
   1.02403951  1.86179996  0.62821674  0.79460329  1.74968469  1.94691026
   0.64950383  1.21423578  1.39271545  0.94039899  2.83841014  0.43540767
   1.95458078  1.07664263  0.84932649  1.84692276  0.46344221  1.4330796
   2.07027578  1.10478151  0.87011504  1.77510202  1.59594548  0.91165054
   0.92181796  1.22220063  0.95351535  1.05604529  0.20889769  1.69341683
   1.25707054  1.61592972  1.16868472  0.53366405  2.4018147   1.17409253
   0.92879272  1.6492995   1.82306707  1.21977866  2.78751063  0.82642889
   1.72413707  2.67878318  0.97337842  1.75480342  1.6498903   2.12389636
   1.87761223  2.39767623  0.81984073  1.10024774  1.64965057  2.55974364
  -0.04339472  1.46548772  1.09860909  0.48635972  3.07499576  1.60193777
   2.12783957  3.08751535  2.75192571  0.99574405  0.49102342  1.17808855
   2.00263953  0.97994238  1.19845712  0.75588888  1.29053271  0.84258467
   0.94548279  0.75499666  0.96249288  2.39141893  0.96640748  1.23177779
   1.15400875  1.33510756  1.41045439  1.78726518  1.24586487  1.42183316
   0.34418738  1.20025957  0.64081472  2.19871688  0.68251008  1.84698796
   1.30198228  1.00604546  4.40839815  1.08230412  1.46008348  2.96016312
   0.99999732  0.81300288  1.65569532  0.95701647  0.65974224  1.61970508
   1.24325597  1.00293279  0.63296676  0.9680261   0.13416669  1.33394134
   3.46156764  0.924577   -0.10532156  1.69798052  0.30493668  0.61263883
   1.31701982  1.99500513  0.62848449  1.4365772   1.72925544  1.38387167
   2.82875538  1.49215496  1.20799112  1.3525008   1.73943305  1.04604006
   1.75132656  1.69517326  1.07106042  1.1072681   1.03760087  0.95277011
   1.46740043  1.8122735   1.97013104  2.67793107  3.14259481  2.60374165
   1.32582784  1.17247748  0.7992689   1.72099531  1.273996    0.93003374
   1.47643542  1.22919583  1.01689792  1.72408819  1.85895288  0.77063656
   0.89017737 -0.04548563  2.01856923  1.14098132  1.76343346  0.79876667
   0.40716216  1.70632887  1.7207464   1.91304255  1.09078038  1.01886702
   4.53955746  1.21737194  0.99638492  1.15770316  1.19636238  1.65931594
   0.81559038  1.10236585  1.7964704   0.43426904  1.94693899  0.58516848
   2.0133543   1.39548528  1.12634695  0.54415637  0.89369863  0.56324947
   1.00780785  4.2383132  -0.07758994  0.96208525  1.00245953  1.75408888
   0.43049458  2.10393286  0.60739225  1.18688321  1.5651772   1.05630052
   0.86082512  3.96148586  2.22094107  2.07478976  2.07905555  0.63872945
   0.93132132  0.89718604  1.38026464  1.38574433  0.74649656  0.66810668
   1.46073031  1.16276419  1.22998273  2.5094142   1.5726124   0.84516954
   1.87556577  2.03183722  1.4145745   1.4374218   1.0454905   1.21552742
   0.8606236   0.79797018  0.78529298  1.8443172   0.72806603  2.58136082
   2.30404997  2.30250001  0.71185374  1.14621878  1.85370135  1.30071998
   0.96830976  1.20267093  1.96320987  1.09598792  1.1012001   1.47613013
   0.80888671  0.3644869   0.9464376   1.22475314  2.83399653  1.93044329
   1.15720165  1.73684752  1.37298501  1.89875579  0.65764725  1.28096902
   1.1250664   1.09072995  1.28527844  1.31982112  1.58672631  0.43862322
   1.32131135  1.40816987  0.74771416  0.90083343  1.91363251  1.79457521
   1.51844049  0.91118962  1.17089701  1.57112503  1.46858013  1.19912624
   1.89089811  1.25193048  2.59619999  1.96261752 -0.04033707  1.9603368
   1.80239522  0.7684471   1.3816669   1.14009273  2.26764393  0.56392372
   2.15638995  0.81530899  1.86612785  1.79461801  1.2908411   0.74944997
   1.29025614  2.07418418  1.72525108  2.56997013  2.21460223  1.0686748
   1.71031857  1.72543001  1.66556752 -0.03209428  1.83474851  1.86088097
   2.04073739  1.82470477  1.68515277  1.34026277  2.05791616  0.7586832
   0.73888183  2.18615627  1.64266825  1.45062721  1.75046694  1.65862906
   1.45838046  0.97239262  1.78173137  1.64889383  0.98936534  0.83545673
   1.9680779   1.10023928  1.18853819  2.42606425  0.99720103  2.07071638
   1.3897599   0.9707877   0.88807309  0.77688223  2.23554587  0.99402797
   2.47253776  1.21509516  0.90082312  2.31273198  1.32621896  0.63046861
   1.14350533  1.34925258  1.1015594   0.96447659  1.26835883  1.35309112
   0.4619287   1.83785677  0.60014343  0.40519542  1.58763361  1.92234325
   0.42034164  1.99529028  2.77635765  3.22248149  1.63808477  1.52670002
   1.12067246  2.23715329  1.20218658  1.28703368  2.59133935  0.93470311
   1.73677611 -0.04857516  0.85075575  0.699884    1.05134881  1.63509691
   1.58644974  1.70232999  1.90469372  0.95798308  1.29798281  1.5091548
   1.56083584  1.37101364  0.80424875  0.55616695  2.26782918  0.7009421
   1.32010245  0.701958  
