 0.52759731  2.95864987  1.17522442  0.84149426  1.19509041  0.9920128
   1.09001696  3.01782823  0.59307086  1.33999467  1.1452558   1.45100534
   1.24872017  0.88040608  0.8788715   1.03716159  1.40137887  0.55074298
   1.04516721  1.11949182  1.52790356  1.10676467  2.10333753  2.15677238
   1.52820599  1.10632706  0.98292351  3.86384821  5.4092412   1.54492772
   2.128371    1.63651943  1.70807707  1.299739    1.26545262  1.48522186
   0.67502022  1.71544802  1.17293501  1.29738343  1.0381695   0.46142358
   0.75494826  0.59646851  0.59498739  1.37999475  1.02429879  1.16326225
   1.1800667   1.38063395  1.22668898  3.3006618   0.65807039  1.41379821
   2.19511509  1.69345784  1.16970992  1.69386744  1.46363521  1.44838572
   1.81314349  1.85327935  1.26812267  0.9541266   0.56580073  0.4160217
   1.05743539  0.98271734  0.84114689  1.9646095   2.05959415  1.34892678
   1.58955812  0.56530571  0.79845899  1.22976506  1.7794857   1.85316908
   0.85355359  1.3547051   1.33325696  0.93178362  1.4439981   2.22228789
   0.85794693  1.38819265  0.40808147  1.63595557  1.25535345  0.31652123
   1.34310031  1.56500542  1.46690035  1.177683    2.40923047  0.47597864
   0.73921275  1.27143884  0.32895854  1.41170478  2.31705189  1.10314989
   1.81917012  0.55686706  1.03401566  1.56252682  2.2251637   2.3337996
   1.0919385   1.61948991  3.62266207  1.31381059  2.81015849  1.31086338
   1.91078138  0.63482106  2.52652574  2.43238664  1.8329165   0.84396291
   1.76750231  2.41241121  2.15800166  1.85674393  1.58128941  1.06501055
   1.32301807  1.54647315  0.40100071  0.82961822  1.01066113  1.68692851
   0.61880589  2.34857178  1.98357999  1.01698434  1.19498336  0.1140354
   1.64127612  1.69218624  0.67502517  1.18240297  2.08026838  2.27195573
   0.74702471  1.12909687  1.54972124  1.08720171  3.02893925  0.65845436
   1.7418344   1.39272594  1.27690196  1.95879912  0.78170794  1.06302321
   2.50660372  1.46847951  0.90284669  1.84153414  1.80017984  0.94118369
   0.9935351   1.41956294  1.42837274  1.11418235  0.28199279  1.85079014
   1.15613377  1.58033764  1.31990647  0.48887238  2.63210273  1.00757778
   0.86069632  2.20445633  1.81805336  1.65253091  2.7499218   1.07054627
   1.2640928   2.79785848  0.93111676  1.92236042  1.68182945  1.93508422
   2.29951525  2.67306781  0.7622155   0.94694579  1.93358755  2.83350348
  -0.02033437  0.9447403   1.09080064  1.30045426  3.0471313   2.38828349
   0.61085886  3.15932703  2.21253705  0.7816655   0.50817442  1.44775748
   2.03673792  1.58909523  1.23347175  0.88746071  1.29235518  0.68420511
   0.99832439  1.36040747  1.01808035  2.62960458  1.41425359  0.70224684
   1.28011489  1.2566942   1.36029816  2.14976811  1.31524706  1.45384812
   0.81499845  1.32572639  1.05965257  2.59766006  0.93314791  1.82746029
   1.79248738  0.92813164  5.1320076   1.43293762  1.79077637  2.70523882
   1.01656151  0.76541948  2.32780004  1.16039014  0.77569681  1.61271012
   1.87257397  1.12236273  0.80661082  1.48213243  0.76784229  1.06618679
   2.97584772  0.48521167  0.48867002  1.3820982   0.37036663  1.26651657
   1.43899477  1.64161682  1.36086679  1.39526188  1.77396464  2.12956452
   2.83636689  2.04120111  1.3791728   1.71428561  1.74170399  0.90407664
   1.59457386  0.98334789  0.8720243   1.30304646  1.09650338  1.08153498
   1.46282589  2.26711702  1.89704716  2.72719073  2.88031101  3.11494899
   1.11483967  1.69085312  0.82301885  1.925969    1.65567672  1.2677691
   1.56733155  1.21121597  1.06718969  2.45733428  1.42866862  0.84612286
   1.0177722   0.79684764  1.56378198  1.3039304   1.29635477  1.05714881
   0.41846174  1.60435557  2.22118998  2.08113289  1.34425724  1.14601147
   4.08875942  1.33476388  0.8487168   1.1614219   1.31167889  1.56140733
   0.91760331  1.13666463  1.92573857  0.74962461  2.31908345  1.29023492
   1.47710896  1.39020622  0.99182242  1.30190492  1.3146385   1.10754919
   1.4386822   3.56837106 -0.06931304  1.00813973  0.96783054  2.43979287
   0.41743463  2.20143104  0.58909535  1.24378955  2.18446922  0.97384274
   0.75802428  4.02281952  2.12629795  2.11363435  2.1383729   1.87124789
   1.17281616  1.75600696  1.29447401  1.91192663  0.78660882  1.07425654
   2.35825968  0.98349112  1.43445075  2.21331596  1.37763846  1.08864164
   2.33766246  2.10465097  1.24686301  1.62856925  1.91611648  1.02458823
   0.76865965  1.11196899  0.63581824  2.44916534  1.72838461  2.3700664
   2.07988572  2.35836267  0.37325317  0.60567653  1.7993989   1.18893731
   0.62948895  1.61880124  1.70537376  0.87189841  1.54962766  1.48733222
   0.75004643  0.30485651  0.9668023   1.27443337  2.50809193  1.9474138
   2.23129606  1.37252843  1.87088597  1.55000842  0.76246238  1.28322518
   1.49618411  1.07103884  0.94732112  1.16785753  1.42966568  0.47530448
   0.98792332  2.00942993  1.36545992  1.19842041  2.38050461  0.74135673
   1.56446612  1.28158367  0.81416994  1.86829031  1.68965256  1.41347444
   1.84617817  1.34806466  2.764328    0.82314026 -0.07889029  1.76715159
   1.39782882  0.90673894  1.78645813  1.32966423  2.50575089  1.24800849
   2.29955173  1.18156052  1.92250121  1.48193562  1.58791363  0.81338519
   1.12776685  1.91350698  2.00991583  2.28248668  2.05248713  0.93789452
   1.66101265  1.49554563  1.38127017  0.22942744  1.51177526  1.55067444
   2.14051008  1.77833915  1.91043544  1.26948929  1.9775008   0.99094594
   0.97126275  1.85883284  1.47033978  1.33253205  1.78760827  1.38085532
   1.31667602  1.51200223  0.97514802  1.71908188  1.22049224  0.82757354
   2.11247849  0.81825274  1.16138589  3.1348393   1.49029648  2.47779298
   1.36191511  0.91228002  1.19630516  0.77684122  2.20999622  1.2213167
   2.27799702  1.95847261  1.46887028  1.70802748  2.15631366  1.19342983
   2.03536177  1.65636706  1.10020316  1.32355559  1.34878027  2.25196457
   1.08548403  1.92511082  0.73132098  1.58587182  1.68389332  1.81397307
   0.60298151  1.65568745  2.68520212  3.32297111  1.87704742  2.08954263
   1.72990787  1.95906103  1.08163273  1.6697619   1.42983115  0.99849677
   1.82021797  0.65136117  0.75519198  0.63757932  0.93084586  1.46568727
   1.56041718  1.28386939  1.28889525  1.45210218  1.61362755  1.74576724
   1.45250094  1.40858769  0.72789139  1.34394693  2.86147714  0.60193616
   2.03167009  0.75269872
