 0.48450184  2.45517373  1.2970258   0.64648294  1.34257007  0.75293475
   0.65900129  1.9474169   0.64075822  0.96981353  1.07522154  1.60259187
   0.81375933  0.68385482  1.30272233  1.01810646  1.60018456  0.580993
   1.23843658  1.13122463  1.54937339  1.04897654  1.38608134  1.25456834
   1.23011589  1.17053127  0.99383891  3.39645529  4.89889097  0.80725509
   1.31284523  1.54384804  1.48544979  0.82447821  1.20827007  1.30330956
   0.69625306  1.28188348  0.92137641  1.70725393  1.00505888  0.66848367
   0.86697072  0.63535196  0.58655274  1.23309767  0.91974813  1.16128814
   1.24929476  1.04158497  1.3055445   3.09557033  0.84556979  0.62954694
   1.92248523  1.70204759  1.21874166  1.09042203  1.38114798  0.16869791
   1.62722898  1.54599631  1.25351095  0.76098043  0.95925176  0.51601797
   1.05046654  0.95751584  0.57988113  1.28548217  1.31610918  1.65860248
   2.06161189 -0.0134339   0.48151699  2.08491015  1.01084244  1.96748304
   1.59730959  1.42103386  1.03226519  0.90363497  1.2602551   1.80248833
   0.65994954  1.34644461  0.42422447  1.2030369   1.21177387  0.26472265
   1.14483833  1.38028586  0.97758621  1.16759706  1.58370161 -0.01835268
   0.74446744  1.25712526  0.21936868  2.04099894  1.86323595  1.15305686
   0.58901399 -0.09728292  1.14357185  2.06080461  1.82303762  1.85676694
   0.41161829  1.17448056  2.25619745  0.96500993  2.54318976  1.32607698
   1.73021924  0.61943376  1.57058716  1.85360384  2.40458798  0.8955887
   0.69155353  1.66586971  2.37057972  1.52172196  1.36756361  1.03808498
   1.01890182  1.04060388  0.26497352  0.82585955  0.89968604  1.65021777
   0.58509773  0.8448171   1.46040893  0.98406893  1.19762337  0.17052796
   0.7628659   1.46041298  0.46712962  1.1282711   1.73637378  1.60920858
   0.65809399  1.14487231  1.29798889  1.02278626  2.39548564  0.48055246
   1.48564267  0.96941823  0.8970561   1.89045501  0.97338307  1.02064514
   2.05077887  1.38732684  0.9306193   1.55241692  1.54845548  0.93171847
   0.72886235  1.32697821  1.30788016  1.07101834  0.34438342  2.3460865
   0.89507788  1.3902241   1.24758005  0.4966135   2.23762679  1.03055298
   1.02355945  1.78028691  1.79028749  0.63830054  2.30924058  0.99977624
   1.38776278  1.90359199  0.34734461  1.51592195  1.16664684  1.7611568
   1.64615214  1.8578105   0.76427907  1.04526997  0.68917888  2.23035884
   0.07028297  0.76085091  1.10280132  0.8757714   2.80828953  1.481745
   1.31412244  2.50610471  1.60393596  1.0269506   0.72419184  0.88554996
   2.09078002  0.64427996  0.53587997  0.9964053   0.85303211  0.94102603
   0.83949935  0.79855424  0.94195783  2.24843001  0.99841601  0.70171905
   1.02114725  1.18175066  0.7920292   1.574687    1.29092395  1.38759518
   0.81639791  1.21070993  0.78326541  2.20311046  0.8839922   1.91863227
   0.9512437   0.9860236   4.07783127  1.16676116  1.26444304  1.63539803
   0.54030949  0.73347044  1.27703583  1.22026634  0.43294144  1.6705513
   1.50032628  1.08026433  0.67557824  1.07080865  0.27576315  1.50519335
   2.5932653   1.10396171  0.00556423  1.8095516   0.52425593  0.5702433
   1.54039192  1.51521277  0.86408669  1.57242537  1.45177639  1.31241107
   2.10605049  1.40547097  1.53226936  1.02667868  1.71500778  0.90325892
   1.29999602  0.82722777  0.69470108  1.1227628   1.06031227  0.95867646
   2.08854246  1.35475433  1.46348107  2.6597898   2.67973852  2.71323037
   1.16025388  1.18463802  0.59441578  0.67708725  1.45439517  1.61313248
   0.88687527  1.5309906   0.45901191  1.39406669  1.48789179  0.80799335
   1.15040565  0.03361818  1.4311955   0.89914817  1.55456245  1.30282271
   0.97421324  1.70258427  2.07022953  1.71757197  0.72824371  0.87918758
   3.99160028  1.23742843  0.84603465  1.17912054  1.55754066  1.85365319
   0.86850423  1.12862206  1.55386519  0.20877653  1.35842288  0.72722739
   1.78104711  1.46680939  1.18297625  1.34994209  0.90698159  0.66864073
   0.96127629  3.78705883 -0.03601807  1.22270858  0.95610708  1.67931616
   0.79803383  1.9452883   0.65927351  1.21753764  2.05546784  0.85042244
   0.12717251  3.76685953  1.66227126  2.10307312  2.13713408  0.79124868
   0.91401875  0.87901795  1.41313231  1.48940408  0.85760963  0.61936206
   1.2652843   0.46348736  1.07726014  2.27819157  1.26582527  0.88127166
   0.98673987  1.74716175  1.66615701  1.02946341  1.02612376  1.03319609
   0.5411765   0.6203469   0.5311473   1.91457558  0.89996207  2.16682363
   1.59139323  2.1644485   0.63080066  0.77305967  1.89139962  1.13688171
   0.87971371  1.62961006  1.29717696  0.89553475  0.5921405   1.4949466
   0.75140363  0.3468996   0.97669107  1.242589    1.81606328  1.67879283
   1.02470732  1.28181589  0.23051205  2.12147832  0.66188025  1.3647145
   1.33860981  0.95475233  1.07369018  1.14447689  1.05064499  0.44974816
   1.05541897  1.40860617  1.15567791  1.09479475  1.54595065  1.30839515
   1.40211189  0.62415326  0.65724039  1.77264535  1.16701376  1.06831944
   1.74469709  1.47577667  1.58642125  0.49524629 -0.06303122  1.70482278
   1.08645248  0.96684825  1.00927663  1.24663866  2.05610847  1.37147796
   1.94897699  1.20720625  1.98426545  1.55430996  1.04432297  0.81863481
   0.92131364  1.62292957  1.16655171  2.13048291  2.14287734  0.98609
   1.50757456  1.46125197  1.71626282 -0.02312608  1.28685701  1.43335104
   2.24383473  0.94017553  1.76001263  1.78014278  1.96583903  0.88426822
   0.94039762  1.46755207  1.25793362  0.87804127  1.70842779  1.58855355
   1.09249258  0.56615859  0.73955637  1.62294614  0.97684187  0.8322345
   1.34516585  0.88360065  0.96809298  2.68071032  1.32096589  2.0527699
   0.96322221  0.86007321  1.52804983  0.77566439  1.76583087  0.87645859
   1.67226946  0.78351301  1.00797689  1.51133001  1.41116738  0.57488763
   2.05853057  1.66079938  0.88490552  0.86001563  1.0049386   1.32081401
   0.58887118  1.85152805  0.80081147  0.69370157  0.94090366  1.75997376
   1.1289202   1.07765436  1.91163468  2.82437992  1.05564916  0.84148121
   1.06335986  1.20979536  1.22920001  1.08981311  0.71325219  0.97377014
   1.54112744  0.14085469  0.94782352  0.83448976  0.8336001   0.83493257
   1.81502998  1.23343062  1.77019453  0.53865182  1.0193584   1.58514309
   1.47142076  1.42861998  0.94196397  0.12747614  1.65560746  0.60190415
   1.47861886  0.71532559
