 0.53651673  1.89688778  1.30483079  0.90552741  1.46993566  0.77567488
   0.90496057  2.32627964  0.67329699  1.10047221  1.3739289   1.61064184
   0.98106426  0.43168998  1.06498253  0.52882689  1.96605515  0.6068505
   0.85129023  1.08285713  1.33966374  1.06993449  1.33952534  1.71304262
   1.57342827  1.0179404   0.78423309  3.93192124  5.32388783  1.20555449
   1.57932019  1.33234167  2.01107764  0.81905049  1.20245111  1.40633178
   1.04444122  1.48793912  1.02981019  1.96496308  0.49032372  0.36391556
   0.46873903  1.04170275  0.5955987   1.3703475   1.09275138  1.21571779
   1.2955544   1.27477682  1.95609009  2.67569518  0.55622125  1.25933516
   1.61517429  1.65976918  1.12615037  1.18341899  1.21458519  0.4125489
   1.27221739  1.90526974  1.26046991  0.85138398  0.49050182  0.14953329
   1.04941738  0.97769743  1.31013894  2.0028286   1.7041434   1.30174041
   1.44657254  0.09235363  0.85854644  1.0379045   1.16138625  1.92694902
   1.45915639  1.26676834  0.87044233  0.861956    1.38889563  1.93464148
   0.66457981  1.76417303  0.44623584  1.57341611  1.24300671  0.62455171
   1.11986136  1.3235693   1.01232994  0.88133365  2.64313579  0.30840936
   0.53379428  1.03098512  0.50114137  1.4827565   2.41421986  1.08030927
   1.64880836  0.05435238  1.19863117  2.05892992  2.08017659  1.30306554
   0.98904657  1.58348882  2.49014735  0.86275613  2.54745388  1.58097982
   1.84817553  0.66271812  1.52626002  2.3515501   1.79490757  0.6705035
   1.280339    2.30145383  2.08469486  1.09765422  1.20316994  1.76355493
   2.00723672  1.7520045   0.37708771  0.82449752  1.11597097  1.78331065
   0.75787055  1.47431421  1.91741276  0.95787287  1.17691278  0.42932531
   1.39322686  1.53833258  0.90975732  0.83288276  2.26253819  1.70424843
   0.7215426   1.27810717  1.35573661  0.99970531  2.25419116  0.27901435
   1.35805166  1.46377265  1.1869055   1.71628046  0.07738096  1.42204463
   2.31470537  1.29335427  0.87287509  1.69702339  1.81761527  0.7627424
   0.70919573  1.49903393  1.38082981  0.92761511  0.21249205  0.89307266
   1.15037882  1.93274915  1.01477182  0.66426301  2.32050228  1.3673017
   1.26237071  1.8096348   1.83192146  0.92515212  2.72330117  0.99417329
   1.32282805  2.1478231   0.79144239  1.66254401  1.49224532  1.7906251
   1.71085203  2.16116357  0.79215288  1.08024752  1.85171556  2.78710818
   0.3277283   1.59772861  1.11216569  0.39120498  2.46206331  2.13428545
   1.32853341  3.52032208  3.07602119  1.09998977  0.71518022  1.49194753
   2.08774114  0.86158496  0.63113576  0.94370377  1.06472015  1.02070534
   0.63349444  1.05338752  1.23510885  2.52242422  1.43878281  1.39573753
   0.87794381  1.2775625   1.33875728  2.02734327  1.23609555  1.35019183
   0.9774226   1.05195177  0.71705306  2.38353634  1.33846056  1.81001389
   1.88766468  1.06050861  4.26093149  1.03805733  1.40609729  2.78203583
   0.32563791  1.16693139  1.95921123  1.37323356  1.07037473  1.65630698
   1.29714525  1.04454935  0.77768028  0.87274098  0.64443082  0.9042334
   2.78171921  0.98521751 -0.04508113  1.75283539  0.31891018  0.87163365
   1.22978067  1.49841702  1.04461825  1.24808621  1.69735444  0.86897999
   2.42645049  1.86143017  1.11855626  1.6714052   1.72530258  0.92175889
   2.10886049  1.17525411  1.01196432  1.17209268  1.00250447  1.01664031
   1.94998109  1.52368152  1.7945708   2.99823284  2.85250473  2.95443845
   1.41679752  2.31633806  0.70254052  1.02034461  1.40850616  0.97126138
   1.50468445  1.73208225  0.38949099  2.05917144  1.89141011  0.89896685
   1.11773479  0.64449847  1.45061803  1.65134597  1.67605829  0.63119924
   0.6392529   2.00497365  1.83244669  1.8704133   1.42887938  1.66126728
   3.49813557  1.35842872  0.89668286  1.59333932  1.52777565  1.59027791
   0.88043118  1.33675921  1.67362094  1.08080912  2.07349229  0.80006969
   1.77547002  1.40141761  1.00248861  0.70878017  0.87289751  0.31927761
   1.31126583  3.45362377  0.80659628  0.82106733  0.94224524  2.60114264
   0.42024201  1.83092666  0.60503292  1.12150741  2.17495799  1.19610703
   0.14009216  3.92714691  1.83114743  2.24355197  1.97808874  0.77557987
   1.17426944  1.7339884   1.14910436  1.60253513  1.0089761   0.44110054
   1.83469224  0.85934955  1.42730081  1.80065286  1.53980386  1.63609767
   0.84529293  2.15173006  0.88370639  1.41226315  0.8924402   1.25198078
   0.99959338  0.80666202  0.76239562  1.65651071  1.28003407  2.56505442
   1.59132242  1.86357105  0.59804267  0.51714385  1.31231129  0.86354184
   0.91244346  1.43417144  1.91609156  1.48504019  1.0901587   1.48713303
   0.79227024  0.78502661  1.06261933  1.35780287  2.55116296  1.83453536
   1.78066683  1.52867043  0.89391595  2.06709981  0.85064274  1.25008678
   1.26695621  0.8916409   1.05038381  1.20567954  1.18561828  0.2721526
   1.19947338  1.2146312   2.03566384  0.77596343  2.02046037  0.89712226
   1.85527849  1.06142712  0.72319192  1.68004155  1.39231122  1.13925111
   1.84745872  1.20226431  2.1778605   1.16982627 -0.01093605  1.84528959
   1.40047371  0.80613708  1.28147554  1.07799911  2.65000343  0.88680267
   2.04477787  0.53922522  1.26800632  1.5209533   1.61621511  1.71128857
   1.08163583  2.31369853  1.39515936  2.10697484  1.96877706  1.07731628
   1.59750748  1.3939544   1.45245898  0.62209475  1.36828911  1.94662237
   1.62824202  2.03507876  1.73966575  1.4313097   1.44422603  0.81069183
   0.61226511  1.48869443  1.48199964  1.15653217  2.14271927  1.61972535
   1.1891216   1.1698631   0.7125535   0.87987459  1.04670632  0.76334882
   1.43318319  1.26573956  0.72515917  2.90638232  1.64506626  2.24979663
   0.84260732  0.85022438  1.43888116  0.78143281  2.2835021   0.84059256
   2.04083061  1.11397123  1.17133152  1.04863369  1.06142712  1.0367161
   1.0988692   1.55515599  0.80945307  0.87043327  1.22666311  1.27864134
   1.11067748  1.86155903  0.51697272  0.50410455  1.43115604  1.66188526
   0.89906096  1.86019862  2.18987799  3.50957155  1.03847229  1.82199657
   1.47393131  1.70521915  0.98421597  1.0818342   1.63250852  1.25780308
   1.60419309  0.05948771  0.87361109  0.94047725  1.16780496  1.03589463
   1.71561551  1.87726891  1.7102195   0.97920609  1.18342602  1.18601787
   1.2580812   1.4817735   1.22551513  0.73740137  2.7299943   0.56639016
   2.0529027   0.69356173
