 0.62577182  2.26295376  1.6384697   1.22209585  1.83783197  0.74557614
   1.32799983  1.79791582  0.75014478  1.2764194   1.26459694  1.2956264
   0.79812789  0.87694436  1.40273547  0.54009205  1.64719832  0.66319758
   1.07290399  1.15419376  1.28127921  1.16218758  1.52253711  1.15992188
   1.38566625  1.5221349   0.95060182  3.08303833  4.39946461  0.9617036
   1.30757844  1.3285619   1.08369863  0.84024256  1.40318465  1.57467628
   0.5033769   1.32527876  0.8044011   1.31789482  0.38541046  0.48970056
   0.8449434   0.56754392  0.62758404  1.63374996  0.97876269  1.29020882
   0.99860686  1.35149467  1.65240192  2.53922462  0.4917562   1.09544873
   1.54810607  1.70770383  1.06964755  0.46458286  1.29710639  0.44566035
   1.29296088  1.1560601   1.25849307  0.93446392  1.02852547  0.43347016
   1.04694235  1.05099952  0.71076214  1.25175786  1.42662323  1.49821436
   1.57678401 -0.05028401  0.59164411  1.15537179  0.29564711  1.11139941
   0.9258939   1.04463744  1.03944266  0.85080731  1.26031947  1.63295031
   0.58319783  1.18099463  0.52829403  1.38663864  1.33022797  0.9166171
   1.07753038  1.06208396  0.93135339  1.05978572  1.49957204  0.01075463
   0.68867791  1.22483826  1.2909832   1.78778625  1.64408934  1.12531948
   0.55999905 -0.04653317  0.79583842  1.86944938  1.9274646   0.86085171
   0.89850324  1.49382067  2.76600122  1.15822613  2.4731977   1.76743925
   1.65607238  0.56766284  0.91556334  1.77900422  1.76007223  0.93483824
   0.79080141  1.68431377  1.88793111  1.40447259  0.9948709   1.00157821
   1.33852589  1.08763325  0.2873694   0.82639462  0.79686028  1.56664693
   0.44529513  1.2919625   1.48432207  0.71144176  0.94985324  0.11414719
   1.25711322  1.4469403   0.80621928  0.73781556  1.4188776   1.57809043
   0.94942701  1.3354255   0.97216636  0.85738319  2.21219563  0.61171198
   1.29090071  0.90660816  0.7954551   1.44540155  0.83580065  1.20386612
   1.97341168  1.10349929  0.85875374  1.25418031  1.27927649  0.83418775
   0.74239618  1.26734364  1.18983257  0.90574408  0.28534606  0.81754321
   1.35623825  1.4816339   1.31079733  0.57657731  1.82090497  0.95714074
   0.92177355  2.16818953  1.79480815  0.65379167  2.74577022  0.97931528
   1.29747748  1.64275086  0.70271379  1.41043448  1.3666836   1.49474728
   1.10819626  1.72811997  0.88258082  1.08843815  1.19846117  1.51284337
   0.23204005  1.42988026  1.10209584  0.34764937  2.20116544  1.54334807
   1.06213808  2.66046906  1.59481943  1.39440751  0.71879345  0.97617799
   1.87655771  0.83845001  0.89144498  0.91751409  0.88294935  0.78776491
   0.75488776  1.06835949  1.16033185  1.88747633  0.827227    0.63730562
   1.09975469  1.11307573  1.11396086  1.6507144   1.13314807  1.17463994
   0.83541036  1.13466477  0.53983933  1.92088616  0.88411152  1.86497307
   1.25095797  1.10894334  3.57796192  0.98436898  1.18547571  2.70138812
   0.8750295   0.77554399  1.45236444  1.50040376  1.19695032  1.64918172
   0.75743753  1.12770534  0.80604804  0.88562644  0.22731437  0.91150039
   2.75608587  0.6404472   0.06894934  1.62155044  0.67284161  0.7115736
   1.51124394  1.33832371  0.60999942  1.26604307  1.38090873  1.68188035
   2.5302701   1.39783132  1.17842281  1.33071685  1.71793413  0.96670067
   1.94655323  1.30678868  0.49319693  1.72718728  0.95739836  0.95464176
   1.54487789  0.821787    1.48700845  2.99566269  2.83037257  2.38950229
   1.5009762   1.47371459  0.70806694  0.68380451  1.3202455   1.27170134
   1.43334639  1.67033494  0.26196662  1.20426154  1.30038083  0.76230782
   0.29071721  0.4357768   1.93070781  1.05223191  1.52039909  0.48045695
   0.33706567  1.74509251  1.46753037  1.39686334  1.28652394  0.86856294
   3.16476154  1.16614771  0.89646596  1.169397    1.2395606   1.63083458
   1.278965    1.13451767  0.94429755  0.51583517  2.02823329  0.45979536
   1.95822608  1.44196796  0.86127347  0.69224453  1.13559365  0.51569492
   0.83968073  3.04168606 -0.06642758  0.8302592   0.86672091  1.54967594
   0.43072385  1.23875022  0.50703907  1.15364373  1.34143841  1.08427763
   0.22665824  3.92398381  1.70212317  1.70556796  1.39966822  1.10845888
   1.02048612  1.23289227  1.73695219  1.32688475  1.02012789  0.85940981
   1.39796376  0.49638721  0.9901157   1.58051395  1.32410204  1.10376072
   1.10086548  1.57350492  1.06551433  1.78450477  0.91363961  1.20982993
   0.67477804  0.6310696   1.14248419  1.59778202  0.82958603  2.67996502
   1.6240766   1.77552509  0.55786306  1.01450932  0.82843238  1.01210761
   0.95868874  0.61402589  1.54405785  0.97713327  0.54618794  1.48380566
   0.75003999  0.39874014  1.18836498  1.35826254  2.10489488  1.66602528
   1.4740864   1.24319088  1.19382632  1.81632698  0.61211777  1.26726687
   1.11975896  0.94822133  1.02831781  1.17130494  1.76498687  0.3471382
   1.13892412  0.86743182  1.76396024  0.84164059  1.41769111  1.12781703
   1.38736427  0.96047139  0.54003114  1.33218122  1.25027549  1.19046056
   1.65821564  1.20078218  2.07009244  1.067801   -0.03106946  1.43457425
   1.00013685  1.3812896   0.5349021   1.13438356  2.66986775  1.20540237
   1.70544434  0.74673003  1.80991697  1.78316152  0.99620402  1.13851213
   1.06127286  1.84474933  0.71197271  2.12599206  1.85953748  1.02953148
   1.61865938  1.2691505   1.69616473  0.04737646  1.03903997  1.55367732
   0.67019606  1.24938118  1.77977514  1.96693349  1.3993578   0.84415704
   0.62957507  1.71078694  1.36010802  1.14742458  1.84441936  1.53388226
   1.14056611  0.38594469  0.63533419  1.05713797  0.95349097  0.87366498
   1.75420618  1.19223857  1.46303368  2.3888998   0.58048129  2.23524022
   1.09169638  0.90769589  1.57279396  0.78144306  1.57498956  0.80905622
   1.47687757  0.59726715  1.30063748  1.97287953  1.59749818  0.57101983
   1.38773477  1.19754338  0.86379659  0.79764342  1.02826285  1.45143139
   0.4594743   1.88968194  0.91239887  0.80478698  1.46893167  1.57833302
   1.226753    2.33025908  2.06361389  2.40074682  1.61294103  1.36745846
   1.16495979  2.2376256   1.40431094  1.04598904  1.05634701  1.25566554
   1.6805898  -0.02244576  0.97277421  0.49399963  0.73857325  0.89248151
   1.71380019  1.17968285  1.146855    1.52342236  0.96808296  1.06097496
   1.08716214  1.33641565  0.93378896  0.13200599  1.5659703   0.97070175
   1.47946858  0.70193988
