 0.86178482  2.13191867  1.501459    0.99628973  1.79618263  0.86617249
   0.71643776  2.29130721  0.86632347  0.74932152  2.09357047  1.25957024
   1.21962881  0.09043203  1.55959189  0.09628674  2.03827     0.55190396
   1.16680145  1.05497968  1.57131314  1.05746269  0.97933197  2.04139185
   1.62485027  0.99604297  0.81985271  2.94385886  4.02591991  1.72607934
   1.53817928  1.24577105  1.84969997  0.80456787  1.40989411  1.26140761
   0.89473218  0.89397943  1.05025446  1.96080911  0.18276432  0.48908544
   0.41807452  0.50955105  0.57795429  1.35317457  1.33061695  1.15209341
   1.07189035  1.37066925  1.51444054  2.68893909  0.69959301  1.47495961
   1.65393662  1.85214674  0.94191784  1.09583461  1.52139246  0.79275805
   1.40948868  1.5677439   1.21039224  0.83206844  0.60249424 -0.00688964
   1.04648197  0.89823967  1.23780406  2.02215981  1.6612401   1.28032804
   1.3777653   0.31368151  0.67128688  1.02081084  0.86023623  2.46321726
   1.6001358   1.26930773  1.07987857  0.9445321   1.17471611  1.86831796
   1.01270616  1.79378366  0.7627697   1.25188303  1.26408148  0.50549603
   1.08462572  1.57545102  0.93447357  1.03546071  1.64205396  0.12011999
   0.7630282   1.25988758  0.81510848  1.23625612  2.06420636  1.09780824
   1.58290219  0.32152593  2.49813175  2.63123584  1.75918877  1.03941047
   1.06824982  2.28080106  2.89973879  0.88249016  2.52697587  1.59855163
   1.72696507  0.58476722  2.86235523  1.77907193  1.78817582  0.7846244
   1.06293654  2.15401673  1.73776412  1.90465271  0.83883911  0.99243027
   1.87670374  1.53265369 -0.00631581  0.83995277  0.70959669  2.04914045
   1.1499784   2.46331382  1.71312702  0.93753898  1.10419142  0.08707948
   1.63798833  1.50373328  0.91662955  0.75318336  2.13048887  2.03786588
   1.16522884  0.99244827  2.0739634   0.91682315  1.85941684  1.46449447
   1.92904079  1.9185673   1.40930223  1.47655368  1.35224485  0.99352497
   2.58029532  1.32208133  0.79778224  1.49767768  1.75789225  0.90617365
   0.92503244  1.22554374  1.03915715  0.84452885  0.38644549  1.84063196
   1.32722795  1.88835001  1.3228842   0.52352256  2.17961407  1.33006477
   0.81193     2.44066715  1.85672927  1.17556274  2.46515799  0.95690799
   2.1450181   2.95767999  1.04713368  1.94807041  1.7257421   1.99342608
   2.33533955  2.42225766  0.70314032  0.98647249  2.01245379  2.03973556
   0.75000441  0.99852747  1.11992908  0.97566706  2.54887462  2.02671885
   0.71204811  2.90105581  2.15353322  1.02497172  0.51391971  1.24728405
   2.24388647  1.09784329  0.95720196  0.69418532  0.8792209   0.69931173
   0.53052008  1.43671095  0.92100054  2.08878565  1.53644931  0.73148715
   1.23086715  0.81164831  0.91793966  2.29843283  1.05606067  1.19411099
   0.15123075  1.16589892  0.85938835  2.61019945  1.18125367  1.88003385
   1.60390604  1.07558858  4.50364113  1.4681052   1.87622237  2.7079618
   0.65328372  0.64452147  1.93727291  1.29951322  0.54204684  1.52622306
   1.33682275  1.23384249  0.75099188  0.9342199   0.47538525  0.91373813
   4.08076763  0.59302628  0.18930742  1.65970695  0.57813507  0.99146938
   1.2967397   1.59791994  1.12393785  1.29411781  1.42840183  1.38267255
   2.85526657  1.96138227  1.32234144  1.83305681  1.70363855  0.59926516
   2.3458972   1.32358027  0.88070452  1.97691977  1.00986409  0.98329359
   1.54450595  1.70677018  1.67962527  2.91086674  2.77262807  3.20097089
   1.30339789  2.00074768  0.57305479  0.99504596  1.43967485  1.27470016
   1.08657563  1.4976759   0.4559952   2.17415619  2.18691492  0.77636725
   0.92723393  0.24707985  2.23797584  0.42692637  1.78872859  0.62013251
   0.50682968  2.15251017  2.05090284  1.99170184  1.53316367  1.37525141
   3.30382943  1.48806643  0.98002923  1.15232706  1.25126183  1.53868222
   1.29097569  1.04494154  1.67428458  1.32779717  1.59928048  1.29506934
   1.44650614  1.36580098  1.1557548   0.33657354  1.29469347  0.74548346
   1.81460488  3.36147141 -0.06652375  0.99699169  0.96197182  3.08509517
   0.40518168  1.19451582  0.62514126  1.24706888  1.34366059  0.75785846
   0.24734162  3.60764503  2.02178144  1.90870297  2.29241872  1.05397439
   1.27209008  1.81705022  1.22260439  1.65658665  0.94539684  0.26706076
   1.83090878  1.14118254  0.80229712  1.02005792  2.31936121  1.04093599
   1.64546752  2.41572094  0.76766586  1.33939528  0.99268883  1.43813014
   0.62780023  1.32148492  0.98200351  1.86516547  1.34066272  2.49601817
   1.31328106  2.08063054  0.55563277  0.23007447  1.30349946  1.11478579
   1.16953814  1.47261536  2.41564941  1.60984874  1.12239075  1.58988976
   0.73912442  1.68361461  1.07554221  1.26545882  2.5205915   1.96132767
   1.201599    1.27764022  1.14856839  1.9161166   1.1018188   1.30898893
   1.32251573  1.04375672  1.17579234  1.09547555  1.33810282  0.04783792
   1.12098122  1.80373502  2.09807849  1.38979101  1.69212592  0.89201945
   1.75477564  1.1950016   0.73750299  1.78387153  1.11805773  0.87781203
   1.67203128  1.09143043  2.20845699  1.47495985 -0.04509222  1.57631397
   1.55842483  0.79757565  1.29061568  1.05759549  2.36305404  1.76969457
   2.60045576  1.16862619  2.13017058  1.7782197   1.58431721  1.04822683
   1.16228211  2.15889454  1.65277183  1.93339849  1.95960522  0.86451298
   1.41082346  1.64958441  1.38607883  0.42744464  1.39799917  1.61535764
   0.94583857  1.62523568  1.23775339  1.69092166  1.30647719  0.97896892
   0.5359714   1.64304781  1.52850986  1.69530833  1.84942079  1.37937629
   1.47808099  0.79384732  0.76581562  1.42394686  0.91383052  0.84800839
   1.93734181  1.1616838   0.87506211  2.89162135  1.71940231  1.71544743
   1.78775334  0.75229043  1.4895196   0.78659379  2.32375216  0.94087964
   2.40819359  1.38741434  1.18436742  1.40530348  1.40470958  0.63765258
   2.3503406   1.75979912  0.27939674  1.02013063  1.34533727  1.81701565
   1.44722414  1.9615159   0.89050055  0.37922183  1.65836048  1.98246109
   0.77238643  1.58730447  2.34899306  2.94836807  1.78396201  2.40616703
   0.4271068   1.97953653  0.95173961  1.18627191  1.97488701  1.11243415
   1.69768131 -0.0725918   1.13672936  0.74460149  0.82005262  1.11992478
   1.68309116  1.22222042  1.96817505  1.10331118  1.39307868  1.2268616
   1.54353952  1.41763008  0.72753507  1.42054939  2.50906944  0.95255691
   1.59405375  0.68992025
