 0.25102216  2.78749108  1.33047867  1.05781722  1.59934437  0.88386816
   0.91936803  2.24072099  1.02557123  1.03062379  1.45779634  1.57909787
   1.10717916 -0.00641657  1.94256055  0.51665688  1.48620379  0.40348899
   1.56565368  1.09898841  1.71988153  1.11798024  0.9095571   2.02875566
   1.49098802  1.08350682  1.3676666   2.73825717  3.63265467  0.75648665
   1.50691509  1.46103156  1.84296441  1.20400596  1.48736978  1.01329505
   1.22749925  1.07662022  0.82552433  1.44813669  0.59303254  0.69953227
   0.83783114  0.64798486  0.54247469  1.05239463  0.89672506  1.09437394
   0.96939164  0.97054529  1.25786471  2.71931291  0.77786744  0.9737457
   1.65811729  1.7335583   0.79886758  1.17455578  1.89447308  0.84098357
   1.32449389  1.80999684  1.26740658  0.91563451  0.97827446  0.56587046
   1.07076359  1.00030911  0.44912243  1.41119444  1.38397729  1.28826714
   1.81273675  0.48137647  0.80346161  1.07899296  1.57743514  2.58104229
   1.76952374  1.6108135   1.18838799  0.83509415  1.12198544  1.83586907
   1.30793726  1.53517449  0.49647033  1.60550702  1.20760405  0.45263043
   1.49169326  1.46402538  0.64476126  0.88764811  1.51567876  1.03147519
   0.47095281  1.20914519  0.47686049  1.63821888  1.35901403  1.18200719
   1.13506544 -0.07861231  1.53442514  1.63216579  1.86015534  1.68570387
   1.21901762  2.06374145  3.5099566   0.79794812  2.06988025  1.52720487
   1.80022562  1.1197257   1.33773851  1.35658634  1.94256663  1.02756441
   0.71468741  2.15226364  2.38705897  0.88936061  1.10122406  1.36601484
   0.99289715  1.09780884 -0.01294408  0.83153009  0.90364414  1.87071478
   1.18206978  1.96777153  1.60693967  1.21133149  0.90753603  1.17754245
   1.22347236  0.98766005  0.84464437  0.88844419  1.44115496  2.24847031
   0.67735237  1.16120565  1.87647653  0.86520809  2.07307863  0.61038572
   1.80402863  1.5399611   0.92034292  1.82663262  0.48450223  1.14691222
   2.30930328  1.67008317  0.86322749  1.60119736  1.12428451  0.74727851
   0.57907057  1.24802065  1.28010237  0.92461312  0.11554045  2.26148009
   1.25423014  1.82333088  1.0204159   0.5650695   1.71402109  1.33996153
   1.21003294  1.976336    1.92667985  1.41126645  2.71355677  0.74651557
   1.69184887  3.09735942  0.77970046  1.53211105  1.4857589   2.01256847
   1.65937841  2.12981534  0.69748741  1.01656377  1.21352375  1.66655564
   0.53639245  1.2563566   1.14817047  0.54520053  2.15866709  1.90659821
   0.88689148  2.79042101  1.65864754  1.3782984   0.45921767  1.07079971
   2.60142612  0.87693036  1.54602158  0.68245769  0.78293628  0.50806224
   0.29025096  1.204584    0.87719852  2.01962304  1.02017307  0.71717745
   1.53896081  0.69293314  1.17596459  1.77201867  1.07882094  1.29078317
   0.98660737  1.04986799  0.78637093  1.81572843  0.72504115  1.79475439
   1.25885987  0.95947355  3.68942833  1.17322767  1.83826053  2.44344473
   1.0305301   0.84544116  1.81509507  1.19904089  0.89368027  1.59316051
   1.68219769  1.23730493  0.66489542  1.36976051  0.44144952  1.47969341
   2.81313562  0.54969949  0.33781311  1.55266023  0.75363892  1.02643812
   1.33068097  1.66432095  1.31345594  1.32754576  1.37680185  1.14645934
   2.28355742  1.79355013  1.24216795  1.57154536  1.70432055  1.17805278
   1.3537575   0.90922719  0.48279217  2.05606747  0.81176168  1.13236928
   1.47648549  2.43478012  1.52241015  2.94552636  2.57262897  2.40213895
   0.97291386  1.96288407  0.53596973  1.70178878  1.28436732  1.35188234
   0.68753868  1.23657131  0.86504883  1.98649347  2.08961177  0.89343911
   1.08237648  0.76390219  1.65839434  0.86416882  0.99476886  0.75989318
   0.4915399   1.83310604  2.14980149  1.44727933  1.32004929  1.67086971
   3.38140368  1.00175405  1.0946455   1.15009356  0.96603823  1.50695014
   1.3151077   0.95943576  1.6186173   0.96261311  1.94206607  0.6025207
   1.14905059  1.44351804  1.20833743  0.5209378   0.84472615  0.5473786
   1.41040254  2.87083602 -0.04910408  1.18318939  0.93272388  1.78230655
   0.40538415  0.77386016  0.54384816  1.12059546  2.11516976  0.68231732
   0.22323073  3.29093695  2.35802865  2.07403064  2.29090357  1.27327394
   1.08302832  0.95474702  1.2312398   1.5572108   0.92786133  0.80071658
   1.5433929   1.05527937  0.82757068  1.81024659  1.52793574  1.45391822
   1.12328017  2.07982731  1.12586999  1.66270101  0.6230402   1.75119162
   0.80744165  1.15219784  1.08372104  1.91687524  0.66231197  2.03365922
   1.53458989  2.16628528  0.7087062   0.84785807  1.80881488  0.97663075
   1.35166454  1.03251517  1.58504605  0.6441099   0.78327239  1.53540611
   0.67402774  1.08621836  0.76546693  0.96152347  2.91458893  1.49958885
   1.0378691   1.36249697  0.94214636  1.62049389  0.93383574  1.34581947
   1.28034437  1.06620324  1.05974019  1.17205453  1.50139177  0.91047418
   1.08078599  1.95595264  2.00104666  1.19042873  1.55465662  1.01616204
   1.5028646   1.202021    0.86188859  1.38733745  1.48988581  1.64392698
   1.54463422  1.50733531  0.79475415  1.22900605 -0.09100635  1.47530925
   1.77681816  0.80649585  0.99610627  1.3283006   2.86870909  1.09352958
   2.06501842  1.19742143  1.81984508  2.13940811  1.23236072  0.93538594
   1.86711097  2.10780954  1.45108807  2.1664598   1.87363911  0.91805804
   1.77584851  1.39243972  1.18816781  0.6552344   1.45198119  1.83922255
   2.10891843  1.30151772  1.34939587  2.40415502  1.47676659  0.84688389
   0.70332211  1.16337693  1.66843522  1.0106591   1.27261519  1.49668932
   1.09067249  1.00764215  1.20849383  0.84119618  0.991642    0.95792186
   1.83003175  0.83819234  1.194749    3.1486702   1.40416276  1.63207793
   1.14874351  0.88527274  1.43946922  0.78565162  2.41935182  0.77147835
   2.25517893  1.21551037  1.06119847  2.53489709  1.2344743   0.72984236
   1.89901829  1.4381882   0.82676899  0.67367631  0.81853324  1.27881515
   0.92417926  2.04490447  1.41820252  0.77240163  1.28171945  1.73607266
   0.71986628  1.08872783  2.2302475   2.46789837  2.37310719  1.55886626
   0.65035045  2.09092355  1.88775909  1.23652637  0.82941961  0.52754921
   1.59230697 -0.06218449  1.05796206  0.76640171  1.16765249  1.08145571
   1.73951447  1.11722684  2.23277235  0.68339485  1.57575309  1.05792701
   1.33018816  1.59256256  0.60021847  0.67198348  1.93751073  1.33746719
   1.33951187  0.73156857
