  3.70675355e-01   1.54942536e+00   1.49198282e+00   1.13455665e+00
    1.26266694e+00   8.15828264e-01   3.09411824e-01   1.56805348e+00
    7.20551491e-01   1.30482173e+00   1.15387166e+00   1.54527271e+00
    1.37597811e+00  -5.38682342e-02   1.25092983e+00   7.58559167e-01
    1.63443077e+00   4.73138690e-01   1.68908262e+00   1.03824067e+00
    1.78010249e+00   1.15520525e+00   1.23930979e+00   1.56040478e+00
    1.81026316e+00   1.61452031e+00   1.68891275e+00   2.45238972e+00
    3.31277299e+00   1.19040251e+00   1.25691938e+00   1.31239283e+00
    1.35042739e+00   6.91542327e-01   1.96552217e+00   1.74727511e+00
    1.60504043e+00   1.49389589e+00   1.74586248e+00   9.62364435e-01
    3.50962043e-01   4.75591451e-01   4.59357291e-01   4.46697742e-01
    5.60233533e-01   8.16431522e-01   1.08595598e+00   1.26449680e+00
    7.76443362e-01   1.40094674e+00   1.33604658e+00   2.25807452e+00
    6.31340206e-01   1.10013556e+00   1.98241317e+00   1.60141718e+00
    7.74702966e-01   1.75909209e+00   1.69450057e+00   1.10411191e+00
    1.30629539e+00   1.57947469e+00   1.33893526e+00   8.74479592e-01
    2.42866898e+00   4.32715416e-01   1.05690408e+00   9.99920368e-01
    9.16322589e-01   2.43055630e+00   1.60528684e+00   1.41082561e+00
    1.86690307e+00   1.65187523e-01   3.96260649e-01   7.42859602e-01
    3.99225771e-01   2.45023751e+00   1.41221297e+00   1.73509443e+00
    1.09965825e+00   8.49690795e-01   9.72108245e-01   1.24386811e+00
    1.13832092e+00   1.45107865e+00   8.93183589e-01   1.93303978e+00
    1.11679685e+00   5.16621947e-01   1.49005008e+00   1.76244140e+00
    1.26126015e+00   8.22382867e-01   1.75666833e+00   8.96649003e-01
    7.04957008e-01   1.51669228e+00   9.10198331e-01   1.42786682e+00
    1.63942647e+00   1.13090539e+00   1.44769490e+00   5.41684210e-01
    2.95407343e+00   1.82831109e+00   1.53908801e+00   2.33570266e+00
    7.73713052e-01   2.56489801e+00   2.13610053e+00   1.50742424e+00
    2.10498810e+00   1.33562398e+00   1.17778432e+00   9.51105475e-01
    1.98673654e+00   2.03256893e+00   1.54734886e+00   1.16955781e+00
    8.75713110e-01   2.10765743e+00   2.26613927e+00   1.01421428e+00
    1.44734812e+00   2.08677673e+00   2.22947383e+00   2.60336399e+00
   -1.24659734e-02   7.98513532e-01   8.03363264e-01   1.55666614e+00
    1.95987582e+00   2.09295988e+00   1.68916380e+00   1.38048410e+00
    1.02744329e+00   3.26236904e-01   1.08039868e+00   1.11674881e+00
    5.12541711e-01   1.55810201e+00   1.25874424e+00   1.96550202e+00
    1.84947610e+00   1.30084538e+00   2.46463561e+00   7.95547009e-01
    2.02064323e+00  -3.65085388e-03   1.87230968e+00   1.76539218e+00
    1.34822237e+00   2.01266026e+00   5.16052961e-01   1.44983399e+00
    1.64405084e+00   1.15039778e+00   7.85661459e-01   2.14929175e+00
    1.15347183e+00   9.82704163e-01   5.08231401e-01   9.53441501e-01
    1.38230276e+00   1.05004215e+00  -1.70276146e-02   1.21601880e+00
    2.25498438e+00   2.50434422e+00   7.43910372e-01   4.68878984e-01
    2.30740166e+00   1.20419025e+00   1.28525031e+00   2.27991533e+00
    1.99130154e+00   9.13275659e-01   3.10682583e+00   1.06616783e+00
    1.42567754e+00   3.02499056e+00   9.27461863e-01   1.65638459e+00
    6.86627507e-01   2.02686501e+00   2.68851542e+00   1.95047414e+00
    7.58747578e-01   9.57923293e-01   1.00308824e+00   3.07153177e+00
    3.94382358e-01   9.81193423e-01   1.37976491e+00   1.14121103e+00
    1.87833059e+00   1.86706173e+00   8.54725063e-01   2.82820249e+00
    2.32933283e+00   1.16794002e+00   5.15576780e-01   1.04595387e+00
    1.36676478e+00   1.69174552e+00   5.34219384e-01   7.20430732e-01
    1.41235220e+00   8.66435230e-01   9.32532430e-01   1.35258353e+00
    9.60869610e-01   2.00545144e+00   1.22728562e+00   1.04708135e+00
    1.65396631e+00   7.48157561e-01   2.43450433e-01   2.05032420e+00
    1.37235057e+00   1.25509727e+00   1.54080164e+00   1.15442228e+00
    1.15211940e+00   2.20860076e+00   1.07122445e+00   1.54125679e+00
    1.14077389e+00   9.36067522e-01   2.48264146e+00   1.08828318e+00
    2.15983486e+00   1.33588004e+00   1.27192819e+00   1.04859281e+00
    1.94448292e+00   9.68047380e-01   6.86433315e-01   1.57693577e+00
    1.33223438e+00   1.37539089e+00   6.28779292e-01   1.74746573e+00
    6.24361753e-01   9.66906428e-01   2.42705059e+00   1.54382277e+00
   -2.93746451e-03   1.69339669e+00   3.84948075e-01   4.86784905e-01
    1.99744320e+00   1.82209039e+00   1.02328062e+00   9.04361069e-01
    1.52135444e+00   1.06756306e+00   2.32587051e+00   2.68982959e+00
    1.20542908e+00   1.55085266e+00   1.72436821e+00   9.65381145e-01
    1.03003788e+00   5.15356421e-01   6.08793020e-01   9.62038577e-01
    9.54107285e-01   6.69304490e-01   1.90030491e+00   2.83624911e+00
    1.36355400e+00   1.96350491e+00   1.31763017e+00   3.28601122e+00
    9.24472690e-01   1.93843925e+00   5.21851242e-01   1.50297189e+00
    1.86268055e+00   1.14909112e+00   1.08058012e+00   1.51782131e+00
    1.09985566e+00   1.66251898e+00   2.19123006e+00   1.32103956e+00
    8.40597630e-01   6.51127398e-01   1.18181002e+00   1.65275550e+00
    9.90586460e-01   9.58258569e-01   1.40219986e+00   1.87200809e+00
    1.78034365e+00   1.31357837e+00   1.68706799e+00   2.23962259e+00
    2.06704736e+00   9.08794045e-01   1.09359264e+00   1.25701380e+00
    1.23559117e+00   1.64972746e+00   9.01825547e-01   1.04842067e+00
    1.34747255e+00   2.43088818e+00   2.25253868e+00   5.29014289e-01
    7.19954610e-01   1.22141182e+00   1.60116315e+00   1.07019854e+00
    6.30217314e-01   7.29969382e-01   1.42285860e+00   2.42456770e+00
   -5.52825816e-02   1.16393316e+00   1.09705102e+00   2.97543907e+00
    4.22459453e-01   1.12706137e+00   4.83771861e-01   1.15695822e+00
    1.78704810e+00   5.82504392e-01   7.09799707e-01   2.27757168e+00
    1.78719723e+00   1.99973595e+00   1.51420081e+00   4.29736882e-01
    1.25372791e+00   1.76146674e+00   1.38305318e+00   2.73793030e+00
    1.05759406e+00  -2.78690811e-02   1.30426300e+00   4.87297237e-01
    1.11249220e+00   1.36068821e+00   1.71543729e+00   6.90440536e-01
    1.47530329e+00   2.13143849e+00   1.15568817e+00   1.31893981e+00
    1.07636011e+00   1.50417638e+00   1.27024949e+00   1.43516493e+00
    1.38764870e+00   1.86695993e+00   1.45891762e+00   1.90473270e+00
    1.64141273e+00   1.32968175e+00   3.40914190e-01   1.01335371e+00
    1.62847865e+00   1.03681171e+00   1.36447418e+00   1.61357510e+00
    9.47223127e-01   1.34882605e+00   9.10940170e-01   1.56278455e+00
    7.10983753e-01   1.47768867e+00   1.22107530e+00   1.17989564e+00
    2.25778222e+00   1.77398658e+00   1.34533703e+00   7.42856622e-01
    1.58172929e+00   1.69896793e+00   1.52262068e+00   1.66134155e+00
    1.32940829e+00   1.31880915e+00   9.36722636e-01   7.49652922e-01
    1.55414426e+00  -4.47703041e-02   8.41321826e-01   1.11125004e+00
    1.08275950e+00   1.83034444e+00   1.96858597e+00   9.84832823e-01
    1.11413717e+00   1.23498261e+00   8.04365933e-01   1.12260687e+00
    1.67369580e+00   1.02133262e+00   1.62864971e+00   1.96325016e+00
    7.54010081e-01   1.07876670e+00   4.18020755e-01   1.01655877e+00
    1.31762636e+00   1.12476897e+00   7.83315539e-01   1.23075163e+00
    2.95161462e+00   1.10960186e+00   3.00755239e+00   1.06765711e+00
    1.73071980e+00   1.74844122e+00   1.84651792e+00   1.27122808e+00
    1.49027503e+00   1.77381849e+00   1.48887789e+00   1.96274722e+00
    2.09909081e+00   7.25267708e-01   1.32602453e+00   1.46967781e+00
    1.88247943e+00   8.55866432e-01   1.65798604e+00   1.51133180e+00
    1.37245882e+00   4.71659154e-01   9.99689341e-01   2.15702248e+00
    1.74765933e+00   6.53525651e-01   6.12894654e-01   2.28069615e+00
    1.88599980e+00   1.28937316e+00   1.29002988e+00   1.74844205e+00
    1.21740234e+00   4.96012926e-01   1.21608472e+00   1.13161874e+00
    1.00281930e+00   1.09112751e+00   1.74720073e+00   1.50526893e+00
    1.31665814e+00   3.59017873e+00   1.75294769e+00   1.77078068e+00
    9.28093195e-01   5.33059180e-01   1.04101944e+00   8.64941895e-01
    2.29262447e+00   6.55737698e-01   1.62565804e+00   9.62718546e-01
    5.76774359e-01   1.13536119e+00   1.28102171e+00   9.79362130e-01
    1.19897604e+00   1.33733535e+00   6.39144242e-01   7.80094683e-01
    1.78513062e+00   8.66229117e-01   9.47854042e-01   1.82557428e+00
    1.51433492e+00   2.34773725e-01   1.31835270e+00   2.40801048e+00
    1.06038308e+00   1.30925810e+00   1.87844098e+00   1.88250351e+00
    1.20760441e+00   1.18456626e+00   8.10984075e-01   2.09387231e+00
    1.14216709e+00   1.43932879e+00   1.86331618e+00   5.58137357e-01
    1.45535004e+00   4.88022804e-01   1.24162793e+00   1.00341403e+00
    8.22381854e-01   1.05325830e+00   1.73012650e+00   1.44083273e+00
    1.91355586e+00   9.19123173e-01   1.43646204e+00   9.70117152e-01
    9.69052315e-01   1.43514192e+00   9.50294197e-01   9.73367274e-01
    2.07209253e+00   6.38777196e-01   1.29880321e+00   1.24312115e+00
