  3.23297232e-01   1.20568871e+00   1.61188459e+00   9.13379967e-01
    1.42745113e+00   1.07176864e+00   2.05715686e-01   1.40870833e+00
    1.14824104e+00   1.14560580e+00   1.03605831e+00   1.46754491e+00
    9.28521633e-01  -1.53523730e-02   5.99792778e-01   1.08756697e+00
    1.36640203e+00   4.49291974e-01   1.32849789e+00   9.85351205e-01
    1.08754313e+00   1.10532236e+00   1.18995738e+00   7.94762433e-01
    1.95534420e+00   1.70443058e+00   7.35959709e-01   1.49448955e+00
    1.68399060e+00   1.04314494e+00   1.15631652e+00   1.55178583e+00
    2.16982365e+00   9.77844477e-01   2.60579085e+00   1.44564342e+00
    7.73436546e-01   9.99060810e-01   1.50184143e+00   1.45375204e+00
    5.73806465e-01   3.44068080e-01   8.36293697e-01   7.08257616e-01
    5.62891543e-01   1.42574263e+00   1.02084684e+00   8.82692993e-01
    1.18705153e+00   1.89861727e+00   1.48860812e+00   1.82058144e+00
    1.03086948e+00   9.37145233e-01   2.30512762e+00   1.71430397e+00
    1.03536034e+00   1.17253160e+00   2.17759871e+00   7.20777392e-01
    1.26677752e+00   9.85049725e-01   1.30488491e+00   1.01039028e+00
    2.16003323e+00   7.94553816e-01   1.03308058e+00   8.79018068e-01
    2.28411055e+00   2.83152032e+00   1.56782246e+00   1.48800516e+00
    2.18799949e+00  -1.50998041e-01  -3.78358066e-02   9.12998796e-01
    2.80221790e-01   1.55281115e+00   1.00224555e+00   1.75298715e+00
    1.43769491e+00   1.00275600e+00   9.26870644e-01   7.16120958e-01
    1.18036425e+00   1.94288504e+00   6.37741089e-01   1.85920572e+00
    1.22341442e+00   7.43198514e-01   2.04428911e+00   9.06532824e-01
    2.22144818e+00   7.61540711e-01   8.54458749e-01   1.97573447e+00
    6.06022954e-01   1.24423468e+00   5.56163311e-01   1.41007471e+00
    1.75792193e+00   1.18647540e+00   7.18817651e-01  -1.52068781e-02
    1.99396753e+00   1.78028047e+00   1.28171051e+00   2.67162347e+00
    9.52697694e-01   1.69693458e+00   2.18932533e+00   1.36358738e+00
    1.51145601e+00   9.64885712e-01   5.72962403e-01   8.52288544e-01
    1.39768362e+00   1.80907047e+00   1.89486980e+00   1.00247693e+00
    1.11207056e+00   2.50869751e+00   2.53822446e+00   7.92673886e-01
    1.51076698e+00   1.77884543e+00   2.00405836e+00   3.40198660e+00
   -5.70827536e-02   7.64942288e-01   8.95305097e-01   9.83515203e-01
    9.74007249e-01   2.07935882e+00   1.76245320e+00   2.17572403e+00
    7.28990257e-01   2.32452586e-01   5.00834823e-01   1.02411759e+00
    9.30845857e-01   1.17829645e+00   1.15987778e+00   1.50931883e+00
    1.51085114e+00   1.08958685e+00   1.25129747e+00   5.70822954e-01
    1.73374617e+00  -2.96533462e-02   2.30671501e+00   7.96344757e-01
    2.07654691e+00   1.73060751e+00   1.33768931e-01   1.31675732e+00
    1.18133163e+00   1.16409004e+00   6.13340259e-01   1.93264687e+00
    1.92874658e+00   1.34172022e+00   7.12284982e-01   9.98431027e-01
    1.15066683e+00   9.77337122e-01  -1.11203425e-01   1.50632870e+00
    1.91029990e+00   2.39518666e+00   7.41179407e-01   5.32928050e-01
    1.49985576e+00   1.25323164e+00   1.23474526e+00   2.21146679e+00
    1.94229245e+00   2.02621555e+00   3.78494287e+00   1.08787894e+00
   -1.30478563e-02   2.87457776e+00   8.56558740e-01   1.47978842e+00
    7.95377076e-01   1.51794887e+00   2.12197423e+00   1.67370200e+00
    4.50880349e-01   1.24132574e+00   1.21415091e+00   2.24701095e+00
    9.12263036e-01   1.06032193e+00   2.78877258e+00   1.65603548e-01
    1.09269035e+00   1.21808958e+00   8.09496522e-01   2.25509620e+00
    1.14001048e+00   2.21507502e+00   2.09340021e-01   1.22310150e+00
    9.71387804e-01   1.03561425e+00   7.05688894e-01   1.36862016e+00
    8.75386953e-01   3.87085438e-01   6.20833337e-01   1.10191369e+00
    7.79124379e-01   1.07245660e+00   9.05294657e-01   9.18907106e-01
    1.20056522e+00   9.53388870e-01   2.18826950e-01   2.00858116e+00
    1.91535187e+00   1.44624722e+00   1.12643147e+00   9.90514636e-01
    5.48945010e-01   1.38823175e+00   8.01771641e-01   1.74081874e+00
    8.91493618e-01   7.45795667e-01   1.32442880e+00   8.49765003e-01
    1.29999936e+00   1.65776813e+00   1.54448664e+00   2.14842701e+00
    1.77996337e+00   1.24422371e+00   6.65680349e-01   2.01408148e+00
    1.07832098e+00   1.65262902e+00   6.65715933e-01   1.56222272e+00
   -9.01458319e-03   1.42287254e+00   3.03634858e+00   9.14946735e-01
   -7.18959272e-02   1.65804994e+00   7.24239945e-01   1.29764211e+00
    1.93527138e+00   1.84337997e+00   3.07890098e-03   2.12321639e+00
    1.27982688e+00   1.06217575e+00   1.59487116e+00   2.61523032e+00
    1.30354440e+00   1.02931571e+00   1.79373586e+00   6.84742749e-01
    2.07367778e+00   7.85865426e-01   1.14087081e+00   1.22213662e+00
    9.03162658e-01   1.03150105e+00   1.58139443e+00   1.84744215e+00
    1.37981248e+00   1.19149780e+00   1.44330192e+00   3.06272197e+00
    1.29302955e+00   1.91400397e+00   6.73116684e-01   1.48355019e+00
    1.98230088e+00   8.86359155e-01   1.39773560e+00   1.30052173e+00
    2.24556759e-01   1.03157473e+00   2.32430506e+00   1.03652751e+00
    9.84610438e-01  -8.17278214e-03   2.00209808e+00   1.30550575e+00
    1.68065834e+00   1.32123232e+00   4.08665836e-01   1.58859897e+00
    2.22377896e+00   1.46851671e+00   4.39817578e-01   1.89084899e+00
    5.70688128e-01   9.16000247e-01   1.32657397e+00   1.81300020e+00
    1.54422355e+00   2.11579704e+00   7.01359808e-01   1.07908368e+00
    1.16060114e+00   7.33002067e-01   1.03911769e+00   4.40953344e-01
   -2.68112272e-02   1.03557551e+00   9.94140923e-01   1.18779898e+00
    1.10375655e+00   5.95971406e-01   1.48308706e+00   1.54338348e+00
   -1.14273153e-01   1.31079507e+00   6.98191285e-01   4.07099342e+00
    5.63236475e-01   1.57054281e+00   3.59921843e-01   9.72427547e-01
    1.99704814e+00   1.06467474e+00   7.24662483e-01   7.79199660e-01
    9.03768182e-01   1.70581675e+00   1.19597816e+00   6.24345183e-01
    1.32014990e+00   1.72470057e+00   1.20167065e+00   2.05970168e+00
    1.07997537e+00   1.27027661e-01   1.12141740e+00   8.73708069e-01
    1.75887930e+00   1.68887353e+00   1.23858857e+00   6.26292884e-01
    8.61117423e-01   2.10603261e+00   2.10778379e+00   9.90996659e-01
    1.18154943e+00   1.47336471e+00   1.24949896e+00   7.57278323e-01
    1.33416307e+00   2.11157870e+00   7.48516142e-01   7.84524798e-01
    1.13311505e+00   1.68553519e+00   5.39522648e-01   2.69531846e-01
    1.17739928e+00   1.46083951e+00   9.38742399e-01   1.10457921e+00
    1.14762759e+00   1.44536221e+00   1.12579095e+00   1.73442709e+00
    8.27383041e-01   1.34148705e+00   9.62983429e-01   1.12595522e+00
    1.93637335e+00   1.89102924e+00   1.41495955e+00   6.08811557e-01
    9.00079370e-01   1.76136911e+00   1.53348565e+00   1.18595088e+00
    1.35815704e+00   1.05931616e+00   1.09888470e+00   7.30513632e-01
    1.81693280e+00  -7.52234971e-03   1.45207846e+00   1.11213601e+00
    6.92762077e-01   3.54137588e+00   1.89040339e+00   9.66164589e-01
   -4.91479002e-02   8.67988944e-01   4.71217722e-01   1.96037555e+00
    1.42506850e+00   1.48087609e+00   1.68904662e+00   1.55722773e+00
    8.39691877e-01   7.18758106e-01   1.11391529e-01   1.86290503e+00
    1.70810282e+00   8.74910653e-01   2.39355326e-01   1.48343647e+00
    2.75988531e+00   7.18179405e-01   2.56378436e+00   9.62615907e-01
    1.91183293e+00   1.47558701e+00   1.13952935e+00   1.40565097e+00
    1.49690926e+00   5.50939262e-01   1.33769190e+00   1.16295338e+00
    1.95878255e+00   8.52272153e-01   1.61266589e+00   1.54497826e+00
    1.65799034e+00  -1.68210715e-02   2.26396894e+00   1.45325196e+00
    9.90502775e-01   1.31269395e-01   9.41159666e-01   2.26952386e+00
    2.04185057e+00   8.72213423e-01   6.13797307e-01   1.94266236e+00
    1.67793047e+00   1.08196783e+00   1.09173155e+00   1.94566941e+00
    1.68042755e+00   3.83099407e-01   1.17092288e+00   1.25506616e+00
    1.12288916e+00   9.01721835e-01   2.20297384e+00   2.03885627e+00
    1.03057921e+00   3.54914832e+00   9.02550042e-01   1.87671924e+00
    1.32124388e+00   5.28539598e-01   1.33293748e+00   1.01992309e+00
    1.97321892e+00   1.14581180e+00   1.13507962e+00   1.04456711e+00
    8.08456421e-01   1.00917614e+00   1.21431339e+00   1.47794187e+00
    6.50405228e-01   6.99101031e-01   1.02696168e+00   9.27676380e-01
    2.05753970e+00   8.74079227e-01  -3.39954309e-02   1.58060038e+00
    1.66261089e+00   5.66468716e-01   1.46696973e+00   2.27881265e+00
    1.29006243e+00   1.29673576e+00   1.50150645e+00   1.50332832e+00
    6.32720053e-01   7.90609896e-01   9.06955540e-01   1.65860450e+00
    1.36747122e+00   1.15276444e+00   1.29575348e+00   4.03971523e-01
    1.55578411e+00  -1.56470522e-01   9.51124370e-01   9.40343261e-01
    1.12508965e+00   7.11700857e-01   2.01151133e+00   1.09991539e+00
    1.43386829e+00   5.63514531e-01   1.03500426e+00   7.64138877e-01
    7.69228339e-01   1.39994502e+00   9.20902133e-01   2.65969317e-02
    1.96470416e+00   8.29563200e-01   1.34967852e+00   1.13356853e+00
