  6.13973975e-01   1.19299555e+00   1.59885371e+00   1.33609498e+00
    1.24895740e+00   3.50359857e-01   1.18951881e+00   1.76789761e+00
    6.40578985e-01   1.69532859e+00   6.42763376e-01   1.60776114e+00
    7.17202306e-01   1.54724091e-01   3.22060406e-01   6.12900078e-01
    2.54345059e+00   5.57305336e-01   1.32597244e+00   8.02475095e-01
    7.74440706e-01   9.02542591e-01   1.04661274e+00   4.14708525e-01
    1.60815549e+00   1.56357849e+00   1.15669394e+00   1.47821891e+00
    1.22894931e+00   9.27918196e-01   1.82973647e+00   1.24045849e+00
    1.80929983e+00   9.02027488e-01   2.07692456e+00   2.07418323e+00
    4.77993429e-01   6.77766919e-01   1.09327674e+00   1.64970446e+00
   -5.11857085e-02   2.97155887e-01   3.93186778e-01   6.66184306e-01
    4.83326823e-01   5.92604756e-01   6.50163293e-01   4.88610566e-01
    2.29093122e+00   1.77640474e+00   2.62730026e+00   4.57978219e-01
    7.33732462e-01   4.95338380e-01   3.10208297e+00   2.30519009e+00
    7.86623418e-01   1.08740091e+00   1.53948617e+00   9.51015770e-01
    1.60208011e+00   1.14334631e+00   1.41114390e+00   6.84498489e-01
    1.44932866e+00   1.48184049e+00   9.60393310e-01   5.75104773e-01
    1.19077659e+00   2.41425276e+00   1.53993881e+00   1.45321643e+00
    1.71481085e+00  -8.70321319e-02   2.01601073e-01   1.27357781e+00
    1.22803628e+00   2.24752808e+00   1.82910419e+00   7.68122852e-01
    1.27916515e+00   1.06488001e+00   1.14084291e+00   1.04544723e+00
    1.02933836e+00   1.26051497e+00   9.08583224e-01   1.71491599e+00
    1.07769585e+00   1.26041257e+00   3.20866466e+00   1.47001636e+00
    3.45680046e+00   6.55026078e-01   1.67844999e+00   1.20711446e+00
    8.10617745e-01   1.17543185e+00   1.28012383e+00   1.72265744e+00
    2.23057365e+00   1.29098403e+00   1.10096657e+00  -3.94015498e-02
    1.57348073e+00   1.41946745e+00   9.08561945e-01   3.94031453e+00
    1.68164742e+00   1.55366206e+00   3.36771083e+00   2.00763321e+00
    1.33494854e+00   8.60355735e-01   1.39238858e+00   7.13739991e-01
    1.53097987e+00   2.36731339e+00   2.12002921e+00   1.28139389e+00
    1.22508693e+00   3.10431027e+00   2.23056579e+00   1.44912767e+00
    1.30633032e+00   1.70731914e+00   1.85674095e+00   2.80907989e+00
    1.38174582e+00   9.26321864e-01   6.99132800e-01   9.74915266e-01
    7.24599183e-01   2.01719427e+00   1.58882415e+00   2.61258364e+00
    9.29072976e-01   2.35059664e-01   9.47742224e-01   1.37656963e+00
    6.98874652e-01   2.09353542e+00   1.04702139e+00   2.06788230e+00
    2.21029305e+00   1.30145621e+00   1.30551291e+00   4.38135028e-01
    2.05850387e+00  -2.60275789e-02   1.99605227e+00   7.79834211e-01
    1.45006835e+00   1.01215231e+00   2.71598492e-02   1.58286059e+00
    8.99404287e-01   1.49052525e+00   4.96784389e-01   2.17431331e+00
    1.30158722e+00   1.13791025e+00   5.51016688e-01   1.40084732e+00
    1.08811915e+00   8.82450461e-01  -1.00716827e-02   1.03570545e+00
    1.08410108e+00   2.19048309e+00   8.81576896e-01   1.88308567e-01
    1.17744470e+00   1.53380358e+00   1.64587688e+00   1.59090471e+00
    1.70666730e+00   1.17095852e+00   4.18347788e+00   1.18780792e+00
    3.16909075e-01   2.76898122e+00   1.22182846e+00   2.30025029e+00
    1.38925278e+00   1.69581783e+00   1.67278290e+00   7.98936546e-01
    4.03320342e-01   8.62532914e-01   1.91994774e+00   2.35132790e+00
    7.91333377e-01   1.12947941e+00   1.42416549e+00  -1.27413869e-02
    7.16575682e-01   2.19767594e+00   1.55473256e+00   3.78982997e+00
    1.04547095e+00   2.68180299e+00   5.62191844e-01   1.69327378e+00
    1.53779602e+00   7.17478514e-01   1.07206547e+00   1.08141601e+00
    1.15792775e+00   6.07530713e-01   1.16190755e+00   1.51732135e+00
    1.37630951e+00   2.27471519e+00   4.57850993e-02   8.69254768e-01
    1.21303928e+00   9.05421436e-01   2.28284702e-01   2.01780653e+00
    1.41706479e+00   1.17532277e+00   1.09440875e+00   1.16106153e+00
    4.97377455e-01   1.27516556e+00   7.07289040e-01   2.23810220e+00
    9.31317985e-01   8.97214651e-01   1.57882595e+00   6.17426217e-01
    1.44620156e+00   2.60652518e+00   1.19699693e+00   1.51483643e+00
    1.41279304e+00   8.87308955e-01   1.15212762e+00   1.11024928e+00
    1.97474587e+00   1.21751237e+00   8.19717824e-01   1.64072835e+00
    1.73226781e-02   9.99653876e-01   2.83800411e+00   4.62251335e-01
   -1.11960329e-01   8.02968442e-01   4.97104019e-01   1.72338235e+00
    1.39917266e+00   1.58640420e+00   3.58040556e-02   2.38477588e+00
    1.40117192e+00   1.66036224e+00   2.62951684e+00   2.28941989e+00
    1.71467161e+00   8.37382853e-01   1.96883166e+00   8.77085924e-01
    1.45022392e+00   1.20008373e+00   1.76984644e+00   1.75683451e+00
    8.42958212e-01   1.64925301e+00   1.35147083e+00   2.51487970e+00
    1.11480260e+00   1.27568245e+00   1.78811765e+00   3.35271382e+00
    1.33188522e+00   1.66027999e+00   5.33603311e-01   1.48697019e+00
    1.76363456e+00   9.77614164e-01   2.09061289e+00   1.10782087e+00
    1.05265224e+00   1.02374220e+00   1.77132058e+00   1.37404037e+00
    1.78116709e-01   6.72843715e-04   1.88366973e+00   1.15953684e+00
    1.22496367e+00   1.05473483e+00   1.28409481e+00   2.23219204e+00
    1.92705274e+00   2.40476966e+00   3.48942667e-01   1.44620192e+00
    1.59126055e+00   7.76064157e-01   7.78889954e-01   1.15169585e+00
    1.89992023e+00   2.54598784e+00   6.75818205e-01   1.12195516e+00
    1.41347647e+00   3.36151302e-01   7.17240691e-01   6.74973607e-01
   -3.44835036e-02   1.17963612e+00   8.38550746e-01   1.69659090e+00
    1.20370162e+00   1.90779912e+00   1.01063263e+00   1.68010783e+00
   -4.98477593e-02   1.10446298e+00   1.02370071e+00   3.09859920e+00
    3.90095174e-01   2.23022079e+00   1.15304202e-01   9.96232152e-01
    1.33764565e+00   8.68235290e-01   1.77560711e+00   6.79332972e-01
    6.62204504e-01   2.41291738e+00   2.12141895e+00   2.06426907e+00
    9.54342186e-01   1.04617321e+00   1.46272731e+00   1.55532444e+00
    9.61062014e-01   9.01508451e-01   5.65296233e-01   8.11501503e-01
    1.07977164e+00   3.79183859e-01   8.67711127e-01   1.01018119e+00
    1.49904418e+00   1.74337816e+00   1.15484977e+00   1.27626395e+00
    8.45294595e-01   2.98458123e+00   9.81792748e-01   1.64750886e+00
    4.11514103e-01   1.43221807e+00   5.27094126e-01   8.82548213e-01
    1.41242087e+00   1.71696627e+00   1.36902630e+00   1.09557354e+00
    1.78569293e+00   1.02875161e+00   1.01548672e+00   1.16436100e+00
    1.48932981e+00   1.30583632e+00   1.41765797e+00   1.57989371e+00
    8.86992574e-01   7.64731765e-01   9.15046632e-01   1.16434777e+00
    1.86332715e+00   2.90357304e+00   1.50205839e+00   8.51749539e-01
    5.30649841e-01   2.03080678e+00   6.05061114e-01   1.18071532e+00
    1.75801969e+00   1.02542484e+00   1.11308658e+00   8.09587717e-01
    1.45028901e+00   3.03024590e-01   2.08442640e+00   1.01203549e+00
    1.48774123e+00   2.78100419e+00   2.14133120e+00   1.66839898e+00
    5.34240976e-02   8.81975949e-01   2.60529608e-01   8.94085288e-01
    1.20629036e+00   1.22210026e+00   1.71294880e+00   1.48576796e+00
    6.25256181e-01   7.62878954e-01   1.15739800e-01   2.73567414e+00
    2.21135044e+00   1.12459862e+00   8.83882880e-01   2.45017314e+00
    2.84373045e+00   9.21195984e-01   2.33694506e+00   4.44968551e-01
    1.78832817e+00   1.92582524e+00   1.73488772e+00   1.75091672e+00
    2.44385791e+00   1.58986819e+00   1.42322028e+00   1.08673012e+00
    1.79129624e+00   6.84607089e-01   1.30787539e+00   1.68707275e+00
    1.89887869e+00   1.54749364e-01   1.77500141e+00   1.95834136e+00
    5.02514839e-01   4.93384570e-01   2.11263990e+00   1.97002792e+00
    1.35010469e+00   1.02397645e+00   6.48967981e-01   1.83541179e+00
    2.02302337e+00   1.29029393e+00   1.73189318e+00   2.74306870e+00
    2.23117304e+00   1.10195827e+00   6.61523461e-01   8.68868530e-01
    1.20235419e+00   6.81875050e-01   2.86552763e+00   1.09916866e+00
    1.64335561e+00   2.25327086e+00   1.61216295e+00   2.16360521e+00
    1.55770826e+00   7.48642802e-01   8.08261335e-01   5.80748558e-01
    2.04300332e+00   8.71483386e-01   2.08586645e+00   1.76884711e+00
    6.90153539e-01   1.62930703e+00   2.23537779e+00   1.44184315e+00
    1.42029032e-01   1.10179901e+00   1.60888755e+00   1.10537076e+00
    1.76833403e+00   1.75884640e+00  -1.03449307e-01   1.40867019e+00
    1.31184793e+00   9.34431791e-01   1.20993412e+00   1.57257056e+00
    9.94336128e-01   1.06152236e+00   2.58300257e+00   2.50345325e+00
    2.03760791e+00   1.32184851e+00   5.22381663e-01   2.36513996e+00
    1.05917406e+00   1.73965287e+00   1.72263420e+00   4.60128933e-01
    1.53816652e+00   4.82534647e-01   6.70512557e-01   1.95666671e+00
    1.45287430e+00   1.06252253e+00   2.30292726e+00   1.16350722e+00
    1.14574778e+00   1.12681758e+00   1.38104904e+00   7.44962513e-01
    8.59636486e-01   1.69404483e+00   8.93198788e-01   6.98128700e-01
    1.82396495e+00   5.55265248e-01   1.37728941e+00   1.48001420e+00
