 0.45723966  1.35869551  1.78863084  1.04110408  1.29703522  0.60602802
   0.69012445  1.62896323  0.50176418  0.57705206  0.95568812  2.40602112
   0.4360086  -0.03202785  0.68266654  0.66496837  1.90014327  0.37915987
   1.35838389  0.91442537  1.36198509  0.84977734  0.74792993  1.23939013
   1.35537338  1.77673602  1.17348313  2.55965281  3.06110692 -0.01425082
   1.96616185  1.14932609  1.65400314  1.13702023  0.94587028  1.61497581
   0.93145043  0.55090815  0.64627725  1.56765306  0.04271951  0.39039975
   0.42346647  0.2752898   0.49771491  0.76261824  0.42965332  0.5242728
   1.62020624  1.12306547  2.09269452  1.46436512  0.26395392  0.72458333
   1.99029255  1.84738624  0.59045172  1.05073404  1.41750228  0.64931208
   1.47058403  0.90218824  1.05236769  0.6144098   1.25158489  0.30690631
   0.98306102  0.87954432  0.71121442  1.15345085  1.24988639  1.36438084
   1.56921387  0.30202258  0.42916027  1.41471481  0.60340881  1.11729205
   2.27619076  0.73933804  0.7177946   0.67724937  0.96993208  1.07745004
   0.38369629  1.08515418  0.54692501  2.40448427  1.37242055  0.43191704
   2.04288745  1.18876982  1.72429323  0.7785213   1.15744901  0.5843299
   1.07368612  0.85086411  0.37498391  1.22279108  2.06487608  1.11491501
   0.80008215 -0.08074196  0.40908077  1.95690238  1.1488446   1.55061519
   0.24005862  1.80218315  1.82732749  1.47317469  1.78999043  0.80854934
   1.74789035  0.36371213  1.58923495  1.87890542  2.03904653  1.00065863
   0.66987884  2.02850986  1.91602468  1.47108936  1.34544814  1.57711816
   1.54257977  1.44634247  1.36433554  0.76258755  0.23041984  1.51752114
   0.35147244  2.14510202  1.02114415  2.30842352  0.79136127  0.05326957
   0.81569523  0.91481763  0.84044486  1.39544022  0.73521674  1.33401346
   1.01328242  1.37096083  0.63723606  0.30712825  2.27390218  0.25825906
   2.57222199  0.57178807  0.89097649  1.54472923  0.20552942  1.37367237
   1.19890738  2.07155776  0.66373241  1.38212132  0.85967934  0.91768533
   0.68780988  1.30232763  0.84060913  0.64000255  0.09788823  1.08767807
   0.96435022  1.60190821  0.74492455  0.31600896  1.44742107  1.24235153
   1.63294339  1.79776013  2.57637763  0.7036137   2.98201203  1.13681412
   0.69999695  1.94630122  0.87352973  1.65139318  1.33381283  1.95115805
   1.49723923  1.34359765  0.50498998  0.58424425  1.11893618  2.52415299
   0.1651375   0.75106728  1.38680303  0.1778799   2.27434993  1.70855391
   1.78466475  1.97757792  1.62738156  0.90776342  0.22517642  0.96967423
   2.0805881   0.45684889  1.00998247  0.83268887  0.73646498  0.63228226
   0.60913229  0.53255183  1.35070992  1.09571874  0.98045129  0.64673567
   0.48664987  0.56053102  0.74130714  1.34555244  0.50216115  1.17416
   0.76102585  1.1923337   0.72211087  2.02431965  1.36901712  1.60863793
   0.48920959  1.58891869  3.37626576  1.21593487  1.24763179  2.35699868
   0.95973951  0.83035582  1.10374916  0.90398973  0.99698943  1.15086472
   1.17532754  1.30833197  0.69386047  1.01959765  0.6343562   1.10409975
   3.09628844  0.60095221 -0.13710271  1.41641366  0.66695994  1.26678085
   1.62636733  1.77127469  0.07014215  1.34003365  1.056723    1.11764741
   2.77425885  1.14319062  1.86435163  0.69329917  1.82462084  0.93698394
   1.50398445  1.1557101   0.96563846  1.44162059  0.95751679  0.83133894
   1.23807824  1.14680338  0.84831125  2.51850009  3.01183581  2.93147516
   1.69012558  1.14858401  0.51489222  1.2154038   1.6141938   1.10299563
   1.47838497  1.18908608  0.91222793  1.27252996  1.00437796  1.15183258
   0.36822623 -0.03252333  1.81852472  0.3385559   1.67519712  1.00212777
   0.91278905  1.15944946  1.22571433  1.32567298  1.31260335  0.70964742
   3.08687329  0.90158737  0.85369724  1.24176466  1.21304274  1.56658721
   0.7978887   1.10064316  1.06615984 -0.01340933  1.27973533  0.1569729
   0.93163753  1.22621381  0.96901643  0.45563263  1.6454494   1.12408614
   0.54174179  2.32790971 -0.0985752   1.19247711  0.92023516  1.38190889
   0.26513076  1.30555189  0.19117759  0.95674175  1.91640019  1.08112741
   0.72850132  1.68906486  0.96584159  2.02561951  1.50971866  0.66753203
   0.99121088  0.56874537  1.18843544  0.65378302  0.70367622  0.0448582
   0.22609995  0.59278291  1.13009477  0.72356039  0.8185035   0.82968217
   1.281811    1.41043901  0.82802933  0.63125271  1.04341018  1.86951411
   0.8685562   0.47261548  1.42906857  1.33450556  0.64155036  1.96369147
   0.75632995  1.18379116  1.25663614  0.46290165  1.24086761  0.8542757
   1.02501476  0.56561881  1.29827106  0.68194735  0.62594432  1.5108012
   0.68766171  1.18884397  0.90719217  1.21984982  2.77783418  1.74700558
   1.06920803  0.57985646 -0.00891034  1.8506434   0.34463137  1.95619035
   1.35837293  0.88951397  0.7835471   0.80680305  2.40812087  0.38118112
   1.26251972  0.57043844  1.26045859  1.19336665  1.53040218  1.0194701
   1.18251574  0.58625364  0.43008688  1.280671    0.90214884  0.98147184
   1.68986797  1.32489657  1.08869278  1.1372993  -0.05745757  1.4845202
   1.54785967  0.90117067  0.55438602  1.52454102  2.30891371  0.91376299
   1.32554901  0.73260784  2.00654697  1.69759107  0.79135281  0.85424232
   2.94465518  1.72409868  1.28979063  1.41178739  1.45102942  0.51957673
   1.70688009  0.90484709  1.28181636  0.59877163  1.59887755  1.89597559
   1.63927424  1.09498394  2.13089395  0.83506948  1.0895642   0.96717715
   0.91883475  2.13528609  1.92060256  0.85693991  1.26680648  2.1344707
   1.88934755  0.46678704  1.24704814  1.01081598  1.3602072   0.62227267
   0.95408541  0.93785667  2.05070162  2.00130057  1.24661064  1.63355947
   1.21474576  0.95778036  1.78090394  0.6268028   1.46613562  0.84809756
   1.25118697  1.48663378  1.36029589  2.05140233  1.6353308   0.81442302
   0.31631058  1.22996235  0.62001252  0.74944401  1.80670035  1.7662698
  -0.00402995  1.42358792  0.74257952  0.46662149  1.08747983  2.18457174
   1.24557769  1.17561877  1.62154067  2.72264051  1.81777477  1.53150856
   0.81664246  1.59958088  1.28197956  1.05403686  1.34631503  0.75865388
   1.21489036 -0.09868436  0.72827911  0.89344114  1.36434984  1.29216969
   2.44537663  1.38520694  1.73849809  0.68103939  0.39601478  1.75279891
   1.17268789  1.82985115  0.84101844  0.19825231  1.72761607  0.6097399
   1.6800971   1.07991207
