  1.58407852e-01   1.44591737e+00   1.44161391e+00   1.11952984e+00
    1.61966550e+00   6.07285917e-01   4.86456417e-02   1.06809878e+00
    1.06351936e+00   9.26950037e-01   1.00024331e+00   2.18859386e+00
    8.91219854e-01  -8.63294527e-02   2.63537437e-01   6.33714139e-01
    1.31588733e+00   8.79282892e-01   1.55737746e+00   8.11723113e-01
    9.32352841e-01   6.59845233e-01   1.30365527e+00   1.50109971e+00
    1.67532575e+00   1.40387797e+00   1.55065715e+00   3.94156146e+00
    2.73410368e+00   1.12807572e+00   1.89589500e+00   9.62323666e-01
    1.81186473e+00   4.99558240e-01   9.76608992e-01   1.26701713e+00
    6.49480283e-01   6.70236707e-01   1.38472772e+00   1.98776555e+00
   -1.87486075e-02   9.28961933e-01   5.83374918e-01   6.41139746e-01
    1.80765435e-01   1.11480665e+00   1.31266940e+00   6.78736627e-01
    1.15972805e+00   1.60534894e+00   1.80135119e+00   2.56893206e+00
    5.67279518e-01   6.06428444e-01   1.73550546e+00   1.42028856e+00
    7.30202377e-01   1.21642900e+00   1.27047861e+00   3.36886376e-01
    1.19662035e+00   1.13066447e+00   1.24712110e+00   7.95064270e-01
    1.94258761e+00   1.77646473e-01   8.05368662e-01   4.06542093e-01
    1.31326866e+00   2.68597078e+00   1.65581751e+00   1.62909889e+00
    1.65145016e+00  -8.52297843e-02   1.10713230e-03   1.27107668e+00
    8.52873772e-02   1.61377478e+00   1.29123282e+00   8.05627227e-01
    1.62352848e+00   8.59575391e-01   7.48676538e-01   3.86187017e-01
    6.45931900e-01   2.87405205e+00   6.80683315e-01   2.38635015e+00
    8.99626851e-01   6.29788578e-01   1.37665009e+00   6.97622597e-01
    1.05011785e+00   8.05243134e-01   1.33862793e+00   6.45359278e-01
    7.80585408e-01   5.94001293e-01   7.18767703e-01   9.15512443e-01
    1.15559363e+00   1.01455724e+00  -2.00160779e-02  -6.76522553e-02
    5.10665655e-01   2.59086418e+00   1.37168097e+00   3.07734966e+00
    1.73113883e+00   2.16283941e+00   1.71527362e+00   1.04789388e+00
    1.93249691e+00   1.15270090e+00   5.85886657e-01   1.61444291e-01
    2.17357588e+00   2.32864928e+00   2.08835244e+00   9.40261364e-01
    8.22145283e-01   2.07507586e+00   1.25338876e+00   1.14687896e+00
    1.26069355e+00   1.34444726e+00   1.92261064e+00   1.68575549e+00
    3.14430058e-01   8.38819385e-01   4.45735246e-01   1.09319222e+00
    5.40343642e-01   2.11771774e+00   1.27165902e+00   1.61075985e+00
    5.07259905e-01   1.39193699e-01   4.23562288e-01   1.10840094e+00
    6.94469273e-01   1.77607858e+00   9.85820591e-01   1.20892179e+00
    2.06855416e+00   1.09134746e+00   1.17843926e+00   4.08427656e-01
    1.90378547e+00   2.25207806e-01   1.75581455e+00   2.16958255e-01
    4.04479653e-01   2.54056501e+00   2.43909463e-01   1.41111481e+00
    1.16239083e+00   1.65857220e+00   5.74269235e-01   1.82653403e+00
    5.70901036e-01   1.21480584e+00   1.36222929e-01   8.37046325e-01
    1.53260136e+00   6.45969450e-01  -1.90248266e-02   2.28421640e+00
    1.95662928e+00   2.07625508e+00   5.10431349e-01   5.43790996e-01
    1.86225259e+00   1.30880201e+00   1.01376617e+00   2.40216398e+00
    1.57409298e+00   8.21388662e-01   3.29549527e+00   8.22817206e-01
    1.29547656e-01   1.72837305e+00   6.69286251e-01   1.61541557e+00
    4.96058792e-01   1.46917713e+00   2.37008572e+00   2.01177287e+00
    5.13593614e-01   1.02674699e+00   8.21328104e-01   1.27382565e+00
    7.76159942e-01   8.26939583e-01   2.65209365e+00   8.26974213e-01
    2.24531507e+00   1.72098434e+00   9.15080726e-01   2.05245304e+00
    2.25493217e+00   5.91470897e-01   4.40372497e-01   8.36134613e-01
    1.95581055e+00   2.00846958e+00   7.44333148e-01   1.15086579e+00
    8.83191526e-01   3.15010577e-01  -8.06819126e-02   8.70675504e-01
    1.08902287e+00   9.62073207e-01   8.66219997e-01   1.13218796e+00
    1.42774940e+00   7.50641704e-01   1.06191719e+00   2.43455672e+00
    1.67777705e+00   1.17212701e+00   1.45732975e+00   1.49572539e+00
    1.12997031e+00   1.20728707e+00   3.24859917e-01   1.98767412e+00
    8.26035798e-01   9.48449075e-01   2.26224995e+00   7.06193268e-01
    1.63528812e+00   1.63649106e+00   9.30792332e-01   1.54642987e+00
    1.54293752e+00   1.10486114e+00   1.04831636e+00   1.22286594e+00
    5.32830179e-01   2.21236038e+00   7.33452857e-01   1.99118137e+00
    1.88941255e-01   1.31854284e+00   2.07953167e+00   2.42355630e-01
   -7.47662932e-02   8.33270609e-01   6.83231592e-01   5.39894640e-01
    1.99576986e+00   2.19659615e+00   4.81593162e-02   1.39323080e+00
    1.16872621e+00   1.42431426e+00   2.05088377e+00   1.90781891e+00
    1.99489057e+00   4.42067325e-01   1.73379910e+00   1.26495862e+00
    1.70181012e+00   5.49069881e-01   9.35109198e-01   1.68166053e+00
    7.20421910e-01   1.63453913e+00   1.70840585e+00   2.43940020e+00
    4.83917743e-01   1.48920631e+00   1.11195385e+00   3.14994526e+00
    1.06019568e+00   2.54919553e+00   5.17108679e-01   1.37428081e+00
    1.32494307e+00   9.31070328e-01   1.49972975e+00   8.21609497e-01
    5.63439488e-01   1.70205688e+00   1.54105353e+00   4.59933102e-01
    7.73174286e-01  -3.46130952e-02   1.29601562e+00   8.80697191e-01
    1.89771628e+00   6.86625063e-01   1.74447143e+00   2.27817321e+00
    1.13558269e+00   1.49005663e+00   8.79633248e-01   1.33834255e+00
    2.66931987e+00   1.02009928e+00   1.38218117e+00   1.35624468e+00
    1.21695948e+00   2.06684494e+00   7.10559547e-01   1.01804781e+00
    1.25962913e+00   2.15259099e+00   1.16573572e+00   1.00574397e-01
    4.80209023e-01   1.19958842e+00   1.41557896e+00   9.87858713e-01
    7.06264734e-01   3.47297043e-01   1.23782861e+00   1.97208071e+00
   -2.40233596e-02   1.07011223e+00   8.01980495e-01   1.84309936e+00
    2.49588862e-01   4.24703211e-01   1.59019738e-01   9.63614523e-01
    2.08789515e+00   8.69078636e-01  -8.78950115e-03   2.41701102e+00
    5.76742530e-01   2.54732513e+00   2.40596867e+00   1.53304443e-01
    7.94840693e-01   5.38735330e-01   1.02514851e+00   1.26094747e+00
    8.79484594e-01  -1.72570162e-02   3.37087065e-01   2.29430303e-01
    1.23639905e+00   7.74237990e-01   1.06992912e+00   7.52100587e-01
    8.02828610e-01   1.45983744e+00   7.81592906e-01   1.33006632e+00
    1.11006069e+00   1.17631924e+00   1.54424107e+00   1.05064356e+00
    6.37239218e-01   1.60716653e+00   4.68930811e-01   1.88611519e+00
    1.04298937e+00   1.13667619e+00   1.09435880e+00   3.30746144e-01
    9.56605852e-01   4.54503089e-01   1.70687914e+00   1.41793382e+00
    1.56642997e+00   1.42962384e+00   9.95995820e-01   1.40611005e+00
    4.91138369e-01   1.21520233e+00   1.14388168e+00   1.21311045e+00
    2.63825321e+00   1.36929476e+00   1.67801142e+00   3.94922465e-01
    1.01169527e+00   2.33728528e+00   6.01320446e-01   1.51805890e+00
    1.17338085e+00   6.24158382e-01   9.89662707e-01   7.05427587e-01
    1.79560506e+00  -1.93472560e-02   4.40841883e-01   6.46127999e-01
    1.12597275e+00   9.05761361e-01   1.45393956e+00   9.61239576e-01
    2.78403670e-01   6.47844315e-01   1.92640781e-01   9.08370316e-01
    1.38546646e+00   6.10196948e-01   1.70581841e+00   1.12389278e+00
    3.39622021e-01   1.24609411e+00   3.44873875e-01   9.09853518e-01
    1.03421760e+00   6.48685098e-01   6.38930261e-01   1.50145471e+00
    2.53114557e+00   1.04778266e+00   2.21590400e+00   1.65699291e+00
    1.77431047e+00   2.42746735e+00   1.35258722e+00   9.43911433e-01
    1.98915827e+00   9.20156240e-01   1.94412398e+00   1.01641583e+00
    1.70007122e+00   8.00134182e-01   1.68543816e+00   2.37927580e+00
    2.11150193e+00   4.05987740e-01   1.81374419e+00   1.81802130e+00
    5.43076098e-01   5.69450736e-01   1.40295160e+00   2.66858721e+00
    1.25307095e+00   1.17241418e+00   6.83615208e-01   1.76526594e+00
    1.98035169e+00   1.14820981e+00   1.88142753e+00   2.09513235e+00
    1.21003687e+00   5.08540332e-01   1.43978655e+00   1.16694486e+00
    1.13327909e+00   8.85952950e-01   1.42737138e+00   5.84456861e-01
    9.31446195e-01   3.10316038e+00   1.42867148e+00   1.20631349e+00
    1.57467961e+00   1.07905161e+00   1.52676105e+00   2.29970172e-01
    2.35334659e+00   8.25389445e-01   1.54185319e+00   1.67263603e+00
    1.09204412e+00   9.08917964e-01   1.30779994e+00   1.13468874e+00
    6.31214678e-01   1.16454041e+00   3.55679542e-02   4.44951028e-01
    1.32457364e+00   9.22394276e-01  -1.42791411e-02   1.03702116e+00
    1.73287261e+00  -8.51953924e-02   1.40993178e+00   1.17918909e+00
    1.19159567e+00   1.71584392e+00   1.94323075e+00   2.15037227e+00
    1.03069639e+00   2.12664008e+00   9.33623314e-01   1.80933464e+00
    1.35843754e+00   1.09798241e+00   2.24155283e+00   5.62471688e-01
    1.31766212e+00   2.84255744e-04   9.13887024e-01   1.06155491e+00
    9.52540636e-01   3.90853196e-01   2.02241755e+00   1.88923705e+00
    1.22361326e+00   4.82961118e-01   7.44779646e-01   6.15535378e-01
    1.40774441e+00   1.71259320e+00   5.65964639e-01   6.87311471e-01
    1.67465675e+00   8.89680028e-01   1.26845026e+00   7.32804656e-01
