  3.38639557e-01   8.13748419e-01   1.46142995e+00   1.94577396e+00
    1.45294213e+00   2.48548180e-01  -1.49521396e-01   1.44922757e+00
    1.19584084e+00  -2.98665650e-02   1.27834940e+00   2.42138505e+00
    1.50168031e-01  -3.09519563e-02   8.29744935e-01   6.39207900e-01
    2.13780832e+00   4.08756346e-01   1.47706914e+00   6.53246164e-01
    1.19229090e+00   6.34327173e-01   1.22917604e+00   6.09684706e-01
    1.74621689e+00   1.27300513e+00   1.34673154e+00   2.02115941e+00
    1.10602403e+00   5.62447846e-01   1.17702615e+00   7.63218582e-01
    1.79287326e+00   6.30505979e-01   9.46258187e-01   1.91506076e+00
    9.90412295e-01   7.32503533e-01   8.24742973e-01   1.83014143e+00
   -8.26728716e-02   7.96544492e-01   2.96956062e-01   7.25499570e-01
    4.92632687e-01   6.00479603e-01   1.87825084e+00   9.08304155e-01
    1.52650809e+00   1.83018267e+00   1.76586139e+00   1.50785875e+00
    1.13260150e+00   1.97875544e-01   2.86784506e+00   1.51957846e+00
    7.11153448e-01   7.63324499e-01   9.38986242e-01   1.89334005e-01
    1.60803080e+00   1.17588186e+00   1.44025886e+00   1.10527563e+00
    2.56193852e+00   9.47523639e-02   9.39165771e-01   2.03549400e-01
    1.40290904e+00   3.53275132e+00   1.45488417e+00   1.53405809e+00
    1.80191851e+00  -1.12589478e-01   2.74928175e-02   1.43103933e+00
   -2.20063571e-02   1.98276019e+00   1.94124162e+00   5.62608659e-01
    8.11376810e-01   5.99021435e-01   8.61034930e-01   7.72146642e-01
    5.97532213e-01   1.58392441e+00   6.64515555e-01   2.41740942e+00
    9.99906719e-01   1.18371695e-01   1.97959399e+00   1.30166411e+00
    1.09538078e+00   6.77195251e-01   1.37833846e+00   7.55512476e-01
    4.04538989e-01   6.75590456e-01   6.62600219e-01   1.15748525e+00
    1.41519117e+00   5.30490756e-01  -2.64855325e-02  -3.50366831e-02
   -1.51811242e-02   1.53329182e+00   1.00247133e+00   3.31821156e+00
    1.03697097e+00   1.73064828e+00   1.76198697e+00   1.15897942e+00
    1.66763294e+00   1.03527069e+00   1.39768660e-01   3.97219509e-01
    1.60269511e+00   2.03674722e+00   1.57976758e+00   1.23171735e+00
    8.69440794e-01   1.55644727e+00   1.39761472e+00   1.07247770e+00
    1.66962802e+00   1.11366820e+00   1.43686116e+00   2.33995819e+00
    4.85491693e-01   8.17119956e-01   5.80912948e-01   1.54237020e+00
    3.67016762e-01   1.86667526e+00   1.87090671e+00   6.61024988e-01
    7.13810563e-01  -4.43421444e-03   4.34160866e-02   1.12518966e+00
    1.17284441e+00   1.42910373e+00   4.86604720e-01   9.11662221e-01
    2.40892768e+00   1.26150072e+00   7.39511251e-01   7.96687543e-01
    2.58459616e+00   6.53769746e-02   3.09920835e+00   3.74858618e-01
    1.09043467e+00   2.11799669e+00  -8.34693294e-03   1.05615807e+00
    1.01510525e+00   1.57081163e+00   7.22259045e-01   1.97051692e+00
    3.38748723e-01   5.58659732e-01   4.64010358e-01   8.03635061e-01
    1.64026749e+00   1.03323436e+00  -1.01863377e-01   1.63866806e+00
    8.81742179e-01   1.98058522e+00   3.72269183e-01   7.53006816e-01
    1.62224734e+00   2.07527733e+00   1.53102398e+00   2.13836884e+00
    1.54152656e+00   7.46569276e-01   2.40507007e+00   1.40781033e+00
   -1.63226649e-02   1.74639213e+00   7.12953269e-01   9.32128072e-01
    3.64210159e-01   9.87124741e-01   1.55295622e+00   1.62291336e+00
    4.33176041e-01   8.14690530e-01   5.57741404e-01   6.28561080e-01
    3.05420995e-01   8.04493964e-01   2.92915082e+00  -1.60958804e-02
    4.76844430e-01   2.19296837e+00   9.20077682e-01   2.27590489e+00
    1.72370613e+00   1.46917069e+00   4.14396495e-01   5.73937058e-01
    1.53423715e+00   1.34181011e+00   9.28663194e-01   1.30296159e+00
    7.30186522e-01   3.81272942e-01   4.29659672e-02   9.27643001e-01
    1.38806546e+00   1.21009743e+00   1.02178112e-01   8.43571365e-01
    6.82669044e-01   6.00072443e-01   4.72856045e-01   1.40944433e+00
    1.63603354e+00   1.12840617e+00   1.73697793e+00   1.49791539e+00
    1.07254362e+00   1.12107992e+00   3.37807268e-01   1.81110740e+00
    3.45297724e-01   1.19988215e+00   1.78952742e+00   6.69296205e-01
    7.80515552e-01   1.40684140e+00   1.28220916e+00   1.55740178e+00
    1.75164866e+00   8.98035347e-01   8.40248406e-01   2.19463301e+00
    8.02518487e-01   1.55821252e+00   6.25133395e-01   1.65254807e+00
    1.86558574e-01   1.46770692e+00   1.85013735e+00   5.63343704e-01
   -8.26616511e-02   1.52653408e+00   8.49852204e-01   3.82871538e-01
    2.02061224e+00   2.41955328e+00  -7.03651384e-02   1.85372567e+00
    1.06503308e+00   1.72805822e+00   2.34415698e+00   1.18476295e+00
    1.30672121e+00   5.27956247e-01   2.45206785e+00   9.39316690e-01
    1.35188341e+00   1.22603917e+00   1.44529045e+00   1.49607205e+00
    9.75475132e-01   1.67263210e+00   1.39448500e+00   2.02364826e+00
    5.12907326e-01   2.40392852e+00   1.30227625e+00   2.85282874e+00
    1.25360906e+00   2.18778610e+00   4.42357153e-01   8.87017131e-01
    1.31938946e+00   1.10470402e+00   1.20785606e+00   8.43760788e-01
    1.96291566e-01   7.42843390e-01   1.42708075e+00   6.71006441e-01
    4.77939099e-01  -1.12202190e-01   1.10393000e+00   4.14325535e-01
    1.51860797e+00   6.23212278e-01   1.05359817e+00   2.33391023e+00
    7.03845441e-01   1.02619469e+00  -9.21126702e-05   1.39787495e+00
    1.21115077e+00   9.92300570e-01   9.93998706e-01   1.77081037e+00
    1.07562304e+00   2.12783670e+00   9.64282870e-01   1.14880359e+00
    9.41171229e-01   1.35766029e+00   8.29853952e-01  -3.53277028e-02
   -1.06612444e-01   1.31385708e+00   1.40520394e+00   1.82612121e+00
    1.07687449e+00   4.14621472e-01   8.84820700e-01   1.03842723e+00
   -4.45463285e-02   9.39866006e-01   6.42615795e-01   1.44132781e+00
    5.41977108e-01   7.80400634e-01   3.32263380e-01   1.05608547e+00
    1.67200732e+00   8.02022576e-01   3.76890004e-01   7.97261178e-01
    4.53610152e-01   2.40791297e+00   2.73749876e+00   8.18751097e-01
    6.64439976e-01   2.21010998e-01   1.13486540e+00   9.81787622e-01
    8.63758266e-01  -3.78298722e-02  -4.94918367e-03   7.74618268e-01
    1.02933335e+00   8.63258123e-01   6.94951355e-01   6.80504322e-01
    4.35556471e-01   1.09520829e+00   9.13687110e-01   3.47628415e-01
    1.23030627e+00   9.68662679e-01   1.31990397e+00   4.45897758e-01
    2.01036155e-01   9.83815908e-01   7.19099760e-01   7.53356576e-01
    5.68700731e-01   8.16342413e-01   6.63840532e-01  -3.79531644e-02
    5.11178613e-01   8.10323477e-01   8.15584838e-01   1.01778269e+00
    1.56723154e+00   8.93644392e-01   1.00884044e+00   1.78373718e+00
    7.21073747e-01   8.63731325e-01   1.11291361e+00   1.65620530e+00
    2.39325595e+00   1.43356919e+00   1.52710438e+00   4.37840551e-01
    2.13251978e-01   2.24329019e+00   6.94714069e-01   1.54131222e+00
    1.37994504e+00   1.02669418e+00   8.20400357e-01   9.32567596e-01
    1.97514784e+00   2.47840613e-01   1.49717021e+00   7.51075804e-01
    7.76083946e-01   7.81127274e-01   9.68176007e-01   9.20926213e-01
   -9.96212009e-03   1.41095296e-01  -7.47210681e-02   1.08986437e+00
    1.42128274e-01   1.14998949e+00   1.79069269e+00   1.12470424e+00
    4.20884825e-02   1.45547080e+00   3.08815300e-01   1.13815999e+00
    8.62555325e-01   7.29727745e-01   3.47581238e-01   1.84295428e+00
    2.99397135e+00   5.76486349e-01   2.20775318e+00   4.23941642e-01
    1.32017565e+00   2.03426218e+00   6.91925526e-01   9.57599580e-01
    1.56147981e+00  -1.19797688e-03   1.30984354e+00   6.83426917e-01
    1.68252718e+00   1.03351307e+00   2.24709821e+00   2.75444007e+00
    2.37089705e+00  -1.26571553e-02   2.20792246e+00   2.61386633e+00
    5.86942017e-01   1.28933698e-01   1.32834911e+00   1.66929555e+00
    2.27579761e+00   7.40382254e-01   7.48903751e-01   2.01066566e+00
    2.01946330e+00   1.14284599e+00   1.64080584e+00   2.88134265e+00
    2.30499029e+00   1.15779258e-01   1.21753311e+00   1.66702092e+00
    8.97057712e-01   1.05274367e+00   1.20979643e+00   7.49196649e-01
    6.65694177e-01   2.51082659e+00   1.17274201e+00   1.38220799e+00
    9.03255343e-01   1.06678641e+00   1.11326206e+00   7.40601957e-01
    1.33418846e+00   5.39740682e-01   1.43930364e+00   1.02857471e+00
   -1.97859034e-02   1.15678549e+00   1.41944301e+00   2.50832856e-01
   -6.87546805e-02   1.12841380e+00  -4.06151218e-03   4.88099664e-01
    1.47809076e+00   1.04684389e+00  -5.56823798e-02   1.15433955e+00
    1.08270907e+00  -7.98741058e-02   1.55557346e+00   1.35269570e+00
    5.96487939e-01   1.10229635e+00   1.17156541e+00   9.94321346e-01
    8.90643358e-01   2.14749503e+00   8.43416929e-01   1.55216718e+00
    1.58441162e+00   1.31787300e+00   1.61836076e+00   1.41596302e-01
    1.03661466e+00   6.42600477e-01   9.41101432e-01   9.21527267e-01
    1.78742719e+00   4.44994867e-01   2.30333948e+00   1.13321602e+00
    1.49314654e+00   3.02518606e-01   3.99202406e-01   9.70733583e-01
    1.33117616e+00   2.49805713e+00   9.80205059e-01   1.62834197e-01
    9.20867503e-01   6.90710843e-01   1.32512939e+00   1.42270207e+00
