 1.04380322  1.2370981   1.87214756  1.28650308  2.03742886  0.95466757
   0.21764635  0.83279037  1.4636972   1.08665395  1.11378002  1.92886174
   0.03871886  0.77116364  0.9001987   1.40796721  1.14096713  0.4779717
   0.9985131   0.79218048  1.12505877  0.69431567  1.56476092  1.10375726
   1.86114848  1.12596369  1.67117774  1.13514471  1.9682107   0.0872265
   0.35561499  0.76581198  1.23399472  0.51782697  1.49971068  1.85417891
   2.13451409  0.59023327  1.0472604   1.20039022  0.26131845  1.15289032
   0.24678345  0.7190755   0.6527518   1.13418126  0.53924692  1.19844961
   0.70937073  1.29709566  1.82876205  1.095433    0.77717     0.78888369
   1.90042472  1.29541028  0.96421164  0.73851305  1.63853276  1.11229587
   0.67895097  1.08658075  1.59304011  0.96407735  1.03388262  0.45545298
   1.11944091  0.87250328  0.64960521  0.74721164  0.87262523  1.28787017
   1.224684   -0.05084159  0.28911269  1.11328959  0.23136804  1.828614
   2.36722517  0.81016892  1.04370928  0.80746847  0.90187836  0.59282219
   0.35135531  1.09595644  0.70565468  2.25030184  0.70974654  0.65145844
   1.71289051  1.61749816  1.33718169  0.64453602  1.67945921  0.71221
   0.25454992  0.88111979  0.67913151  1.57024205  1.37611651  0.80607945
   0.54096496  0.59142417  0.32497337  2.16604257  1.25437224  1.34876013
   0.12577799  1.31252897  1.17381847  1.07470322  2.34205723  0.95092136
   0.75101113  0.40582377  1.3086108   2.57471991  2.11171603  1.31652951
   0.17438254  1.31099498  1.62505805  1.57072926  0.89226681  1.29792738
   0.9367227   1.73727989  0.79589695  0.93407881  0.6808368   1.48817551
  -0.03232081  0.97634369  0.95808834  0.59795451  0.42056233  0.38442001
   0.18027623  1.12996531  1.35807943  2.17524338  0.49910125  0.53686506
   1.1736604   1.29063547  0.09454885  0.89041954  1.76158834  0.19047438
   2.07011127 -0.00603939  0.75585264  1.96840584  1.44572866  1.40452874
   1.28087568  1.19338965  0.73603415  2.28004384  0.07490873  0.97630823
   0.49995571  0.93126988  1.63832545  0.75665915  0.24120544  1.72694528
   0.70688057  1.21650696  0.34225273  0.32971016  1.56556761  1.63142562
   0.95958161  1.72251296  1.86157072  1.24652147  2.15290546  1.2520417
   0.99650872  1.11490774  0.27139521  0.56404108  0.67723358  1.06623185
   1.11334085  0.86655784  0.58046365  1.04573619  1.02575576  1.0563798
  -0.0502404   1.02305079  1.56374109  0.78085464  1.9868573   2.44660783
   1.86639631  1.83373189  2.7791636   0.71553546  0.62633514  0.6296466
   1.61760044  0.99699646  1.28105497  0.88386297  1.22983599  0.51184618
  -0.05706575  0.55036002  1.33163548  1.33271348  0.71976274  0.97378629
   0.52614856  0.64738178  1.64838326  1.29094541  1.64048839  0.8114149
   1.95103967  0.92017972  0.99454367  0.88739425  0.52693647  1.60557127
   0.51996452  1.46653223  1.49339843  0.82917297  1.24902081  1.55853653
   1.55442083  1.6017592   1.05701625  0.73083991  1.15638876  2.07122588
   0.76827097  2.25769734  0.8149187   0.07762399  1.58425212  1.26860869
   1.75747156  0.52895629  0.48146185  1.29107046  0.83123857  0.18654492
   1.62417245  1.74138534 -0.09255679  2.46937299  0.44630963  1.64693403
   1.85416114  0.19329326  1.31046999  0.25660786  1.23993158  0.95534676
   0.71774286  0.74784511  0.86652231  1.7257098   0.76144785  2.0853436
   1.40568841  0.95442528  0.86890769  1.69506943  1.81294405  2.56515527
   0.66779977  1.1925236   0.60212445  0.74168777  0.88603908  1.83623457
   1.16603839  1.90826476  0.04027076  0.48345199  0.99639463  1.61901963
   0.224553   -0.08000681  0.45160019  0.48121345  1.83974731  1.37832081
   1.22121596  1.89358592  0.90021878  1.06241274  1.09950674  1.49158227
   3.03664541  1.54767072  0.68340486  1.90322554  1.7274847   1.534881
   0.56999815  0.95458567  0.79742259  0.61660987  1.78095996  0.36693409
   0.62302232  1.44295263  1.32410038  0.9300971   1.49597645  0.35072756
   0.69808674  1.39491177 -0.06935643  1.14465725  0.81842822  1.54060006
   0.41582164  0.91068834  0.37803259  1.04331601  1.5986191   0.57033718
   1.34715128  1.32217371  1.22412753  1.97071886  1.87030709 -0.06269158
   0.90501446  0.41589057  1.24749053  0.46962258  1.17627382 -0.00720688
   0.29864243  0.53762949  1.2858845   1.43153691  0.46435598  0.70743763
   0.3336778   0.74171627  1.47243011  1.04724896  1.24785244  1.29254758
   1.43078661 -0.00511717  0.3835285   0.49463665  1.02101219  1.5722568
   0.86105752  0.90890384  0.82159287  0.96473473  0.69217926  1.11523569
   1.86169732  1.41286123  1.21781683  0.72810644  0.65696281  0.96179634
   0.85286695  1.41895318  0.88952011  1.76823866  2.18102551  1.02476716
   1.35300219  0.85641247  0.01075219  1.97577929  0.81316888  1.51323295
   1.09204614  1.02806246  1.11273849  0.83142602  2.06014109  0.29019138
   1.23330033  0.98706615  0.92268384  1.18868375  0.64378232  1.25231421
   1.02687395  0.119102    0.03551179  1.00991261  0.0625092   1.09696484
   1.37628043  1.70916224  1.14257967  1.37286544  1.23274171  0.55774975
   0.49941933  0.89644688  0.40899727  1.49413097  2.61791921  0.91010648
   1.37315869  0.57924616  1.24707842  2.13530445  0.35014996  1.75399303
   1.59892261  0.46894264  0.74661201  0.94595057  1.49235463  0.73570073
   1.71523261  1.47479391  1.44875634 -0.00926737  1.7829107   1.66187096
   1.72899747  0.70577532  1.52673471  0.90485626  2.81574416  1.2130419
   1.07724464  2.1786108   1.86087871  2.05429959  1.3679136   1.88163877
   1.39688766 -0.04774654  1.20247531  1.2523067   0.7653985   0.73965198
   1.29421651  0.56936961  1.63069904  2.01641655  1.34021735  1.21386898
   1.36051154  0.67514765  2.29091048  0.4947108   1.20941269  0.75572395
   1.21051538  1.02378941  0.54287994  1.9332962   1.75210333  0.41592708
   0.54586953  1.28508878  0.56221378  0.3359023   0.98823047  1.37856781
  -0.10308603  1.04807699  1.62892747  0.06700349  1.0725106   2.36298537
   1.00108957  1.78179169  0.76452196  1.35006905  0.98364425  1.11772156
   1.12908924  0.92533284  0.99615103  0.94976038  1.05910397  0.84057015
   0.83258581 -0.01872971  0.87295234  0.33980688  1.3257699  -0.00768863
   2.17217302  1.41591239  1.53908765  0.17545862  0.21655697  1.84969294
   1.38172936  1.20451832  1.03226924  0.94412035  1.22564793  0.6138916
   1.47261822  2.33247161
