  1.23817372e+00   8.49464655e-01   2.75543928e+00   1.72662568e+00
    1.89791751e+00   8.68200243e-01   1.15646982e+00   1.04077721e+00
    1.19274211e+00   2.88149357e-01   8.99963081e-01   1.75116360e+00
    9.88603383e-02  -4.18180041e-02   9.37072575e-01   6.99713945e-01
    1.61789322e+00   4.86064613e-01   1.27429390e+00   9.68369603e-01
    1.02762234e+00   6.79371715e-01   1.13846183e+00   1.39695334e+00
    1.22724795e+00   1.16309810e+00   1.44135213e+00   2.31290197e+00
    1.31145668e+00   4.86401618e-01   4.35384333e-01   1.24548292e+00
    1.02933109e+00   8.12509179e-01   8.79405856e-01   2.17208958e+00
    1.38720548e+00   2.14284468e+00   1.20239317e+00   1.85817277e+00
    1.40020740e+00   4.60942179e-01   1.55209208e+00   7.36670792e-01
    7.91908979e-01   9.59291399e-01   1.28058529e+00   1.12073088e+00
    1.62502027e+00   1.24446619e+00   1.72302783e+00   1.45893490e+00
    5.52772343e-01   1.06070459e+00   1.94797730e+00   1.82639372e+00
    1.30451071e+00   8.88207853e-01   1.58146226e+00   5.99680960e-01
    1.06224847e+00   1.32471323e+00   2.16461706e+00   8.36226821e-01
    1.91687477e+00   9.25504267e-01   1.02164221e+00   1.63676012e+00
    1.08551097e+00   1.47581565e+00   9.05521333e-01   1.63333917e+00
    1.42770278e+00  -7.56101534e-02   1.87263459e-01   1.09918201e+00
   -2.84999963e-02   1.58138204e+00   1.90303135e+00   8.59274209e-01
    1.61255920e+00   1.04471600e+00   1.40887558e+00   4.74018425e-01
    1.28627229e+00   1.74596512e+00   7.43785739e-01   2.57610774e+00
    1.76197672e+00   5.07545650e-01   1.19338906e+00   1.99472749e+00
    1.09616387e+00   9.19149280e-01   1.53805137e+00   8.79274189e-01
    6.50171638e-01   8.24423432e-01   7.82234311e-01   1.23104703e+00
    1.56064939e+00   9.42791104e-01  -4.66859005e-02   1.44848585e+00
    2.24846765e-01   2.64375854e+00   2.09653306e+00   2.00934553e+00
    9.90866840e-01   1.66376781e+00   1.35298061e+00   2.02014756e+00
    2.23485327e+00   1.09220445e+00   1.06493704e-01   6.71588004e-01
    1.16488028e+00   1.76038098e+00   1.59723115e+00   9.37743902e-01
    4.64255154e-01   1.31157196e+00   2.20497370e+00   9.51506257e-01
    1.72077167e+00   1.42778063e+00   1.67230594e+00   1.31944656e+00
    4.56257135e-01   1.10909688e+00   5.66198587e-01   1.30910134e+00
    3.03312302e-01   9.67118680e-01   1.14682388e+00   2.64087915e-01
    6.58316255e-01  -2.04249527e-02   8.01050901e-01   1.05679405e+00
    1.01290226e+00   2.23371363e+00   1.20226610e+00   4.74421054e-01
    1.63973510e+00   1.25352407e+00   1.51219442e-01   3.28113049e-01
    2.16391945e+00   1.09329677e+00   2.23509574e+00   9.50130403e-01
    8.08362961e-01   2.19978714e+00   1.28834414e+00   1.22153521e+00
    1.78212833e+00   1.74749053e+00   7.56663322e-01   2.26045322e+00
    7.47809887e-01   9.75979865e-01   3.40292543e-01   1.41928852e+00
    9.76842403e-01   8.05049539e-01  -5.89711852e-02   7.68904805e-01
    9.31841791e-01   1.80209708e+00   4.69243735e-01   5.87681413e-01
    1.57046592e+00   1.51942730e+00   2.52372932e+00   1.81566572e+00
    2.24566317e+00   1.69308984e+00   2.64451528e+00   1.18402970e+00
    1.24461687e+00   1.66134846e+00   4.41304088e-01   9.81389225e-01
    2.29037032e-01   9.33602571e-01   1.46478820e+00   1.06944370e+00
    6.52804852e-01   8.57329726e-01   1.02909636e+00   1.07884383e+00
    2.94015389e-02   1.17117345e+00   1.53010499e+00   2.01223284e-01
    1.34558058e+00   2.19227290e+00   1.18494940e+00   9.43843305e-01
    2.46556044e+00   1.27256227e+00   5.07485986e-01   2.96041518e-01
    2.09766936e+00   1.70502496e+00   1.22707391e+00   1.11042881e+00
    8.44389439e-01   1.31053257e+00   5.80743968e-01   4.41848248e-01
    9.66119409e-01   1.05409443e+00   9.05653656e-01   1.08904326e+00
    1.02703977e+00   5.37947953e-01   1.34636605e+00   1.12977517e+00
    1.63263953e+00   1.50972319e+00   1.60512376e+00   1.24747658e+00
    7.15206981e-01   1.29472721e+00   1.03664660e+00   1.51882017e+00
    7.16742456e-01   1.84357357e+00   1.52809322e+00   1.31955624e+00
    1.05574298e+00   1.37428570e+00   1.17591381e+00   1.59570682e+00
    1.00012183e+00   7.33072877e-01   1.19115400e+00   1.32617176e+00
    8.44225824e-01   1.20890689e+00   1.16498137e+00   1.08028054e+00
    8.28659832e-01   1.03734553e+00   1.93718076e+00   9.39077020e-01
    5.19266963e-01   1.10406125e+00   8.53286684e-01   6.31874725e-02
    1.81460834e+00   1.18809783e+00   8.30804706e-02   3.09324765e+00
    7.91923404e-01   1.24097955e+00   2.31410170e+00   6.62931144e-01
    1.69862890e+00   3.03564578e-01   1.14478183e+00   1.70041430e+00
    8.95364761e-01   9.81548250e-01   1.71753907e+00   1.93852675e+00
    1.30977535e+00   1.74878967e+00   1.16363788e+00   1.11484146e+00
    1.56357133e+00   1.48746932e+00   1.03050697e+00   2.51590133e+00
    1.37959588e+00   1.25792313e+00   6.28510773e-01   1.40802300e+00
    8.16920578e-01   2.37244678e+00   6.36257946e-01   1.58501029e+00
   -6.47542104e-02   2.96293139e-01   7.53591180e-01   5.42890608e-01
    1.64552763e-01   1.57032371e-01   6.52562022e-01   7.60322273e-01
    2.16331530e+00   1.28395021e+00   1.01433885e+00   2.38380671e+00
    1.11313951e+00   1.23959029e+00   3.27885062e-01   9.69863057e-01
    2.66079378e+00   1.75330019e+00   4.46537882e-01   1.75777543e+00
    7.87049592e-01   1.65843379e+00   1.23060954e+00   9.36608911e-01
    6.98129773e-01   9.27632868e-01   1.62554932e+00   4.11497265e-01
    2.70951509e-01   1.34432924e+00   1.54300117e+00   2.21921778e+00
    1.00991333e+00   1.01571269e-01   1.26580393e+00   1.26690173e+00
    1.68396533e-01   1.01944256e+00   8.19204032e-01   1.72260237e+00
    9.55964252e-02   1.42056572e+00   3.77249092e-01   1.11085606e+00
    2.09818625e+00   1.38197684e+00   1.24914384e+00   1.87400663e+00
    4.82382685e-01   2.72070932e+00   1.65418112e+00  -2.77419575e-04
    1.12756705e+00   7.16814876e-01   1.06571925e+00   8.55368674e-01
    1.17311645e+00   1.18074931e-01   2.86222905e-01   1.30625486e-01
    1.06711948e+00   1.30337417e+00   8.00670743e-01   9.91209388e-01
    4.66490567e-01   6.67977631e-01   1.17313719e+00   7.26491988e-01
    2.16365814e+00   1.56877601e+00   9.02549684e-01   1.69935361e-01
    4.95102257e-01   1.29657376e+00   1.45012248e+00   1.82635808e+00
    9.89658833e-01   7.22275853e-01   1.16363597e+00   1.85336307e-01
    1.12234294e+00   7.74731934e-01   1.94114661e+00   1.77636898e+00
    1.92006302e+00   1.77977145e+00   6.08426988e-01   1.77829432e+00
    4.84330356e-01   1.59599900e+00   7.10094631e-01   3.12299466e+00
    1.83639336e+00   8.85432243e-01   1.15260470e+00   1.17074823e+00
    3.08446169e-01   2.47554946e+00   4.23359275e-01   3.24079800e+00
    1.16523683e+00   8.18187892e-01   7.84718990e-01   1.04019749e+00
    3.51618791e+00   6.32860839e-01   1.18828928e+00   5.64443469e-01
    1.11908281e+00   6.90951228e-01   4.68261302e-01   1.26942098e+00
    8.15464258e-01   4.20052588e-01   1.04166508e+00   1.13998878e+00
    6.92159235e-01   1.32716238e+00   1.76889718e+00   1.36645317e+00
    7.74940848e-01   1.23683786e+00   1.28012192e+00   6.53890312e-01
    6.31933391e-01   4.96393651e-01   8.74029815e-01   1.73922491e+00
    2.41847801e+00   1.35896063e+00   1.73384988e+00   1.20341444e+00
    1.53807747e+00   1.88904440e+00   5.79029083e-01   1.24072015e+00
    1.72128904e+00   4.86320913e-01   7.71695077e-01   7.05705404e-01
    2.00490046e+00   6.83743596e-01   1.72881520e+00   1.71453190e+00
    1.67185950e+00   1.50648668e-01   1.50260890e+00   2.83825898e+00
    4.92984384e-01   3.08878839e-01   1.26744998e+00   1.12123024e+00
    1.85844660e+00   1.33074021e+00   1.45379746e+00   1.74069297e+00
    1.66658854e+00   9.99275923e-01   2.74587560e+00   2.03325963e+00
    1.11006856e+00   7.91092098e-01   1.15410089e+00   1.25599742e+00
    1.05814874e+00   1.12462819e+00   1.06896365e+00   6.04248166e-01
    1.23771834e+00   2.15899014e+00   1.12850761e+00   1.10878372e+00
    6.73914313e-01   1.06570470e+00   2.01040316e+00   1.00589707e-01
    1.23962581e+00   9.32115257e-01   1.05589175e+00   7.84933150e-01
    1.70372999e+00   1.30283666e+00   1.12885952e+00   3.28786820e-01
    1.41220641e+00   1.88737488e+00   1.21895278e+00   2.00688541e-01
    1.69431293e+00   2.13629460e+00   9.42776918e-01   9.09005284e-01
    6.72516704e-01  -4.08014236e-03   1.32125092e+00   2.22767162e+00
    2.27306604e+00   1.31396413e+00   1.00373459e+00   2.12021112e+00
    7.19231844e-01   1.47807992e+00   8.14274728e-01   1.37288725e+00
    1.59015620e+00   9.92244303e-01   1.09470713e+00   8.65962923e-01
    7.18958616e-01  -1.49424374e-02   1.19951570e+00   9.63516235e-01
    1.40305889e+00   6.25551343e-01   1.50208676e+00   1.80559838e+00
    1.53173721e+00   1.20274968e-01   2.13134035e-01   1.13032997e+00
    8.30626845e-01   1.58995318e+00   1.23651314e+00   3.67027700e-01
    5.24789453e-01   6.73714340e-01   1.49209476e+00   1.49758041e+00
