 0.97951555  0.85135442  2.44591975  1.74006426  2.4087944   0.85965282
   0.26888862  1.19390237  1.19500721  0.20528099  1.23224783  1.54338872
   0.22422837  0.47501817  1.20617127  0.91719538  2.59026742  0.46784085
   1.0118593   0.63118875  0.84991038  0.79046339  1.36596465  1.64199603
   1.55180788  1.42590928  1.23339999  1.96092784  0.74442118  1.0152365
   0.99282807  1.34915769  1.23024595  1.45066583  0.48145202  1.96514845
   0.71278852  1.62474632  1.34754097  1.43077517  1.27416134  0.45767745
   0.7017591   0.64047539  0.90153635  1.2196964   0.84739465  1.39992416
   1.2515198   1.41365373  2.02271581  1.77683842  1.49804425  1.23432052
   1.8851285   1.59364998  1.09314489  1.30553484  1.84738243  0.33155617
   1.34538341  1.04524875  1.32943296  0.9891308   1.01659763  0.97381192
   0.87800652  0.56575292  1.43840027  0.95981455  1.27599788  1.09708178
   1.2100997   0.00510981  0.20872618  1.29297638  0.04688575  1.51164043
   1.68385363  0.7980268   1.78638721  1.10859847  1.51423573  0.75927347
   0.83242613  2.1902349   0.6323595   2.31712365  0.97698188  0.73557127
   1.2633729   1.2516551   1.24849045  1.00828159  1.36391568  0.24815743
   0.47066113  1.07266474  1.0807097   1.01725817  1.62602568  1.00857508
  -0.02520794  0.95562518  0.9232108   1.62882185  2.26932359  1.24751496
   0.49907136  1.67568052  1.82450688  2.10507798  1.61000502  1.39177501
  -0.03995578  0.91325599  0.9756726   1.72815955  2.18643546  0.69206154
   0.56736308  1.50423312  1.40063226  1.70965731  1.15390813  1.36201763
   1.44288278  1.38604534 -0.0375258   0.76808625  0.67277181  1.54311228
   0.69361502  0.980847    1.13168955  0.38972861  1.11593628  0.34770414
   0.02742268  1.12141764  1.0020026   1.14359581  1.14134753  0.546395
   1.1354593   1.41414297  0.40778556  0.49855703  2.58259153  1.3785646
   1.47978508  0.36133644  0.37546968  1.99466836  1.66139841  1.24286234
   1.44095778  1.88992882  0.8263824   2.1038816   0.48415372  1.01380181
   0.71122932  1.3833077   1.40857339  0.85354072  0.05648527  0.693331
   1.12853122  1.93051565  0.57544798  0.37325227  1.3534255   1.70006812
   1.59391809  1.98604655  2.31356263  0.96944708  2.70671415  1.18229425
   1.14073837  1.57372737  0.19078925  0.51038539  0.17801359  0.57568705
   1.43897593  1.02416623  0.55205029  1.23515177  1.08979249  1.58220506
   0.87829703  0.78915608  1.97898054  0.17185256  0.91627151  1.90510798
   0.74775887  1.20225334  1.56364214  1.6049509   0.59764534 -0.01190784
   1.05821753  0.56277215  1.34778988  1.11399162  0.77942085  0.71609837
   0.17000042  0.63974422  1.19203925  1.08405125  0.33380765  1.11316574
   0.73586696  0.85334957  0.81545675  1.22751033  1.60766053  1.4007175
   1.40236807  1.11362851  1.83809876  0.95948648  0.78038985  1.57786214
   0.14588089  1.16292083  1.16661942  1.15837169  1.1301477   2.20200992
   2.47261143  2.11624336  1.27091265  0.86823648  1.52120268  1.33849871
   0.83505976  2.03241134  1.29062593  2.06851125 -0.01608402  1.53435111
   1.8252188   0.62135434  0.24708767  0.96066618  0.69782537  0.49746862
   2.31110048  0.8611995   0.21549188  1.83694172  0.66609025  1.37381911
   2.98583984  0.53207225  2.0185616   0.46468806  1.50642633  1.59569693
   0.61557871  0.59519362  0.49123105  0.95512933  0.50954574  2.29896712
   1.76013505  2.02200866  0.99893957  1.27354932  1.39329028  2.28672838
   0.8576895   1.08661222  0.35826829  0.69719237  0.97844058  0.88816661
   1.33809912  1.23338914 -0.04360573  0.36683792  1.08142543  0.68852216
   0.14792269  0.10377125  0.70893216  0.77880454  1.91701472  0.96627122
   1.0866344   2.27293634  0.87110686  0.91185427  1.07485628  0.92958289
   1.38866937  1.83313298  1.11096799  1.77387202  1.29037261  1.66194582
   0.67620122  0.88313472  0.8254624   2.10191917  1.55906534  0.33798432
   0.17303973  1.21486545  1.47549391  1.41033411  3.07016349  0.07274633
   0.81434077  1.62885499  0.67366999  0.97986013  0.85249323  1.33076406
   0.6741932   0.96725696  0.77373928  1.11152816  1.6105963   0.98792255
   0.79328936  1.42428911  0.69632     2.37559271  1.37798083  0.61382592
   0.80936569  0.40518576  1.47100818  0.59152359  0.87179875 -0.01262997
  -0.01234051  0.46315041  1.39210057  0.94133329  0.88693327  1.11936426
   0.80260617  0.63209534  1.10681891  0.9750399   1.468063    1.22422159
   0.71130854 -0.01337136  0.9247914   1.11120486  0.80264926  1.40877366
   0.95719177  0.59869784  1.23041129  0.30848646  0.47622213  1.08936143
   2.23757386  1.4585644   1.77118337  1.44288075  0.74693024  2.21902895
   1.0708127   1.34988296  0.99411786  2.30403256  1.87770283  1.04269111
   1.19058895  0.92055756  0.427057    1.69615817  0.61089355  1.39185321
   1.85654855  0.68212819  1.20721233  0.93071771  2.62341785  0.44020984
   1.34092379  0.7500006   0.5468992   0.85932279  0.22056927  1.18761659
   0.12705897  0.234934    0.76794374  1.00915408  0.1040327   1.48587954
   1.45771718  0.98601323  0.43152648  1.06069016  0.75528145  1.78345287
   0.64121556  0.96077901  0.39679962  2.17544913  1.81270242  1.23125434
   1.69664586  1.21203601  2.11273885  1.57292116  0.42915136  1.16391301
   1.23859119  1.1508044   0.43168193  0.90749037  2.03408027  0.61964685
   1.17154443  1.53810072  1.69924676 -0.01415161  1.48341489  3.03582549
   0.45949572  0.78076762  0.8766433   1.93971395  2.54993296  1.18408275
   1.42670536  2.22758341  1.39287865  1.58837426  2.24613404  2.5431633
   1.14234233  0.73015988  1.4399159   1.14830399  0.604357    0.7846663
   1.56946945  0.87748808  1.83900845  2.155375    1.01679301  0.60808891
   1.002918    0.80801886  1.33364546  0.64059728  0.77917749  1.21893275
   0.93488801  1.27199602  2.04694486  0.80536443  1.31540704  0.19421281
   0.52277112  1.19322073  0.62825483  0.51788986  1.40708673  1.53239274
   0.43025461  0.72776753  1.17922759 -0.01163145  1.57136631  2.06116748
   3.42469573  1.47927356  0.83650804  1.90990508  0.6293925   0.71730953
   0.96998101  2.00376034  1.45373225  0.87353313  1.20857954  0.50639814
   1.17477703 -0.06466623  0.80494809  0.77447969  1.21297634  0.5667544
   2.05239677  1.56676686  1.20391142  0.11396024  0.15293096  1.02181983
   0.87830949  1.89043272  2.10211658  0.03680325  0.6411407   0.5305959
   1.21234262  1.39939594
