 2.6061666   0.63868976  1.02210116  1.67855728  1.6432364   1.08751523
   1.64311147  0.96485978  0.72581583  0.89172047  1.97608602  1.48545825
   0.74712968  2.10415411  0.88960302  1.36353779  2.18897557  0.66796029
   2.14226961  0.43700799  1.64687097  0.60692269  2.63472795  1.93664885
   2.15757751  1.23516262  1.25244379  2.30776763  1.65239084  1.72835433
   1.87681794  1.6179496   1.40622795  1.1898973   1.46042657  1.24205244
   0.89305264  4.00558519  1.6248076   1.51088583  2.96673083  0.84973353
   2.35699677  0.78150952  0.79065812  1.63720882  3.1811657   1.42246008
   2.14749718  1.39037931  1.91656899  2.97469687  1.09193957  2.39505911
   1.89241529  1.77354455  0.97362751  2.34515643  2.69060755  1.39546859
   1.26097524  0.36933875  1.47208321  1.90791678  0.84341139  0.97107363
   0.81345159  1.01811552  1.36618531  4.0789566   1.33833253  1.95969427
   1.19518876  0.62200922  0.70699513  1.3046906   2.66158867  0.80658996
   1.83352125  0.72543567  1.10796952  0.78392392  1.4386282   1.6999439
   2.09413385  2.01576304  1.02731264  2.58145523  0.96415186  2.24109769
   1.74794483  1.79017162  1.72436774  1.15600896  2.64029217  1.02210963
   0.89523995  0.7871294   1.61760867  1.73458171  1.62910175  1.3171227
   1.41885757  1.76810014  2.12803078  1.81077135  1.85697091  1.32931471
   1.37655461  1.24817121  1.66048717  3.04993606  1.40818608  1.03496885
   0.48184371  1.51485062  1.68109334  1.29944396  2.01064706  1.14827466
   1.95899069  1.85044861  2.97397852  0.58332896  0.98648852  1.92918491
   1.74217153  1.98219085  0.30435497  0.70651275  0.64246577  1.39824963
   1.4398309   0.74809641  1.54163754  0.38156801  0.35953856  0.38717893
   1.80024767  0.98153061  2.01826572  1.3649075   2.7419405   1.13813782
   1.17189181  1.4064095   0.60455459  0.71367812  2.95448279  1.72457004
   1.4687525   2.15146518  0.6698302   1.73318005  2.41597152  1.79301238
   1.48160911  1.64975464  0.74380815  2.59893036  1.45217431  2.03271437
   0.55997521  1.0506618   1.74001229  0.94230276  1.31503963  1.36658382
   0.71088374  1.61563504  0.4021109   0.57138264  1.29144883  1.5339998
   2.05332828  1.72291124  2.24289465  2.65755153  2.45860004  2.10532522
   2.40250874  2.00950265  0.50043476  1.09464514  0.78395373  0.82432902
   1.38032341  1.61531341  0.61613357  0.92240781  2.83550668  2.80956197
   2.51472807  1.05358362  1.8113153   0.3712132   0.34881952  2.43190217
   0.99798357  2.38690066  1.62366343  1.90174258  0.5097177   1.20620251
   2.12093019  1.25627851  1.16797853  0.57762885  1.44045103  0.48703852
   2.92079449  0.67352521  2.3172369   1.11159408  1.89561701  1.5467695
   1.324422    0.80717492  1.39686573  1.35410011  2.75503445  1.90276027
   2.11193109  1.46637571  2.11464143  1.12805629  1.590711    2.25355959
   0.58232194  2.01731849  1.41619861  0.9322648   1.20468581  2.59906888
   2.16540599  1.85285902  1.34408438  1.12569225  1.12464011  1.46063745
   2.60523486  1.25444663  1.50390196  2.19456911  0.67481184  1.42093801
   1.67969751  0.69516265  1.69585443  0.71458709  1.50510597  0.92568552
   1.90676427  0.94530767  1.91596961  0.82555306  2.07685184  1.22219563
   2.69331241  2.25468278  1.34900296  1.25184071  1.63690972  1.10153174
   1.94661582  1.61515832  1.87423301  1.05341005  0.69114524  3.36657214
   1.64960086  1.10065985  2.39825821  0.9966023   0.56219828  2.10089946
   1.18141139  1.7009269   0.39536613  2.24087739  1.38051939  3.3369236
   1.92011845  1.71199012  1.05461752  0.77785861  1.11406803  0.91530991
   0.1699633   1.00463355  1.11140656  1.34190428  1.57243979  0.56409752
   0.80947602  2.99038148  1.51011431  1.86862624  1.02130795  1.73811269
   3.40266013  2.53585196  1.90107501  2.20411611  2.78084159  1.7554754
   0.69856441  0.5995549   0.86755228  3.31886339  3.35726786  0.92236429
   2.30575848  1.69467711  1.55061483  2.94014573  3.02364969  1.43026662
   1.27983582  2.0808661   2.11254478  1.21884632  0.94202024  1.60607946
   1.21144331  1.91631186  0.21644452  1.14957476  1.928895    1.21016252
   1.10049391  1.09607208  0.68125349  2.70413756  1.38230693  1.9340409
   1.13362324  2.14071774  1.22369671  1.563658    0.78001791  1.52554977
   1.92647684  0.99174762  0.33195037  0.87530851  1.39758694  2.34070301
   1.55860364  1.00664961  1.13642514  3.71888065  2.19562936  1.5512408
   0.50868422  1.81917691  0.50926411  1.53426743  0.72278857  1.37313509
   1.69784224  0.83061087  2.90876198  1.67229521  1.2098285   0.85725671
   3.34030747  1.1349498   1.53147626  2.27830315  1.13392055  1.89142561
   0.3895776   1.24101353  0.93981898  2.2827599   2.37212658  2.1059463
   1.499511    2.1178534   1.23247266  1.85325849  2.37055039  3.63124013
   1.35108483  0.50189465  1.21207547  0.8977825   3.11599827  1.68051302
   0.99716973  2.95456123  0.5642966   0.6856733   1.23682654  1.8923043
   1.61278439  1.62232864  1.6367439   1.58188224  1.35213399  0.80446005
   1.50936687  1.77322769  2.15474844  1.36291385  2.06239629  3.09547663
   1.54008079  0.97478616  1.22273684  2.5546031   2.11230803  1.57718503
   1.51658595  1.31353188  1.7197907   1.62590408  1.46689022  2.15499687
   1.87083077  3.15076852  0.94238895  0.93891859  2.13609219  0.72458869
   1.72868872  1.60617447  1.35248649  1.68672836  1.18391967  3.25277352
   1.37625933  0.85946888  0.8440538   1.79536736  2.32200241  2.32299709
   0.89881313  1.73945606  2.60123968  1.10321105  2.4248333   2.26527286
   1.20401394  1.70003164  1.61382306  2.05398011  0.88196534  0.67419535
   1.69267535  1.26743901  1.21865416  2.311625    1.22181988  0.95698327
   1.6432327   1.76030445  1.13676322  1.94393229  1.57930112  0.82736582
   1.26584005  1.27073753  3.19555831  0.64392644  1.99594986  1.6194092
   1.44057333  0.81262696  1.69677949  1.7730062   1.24323905  2.602422
   2.45559859  1.48325312  2.53367138  1.12226331  1.79712939  1.63277173
   1.17426264  1.96978164  1.43358862  3.15409708  3.9260335   1.96482825
   1.65874708  2.13375926  2.3568821   1.6758517   2.20665503  0.84668672
   1.45441377  1.91521692  1.36860228  0.97263616  1.09490335  1.3574357
   1.4505837   1.12372649  1.22593236  0.45062569  1.05880582  1.26345313
   0.81863618  1.98650599  1.16583657  1.48780465  1.24966788  0.38615507
   0.78229219  1.49712694
