 1.42480755  0.77726632  1.39420235  1.45440197  1.24723125  0.65089625
   2.15539026  0.6811704   1.05900824  1.36942685  0.97562253  1.61223948
   1.15501058  0.62282544  0.2620385   1.74327588  1.93763781  0.42723745
   1.81259942  0.74598861  0.74452066  0.64818823  2.09960914  2.42751575
   2.18461061  1.17423892  1.87642777  1.30950451  0.90307176  1.354177
   2.75989127  1.75896168  1.17294967  1.3404721   1.15744233  1.24450004
   1.70264554  4.01454163  1.96516931  1.68783426  2.02270675  1.02749157
   1.16770327  0.83363271  0.7296741   3.08197522  1.80205321  0.86895442
   3.33606195  3.14533854  1.98237503  2.22907853  1.33686709  2.09803104
   1.99708426  1.60235333  1.06944478  2.27315593  2.6690011   1.32821178
   1.16592991  0.58759475  1.06383574  1.51947558  1.51422894  1.05033839
   0.84440303  1.20700514  1.00649798  2.20602489  0.95501643  1.49790883
   0.76925886  1.53292477  1.30081391  1.27210009  2.59382987  1.03771424
   1.49713778  0.6449185   1.57087517  0.65716654  1.3216691   1.22084606
   1.99375343  2.03005624  0.73100078  2.6787889   1.20368624  2.54033899
   2.36697388  2.01756454  1.32595992  1.23768902  1.95498872  2.07925558
   0.76265103  1.05551291  1.81950557  2.00906348  2.7579596   1.10675573
   0.72508967  1.73634183  2.8297801   1.30858791  1.84218836  1.024665
   1.6201278   1.26515377  1.95321953  3.16747975  1.34640372  0.76186574
   0.74655545  0.77535832  2.58702779  1.97632384  1.69915843  2.24342632
   2.06445765  2.35234261  3.02471519  1.18516684  0.59015125  1.77599204
   1.63841498  1.69267333  2.36424327  0.72294825  0.60522908  1.61639559
   1.94350874  0.82193977  2.11736417  2.1452868   0.90923572  1.47127891
   1.77362704  2.64353156  1.81827998  1.14159727  2.31501913  1.00313866
   2.28437877  1.64293683  0.97753036  0.66188359  2.25234532  1.29825199
   2.08540177  0.82946742  0.32855019  1.33965015  1.15725505  1.41868532
   1.60853481  3.5731566   0.94405997  1.70809305  2.17554331  2.89973474
   0.47604078  1.28926456  2.44212341  0.93271232  2.08327985  1.55540264
   1.31843603  1.43951583  0.84541559  0.46142867  1.7820214   1.3974967
   2.46875167  2.29839373  1.38165689  2.29701591  2.04884601  1.59854257
   2.34224296  2.88479996  0.96409762  1.17849481  1.35806382  0.71595311
   1.01356864  2.36041427  0.74137664  1.27006745  3.72387838  2.59282899
   1.83722925  1.27955616  2.38314128  0.5307405   1.1629982   2.05362868
   1.32640314  3.48749781  1.44328725  3.16919088  0.58083308  1.36464202
   1.23468435  0.90448087  1.28656268  0.65867871  1.39322233  0.58344591
   1.26571453  1.99938214  1.26637661  1.25621557  1.73836887  1.08393037
   1.08665669  0.87949789  1.55362344  1.04880321  2.67552423  1.29105532
   1.50031531  1.91613936  1.58132613  0.51763731  1.0004108   1.97917879
   0.65337843  1.26323116  1.84302187  1.09658325  0.96918565  2.35636663
   1.08551502  2.09428     2.64801049  1.67381442  0.71845639  1.86631012
   3.35349822  1.08689249  1.21507335  2.04345703  2.23951602  1.17295349
   1.68199801  0.94480681  1.3329016   2.0669632   1.09382451  1.62785339
   1.47969282  1.07723808  1.5307864   1.62317872  1.74765122  1.06169093
   2.00115848  2.45147657  1.07113409  1.24555075  1.28091419  1.37782073
   1.305179    3.75141144  1.62385046  0.82814217  0.90076071  2.99813414
   1.39148486  2.08415818  2.41251373  1.36847997  1.15016663  1.6579423
   2.22570348  1.94509971  0.40876424  3.21385622  1.99902058  2.70681882
   1.08681417  1.29212224  1.33993638  1.57806349  2.3939786   0.86385876
   0.81274188  1.51217699  1.24830282  2.10730171  1.75611389  0.8311072
   0.61522257  2.59435797  1.68187904  1.32061708  3.46512604  1.62787437
   1.35720539  2.27904224  1.66494405  2.03231955  1.78575146  1.66608465
   1.23125148  0.60328019  1.2139219   2.55603456  2.33027649  0.60405517
   1.82317364  2.05577111  1.8709476   1.90337622  3.85349202  1.28482664
   0.87329656  2.47488809  1.20915031  0.91881645  1.00647426  1.23069274
   0.79931235  2.14487195  0.53438228  1.15581691  1.76399207  1.84518576
   0.99143368  1.05382931  1.7600497   2.27274108  1.70836341  1.70532846
   1.04767084  1.06022453  1.94063163  0.46888092  0.8117739   1.14735579
   1.43965709  2.25499082  0.68187129  0.63027173  1.93742323  2.59582591
   2.14312887  1.57844484  0.92020452  2.44872761  1.37430501  2.42327714
   0.88916045  1.98798907  0.82888389  1.86221421  1.60095727  1.37012506
   1.43178236  0.43864971  1.73370552  1.54035687  0.34015667  0.74361873
   4.05751276  1.09992898  1.25732183  2.27291632  1.18381858  1.7888509
   0.26987842  1.63975215  0.90063757  3.21462464  2.6134057   1.83585525
   2.02106643  2.21935105  1.17148435  2.05485272  1.85949433  2.43023157
   1.20062387  0.45097083  0.95597881  0.6105327   2.31984162  1.6584816
   1.31829655  1.12705314  0.90817285  0.46323979  1.67586923  2.45998883
   2.06385016  1.77858424  3.08478904  0.88125491  1.14612591  0.83783287
   1.66154683  1.19746685  1.39699757  1.61960137  2.052737    3.1413908
   1.53780222  1.40742862  1.38647079  2.03830647  2.05025268  2.0114553
   1.09234941  1.29156709  1.92144382  1.63944745  0.971129    2.06957769
   2.15818453  2.82133269  1.1597867   1.03554082  2.1864326   0.93892413
   1.68336129  1.35600317  1.41402102  1.15164781  1.55064821  4.48018932
   1.70200741  0.93761408  1.40734076  1.68479264  1.98232484  3.36621809
   1.31545651  2.197927    2.37777662  2.74348521  1.89032483  2.11949015
   1.83121979  1.32619429  1.13563967  1.61734319  0.81953102  0.63661313
   2.1961937   0.99186099  1.82472229  1.81481516  1.42594504  1.59117198
   1.0120225   0.69925541  1.33895087  1.56210887  2.09489822  0.95168066
   1.38547361  1.78198087  1.34666002  1.49125338  2.07406449  0.57646763
   1.44553828  1.13695455  1.5922569   1.2269665   1.38138199  2.13205528
   1.21240997  3.28193259  2.9293046   1.60636783  1.93767869  3.31873751
   0.5965234   1.76848686  1.78075612  2.5314095   2.69156337  3.2873497
   1.79114974  2.44835448  1.93427765  2.78249025  1.82251573  1.09281445
   1.73268294  2.36005878  1.21591067  1.22494161  1.58835423  1.76356471
   1.47359359  1.47402191  1.12325168  1.71029186  1.93578577  1.55058897
   1.04896426  1.24293578  3.00348735  1.51890528  1.33804333  0.83983457
   0.7009539   2.34730172
