 1.25338113  1.9123385   1.9710561   1.63217485  1.41257286  1.06624055
   1.08180261  1.00755656  0.79495299  2.04837608  1.33119965  1.37817454
   0.4684273   1.13446629  1.63892078  2.20804095  2.32176185  0.90212852
   1.80182493  0.92167044  0.77744591  0.56370813  2.28553939  2.03766632
   1.88440704  1.1132375   2.17006636  1.31487191  1.87654531  1.74566901
   1.86303878  1.58291543  1.73236799  0.60598618  2.10009503  1.10156572
   3.57998395  1.46743011  2.07517123  1.94817269  1.58255243  2.13918161
   1.61536682  0.88535851  1.05094469  1.56610715  0.8488844   1.57151318
   0.93425703  2.09756351  1.68561649  2.33930135  2.07792759  1.75596511
   2.13686943  1.25660479  0.95770043  1.30328906  1.54807913  2.18654346
   1.76764095  1.253479    1.22821057  1.30847549  0.7231046   1.72018909
   0.59482586  1.23630965  1.71157312  0.81577724  0.84638572  2.51274085
   0.74350542  0.85623461  0.91399151  1.9448843   1.48144865  1.20923996
   1.95901632  0.99880201  1.42885399  0.78420842  1.66140044  1.13630676
   1.62589908  1.27664769  0.57100207  2.51996183  1.36657035  1.56144166
   1.88175297  2.54474854  0.79239208  1.28175044  2.08227754  1.23203135
   0.59891921  1.54328752  1.1205101   2.62774253  1.51986325  0.88672727
   1.94032764  1.86093032  3.48202062  1.98761177  1.64130354  1.68291438
   1.86434519  1.40853035  2.66061258  2.26759434  2.03613019  1.07262385
   1.90151083  0.64958924  2.59454012  1.54449463  2.19915318  1.36347747
   1.93767488  1.41467965  2.57054114  0.98025501  1.29172397  1.28904819
   1.76911449  1.65595829  1.64726019  0.40285346  0.43627316  1.61569846
   0.98313075  1.03766692  1.16588485  1.20252872  1.16106868  0.73443967
   1.08995426  1.21241248  2.54351974  1.63657641  1.30675209  1.18430436
   1.12502027  0.87890309  0.87748873  1.42727804  2.00982833  1.85254908
   1.85571361  1.96525574  0.92181426  1.60345256  0.72847897  1.81544852
   1.38694429  1.0381701   1.07322359  1.58662212  1.29356968  1.90453684
   0.79220027  0.99491394  1.55970311  1.13413131  0.968611    2.10828209
   0.68656909  1.37909937  1.4458133  -0.02176801  1.10432565  1.89411581
   1.64868057  1.91402411  1.40956545  2.40150476  2.51885271  0.93257332
   1.2122674   1.94286537  0.6160695   1.22889173  0.79947507  1.67121255
   0.86104286  1.05780041  0.98290801  0.69283813  1.62301552  1.11675406
   1.19448829  1.94686902  2.11522126  1.44769669  0.74937892  2.10961819
   0.52664655  1.42740929  1.52803266  1.3850553   0.59839547  1.30286407
   2.81963158  1.61337996  1.68654931  0.81632715  1.13277972  0.74019706
   0.93328583  1.38270509  1.1625514   1.44670081  1.07755125  1.75377917
   1.4980855   1.21741664  3.05063438  1.09420979  1.80002284  1.53019118
   1.72824645  0.85140049  2.28982997  1.71245956  0.61363679  2.31364751
   0.70707113  1.5784694   1.48065627  1.23597515  2.32723761  1.59266651
   1.58679533  2.18400025  1.2696799   0.98923248  0.84904343  1.65822232
   2.19511294  2.16760683  1.16124547  2.88070846  2.75943112  1.47281384
   1.56846762  1.14505792  1.75146759  1.87512767  1.66689634  0.79975605
   1.70186377  1.28855288  1.16992283  1.68983531  1.15768337  1.75738311
   2.82240272  1.36335015  1.37373114  0.52516878  1.34000492  1.34690583
   1.11440837  2.40735626  1.32229531  1.20062578  1.19341469  1.59843981
   1.60947669  1.61183     1.40868855  1.27882922  1.90447998  1.52186012
   1.15945292  2.4096756   0.62260401  1.65855408  1.07793665  2.81775832
   1.35562885  1.37938416  1.00212181  1.3506459   1.36443269  0.69943744
   0.92652071  1.40480268  0.53826886  1.06955445  1.58332813  1.73211515
   1.82784188  2.82636881  1.40002704  0.90132588  1.82317936  1.40760458
   1.6821655   2.08467078  1.17057538  1.51391804  1.74447727  1.62922049
   0.54779297  0.50946271  0.84801435  1.17452431  1.06264043  0.60567772
   0.90929723  1.4151547   1.4214201   2.80364895  2.72175384  1.5537951
   0.9550091   2.38315105  1.11195064  0.93054461  1.2299552   2.08354735
   1.20736897  1.87986636  0.72987747  1.06976366  3.04438972  1.66813409
   1.40085018  1.44985986  1.91090226  2.6306541   1.62698102  1.03918993
   1.47075188  1.34964156  0.89714801  0.98492765  1.42606223  0.83000284
   1.26112545  0.75606209  1.19057035  1.74353886  1.42367733  1.7634871
   1.64372396  0.6597023   1.0080595   3.79525971  2.02374744  2.38512135
   1.29668808  1.31199145  1.1975162   1.98119116  0.8535974   2.20953774
   2.04145622  0.67506218  1.39318705  1.21622241  1.11736774  1.12767243
   1.34562337  2.01114821  1.47018826  1.69051003  0.85830772  1.29419255
   0.32247356  1.00332201  1.02751505  2.65030789  2.96884727  1.89245081
   1.62183297  2.19478106  0.84052962  2.14840746  1.23338985  3.2645669
   2.32569575  0.73202276  0.84174865  0.9238705   2.09253502  1.04283059
   1.10982347  1.29654515  1.63830101  1.17544651  1.7616818   1.66044354
   0.8942253   0.62045979  0.41240725  1.75771451  0.64843696  2.9526546
   2.04146457  2.07023692  2.2694521   2.38443685  1.64587545  1.9469173
   1.33257115  1.67547953  2.11699796  2.06603694  1.89263809  2.22086644
   1.0288285   1.35574198  1.66824281  1.53501523  0.59590244  1.43768144
   1.992468    1.9530611   1.18806505  1.13006175  2.11781788  1.11529541
   2.16319823  2.15255499  1.57155967  0.72490561  0.88720137  2.34524202
   1.96639478  0.95266813  1.23097181  0.73746938  1.84882331  2.25460625
   1.11671543  1.70000613  1.50705111  3.10805845  1.99453521  1.63283384
   2.14808559  0.91766661  3.73963213  1.26804185  1.17407739  0.77781641
   1.24756074  1.12680078  2.34853911  1.86000431  1.1285454   1.59818888
   1.4053781   1.02732086  1.50768352  0.86199707  0.73816168  1.4715488
   1.0887183   0.92933655  1.03258026  0.76465565  1.6663599   0.72089046
   0.97955114  1.41779375  1.9711169   1.10344195  1.28809881  1.71120512
   0.57433766  2.55250359  2.47219443  0.90568048  1.40029335  1.36100018
   1.21916258  2.25116348  0.44878939  1.3710829   1.88405061  1.59695983
   2.5809381   2.82131839  2.25055885  1.79755366  1.52446473  1.36698818
   1.85558391  0.81376463  1.59623325  1.39855504  1.26672065  0.68849546
   2.16034102  1.24337924  1.34142983  0.75361639  1.39649355  0.9772231
   1.56070399  1.29538012  1.29959619  1.11414111  1.7758919   1.06240273
   0.91628462  2.41978073
