 2.61767411  2.2878902   1.60952914  3.02865005  1.78572643  2.65711093
   1.56358564  1.61437869  2.49732614  1.32193816  1.18183053  1.30377233
   0.5377714   0.58261555  0.81489199  0.97772378  2.70752907  0.24708883
   1.52796543  0.5756669   1.41000783  0.74603534  1.18770587  1.28915441
   1.46752203  1.63001704  2.94867396  2.10214472  0.74439031  1.69489264
   1.42921674  2.3093257   1.82849944  0.58578551  2.33568025  2.00443101
   0.65477395  2.06782746  0.77783781  0.99403584  1.67986429  1.14606154
   0.81002414  0.5951972   0.6977368   1.782534    2.44896841  0.74271101
   1.63578522  2.66635966  1.43450046  1.76499701  3.74722147  2.48471904
   1.95646763  1.24689996  0.47107711  1.66658771  1.82614577  2.00143528
   1.24581182  1.2114445   1.63526499  0.82369524  1.28213573  0.65038443
   0.6768586   1.15326047  1.73115087  2.55237794  1.74177074  1.78720915
   0.6772759   2.03808928  1.644678    1.18722224  1.94127274  1.42598748
   1.09862709  1.81488287  1.15552437  0.9325549   1.25820708  2.19860125
   1.77884483  1.54420233  0.39624053  3.35371017  1.11806571  1.41079736
   1.93240905  1.57965279  1.20435369  1.36555219  1.29658103  2.06914377
   0.75156045  0.92886722  1.44875276  0.34106892  3.21173096  0.83590811
   3.22578979  1.75884986  1.86087239  1.30662882  1.26844025  1.57163262
   2.12378716  1.77111733  2.13403726  2.06014848  1.67093813  1.30844939
   1.91982388  0.74094248  2.69381332  1.55695665  2.09010577  1.72079396
   1.47677994  2.6627214   2.26694894  2.33560991  0.77295649  1.74870837
   1.08006978  1.67432976  0.99484277  0.41119194  0.36201882  1.44834828
   0.79620427  1.63070297  2.09137702  1.83124578  0.77834928  1.07920027
   1.45755696  2.05286431  1.76294303  2.85208702  3.330369    1.3488344
   1.04299963  1.08731353  1.87625539  0.64407802  1.17773807  0.6184507
   1.63277578  1.79156792  1.23853552  1.94014168  2.88847327  2.77309537
   1.0575403   2.10572338  0.85651982  2.45545077  2.09281683  2.1117866
   0.91183269  1.21955228  0.93428814  1.67661679  1.62259483  2.04973555
   1.70809734  1.43597615  1.0532577  -0.00774041  3.10445523  2.12618685
   2.00508475  1.91358936  2.09093547  2.31531882  2.55899262  1.52561545
   2.47323537  1.30989885  1.62536037  1.57942772  0.79144132  1.76877475
   1.39382052  3.18195701  1.06259394  0.61245608  1.19821274  1.7305342
   1.93845773  0.95833766  1.44897771  1.74416137  1.95342767  3.18633413
   1.48972905  1.4850111   2.10725093  0.85092944  0.45792159  1.81491375
   1.39084041  1.79965603  0.95258802  1.72875547  1.47586083  1.79637003
   1.91890764  1.48502111  1.09262002  1.60160172  2.494169    1.40219104
   1.11090314  0.88134068  1.87941766  2.30355954  1.8531276   1.55999827
   2.18572855  1.11709011  1.78508914  1.87269473  1.44175243  3.46508813
   0.72957712  1.14714277  0.83905619  2.75133991  1.4475975   2.47193718
   1.70684803  1.41943347  1.60236561  1.13746917  1.24515462  1.94451177
   1.96782243  1.01140916  0.47691432  2.84330606  1.32116616  1.39651489
   1.61028171  1.93256724  2.53248692  1.26871133  1.1544826   1.55455244
   1.866552    1.6168406   3.20359111  1.0614996   3.55082345  1.92885673
   1.79814601  2.28742862  1.94506121  0.71028489  1.75613511  3.14316797
   1.77470231  2.29770565  3.0189929   1.62372303  0.94494832  1.91756439
   1.26330769  1.28863347  1.69485223  1.41137886  1.09503067  1.41531241
   1.37908471  2.48050857  1.55287337  3.37172341  1.46240306  1.82896781
   1.78933501  1.38483262  1.72539306  1.63158774  1.66793883  0.83359897
   0.96532553  2.06055832  1.00222659  2.43582892  2.11750698  0.8052814
   1.55072117  3.36872053  1.33865702  1.49379838  3.1605792   1.41909277
   0.90083694  2.13230681  1.80293202  2.0968504   1.11750352  1.89375138
   1.73348784  0.44773626  2.0661459   0.97928584  1.9897728   1.31738436
   4.29930067  1.07401443  1.41855049  2.64377499  1.44698644  0.67862201
   1.18422675  1.11349428  1.18735838  0.80293679  1.02446485  2.71732545
   1.13252771  1.51493323  0.03736845  1.09059823  2.21665621  1.41833234
   3.2225616   1.64084888  1.19023883  2.0045321   1.5931226   1.40084767
   0.93194407  0.79257464  2.06368804  1.62827051  0.91710424  1.45189214
   1.58725178  1.77513444  2.5607388   1.21821988  1.86365426  1.59808016
   1.37191057  2.25150967  0.95213747  3.12916684  1.81119299  1.68706143
   2.02129078  2.17556477  2.51995301  3.4314487   1.93306971  1.9922142
   1.39707267  0.66090983  1.34705389  0.39166871  0.68263209  0.87812221
   1.80499041  2.13036084  1.86729217  2.08478475  1.95195389  1.66679144
   0.80655962  2.0060339   0.83818144  1.29973304  2.72526026  2.3721962
   1.41182649  1.35695136  0.78127825  3.05636501  0.99110705  2.46507716
   1.90456736  1.0786742   2.3138001   1.0999732   2.40426826  1.4115926
   0.44974846  1.90399671  1.58654141  0.99275285  1.72211158  1.31072414
   2.63851643  0.96445054  1.54415905  1.31400919  1.06420565  3.1491673
   1.71628118  1.53428805  1.73619211  2.72342348  3.30677152  3.06286883
   1.40889609  1.45403326  1.95134103  1.66783071  2.28676605  1.14605439
   1.50927472  1.84482753  1.46211159  1.87075257  0.99200404  1.87053418
   3.45656896  1.85600233  0.96848482  2.0367415   2.10588193  0.59290951
   1.30197322  2.24658895  1.62984169  1.24239695  3.14338112  2.82067299
   2.36959481  1.71261466  1.39013994  1.33966076  1.86273336  1.90196526
   1.90681517  2.26630211  1.88965142  2.52510095  2.58480954  1.61444533
   1.96524751  1.96444094  2.16260457  1.32715249  3.07485461  1.05128741
   1.67200363  2.37894917  2.41162825  1.65111125  0.75806749  2.38270116
   2.68799663  0.44940743  0.86475569  0.66891819  2.1323688   0.79500431
   2.46193767  0.96422559  2.60705638  2.43848515  1.62417662  3.14639974
   1.23492265  1.26999736  1.65896797  1.60057271  1.26037669  2.13165402
   1.12468588  2.81814766  2.4952507   1.57114148  1.79437768  0.98516119
   1.07640362  3.92550015  1.39499629  0.78085071  2.21104407  2.14121842
   0.86825347  1.67529559  1.13133466  2.01600671  0.80185008  2.3982718
   1.71994805  1.31991374  1.35542476  1.98934674  1.23111188  0.87345302
   2.09857893  1.27195799  1.45262444  1.64084673  1.45197511  2.5798912
   0.9788506   1.74343717  1.12479246  1.61038947  1.74500394  0.6997568
   1.52911019  1.44079363
