 1.87095988  0.86623824  2.02358437  2.29818058  1.60069978  1.52683461
   0.79522705  1.62732983  1.83946264  1.28445113  2.11514807  1.10414696
   0.864182    1.06884933  1.27739894  2.03689075  2.02363181  0.36988854
   2.0508194   0.64413083  0.56585145  0.53870451  1.66018331  2.21051526
   1.30526984  0.64348942  1.4216578   0.65957111  0.6577459   1.76457393
   1.53762996  2.3756516   1.72019076  0.92547625  0.73370963  2.24503207
   0.65916359  1.92813396  1.95523977  2.29762697  2.43567204  1.27224064
   1.45173669  1.73556054  0.5462836   0.76083726  1.62629175  0.77707833
   1.2027297   1.8387562   1.58033478  2.67087865  0.81340057  2.27801013
   1.98296392  1.99550056  0.81148338  1.58431292  1.47373819  1.63134921
   1.35248315  0.80930275  1.87165689  1.26550519  2.03066468  0.5327906
   0.72390974  0.87236732  1.34419167  2.60833645  0.81239098  2.19075084
   0.93891984  1.32788813  1.22947204  1.31806767  0.26364821  1.59152925
   1.23421419  1.04857171  0.72847921  0.60523516  1.56642652  1.20642483
   1.21523476  0.934811    1.08823419  2.79239535  1.18560326  1.20978403
   2.40000296  3.30740809  1.53518891  0.75972253  1.46937156  2.09397388
   0.88838536  1.14652169  2.11852002  1.19953215  1.61443651  0.65012723
   2.03499103  2.08731127  1.38954735  2.0266583   1.35468423  2.42573094
   1.58854842  1.80019331  1.67398751  2.11151862  1.44024777  1.08931553
   1.09133613  1.05289423  1.61644244  1.30459917  1.75930285  1.52981579
   1.50223422  2.07098603  1.98920596  1.57732522  1.73121119  2.93086672
   1.37098527  1.52436447  1.1939441   0.44066864  0.48854721  1.33421969
   0.92566144  1.24687028  2.02159476  1.47138023  1.5143038   1.01865995
   0.9468351   1.56559539  3.01706457  1.20443797  1.85258889  1.1627214
   3.11109114  0.74083734  1.20794964  1.35155296  1.68873906  1.22096729
   1.81160903  1.06384492  1.3461194   1.89370751  1.08073866  0.69777465
   1.23905158  1.65294194  0.71050012  1.92608941  1.93793643  1.10729527
   1.0780443   0.96836305  0.85768276  0.72936809  1.78574646  1.49805307
   1.01166606  1.34458971  0.709566    1.23995376  0.93039     1.43537879
   1.10550606  1.64295018  2.53066325  2.38366175  1.93527114  1.75490391
   1.78701437  1.0029732   1.84101379  1.57797718  0.59719259  1.03674281
   0.93909246  2.58679986  0.64596564  1.30138123  2.04262733  1.99411905
   3.97397757  0.98980069  2.30978155  2.18813419  1.92374098  1.98825181
   1.10962176  1.5492661   1.5195899   2.43950105  0.09578121  0.61118197
   1.12101972  2.17776608  1.80186391  0.8693198   1.99273109  2.46053457
   1.84840882  0.95573032  1.64941978  0.57479978  0.40189028  1.76544058
   2.44213295  0.84531015  1.40005744  0.95218283  2.00589275  1.91345239
   1.28216624  0.7611782   1.0564723   2.13958764  0.78054351  2.81831551
   0.69316608  1.35020828  1.24549031  4.41620445  1.84773982  1.71240342
   2.23081565  1.83616817  1.04576313  1.31898069  0.9185406   1.92317688
   0.89105254  1.47520113  1.12818313  2.36461639  1.13586068  1.08107364
   1.67051518  1.05329072  2.72526169  1.21051121  0.98501515  0.38810089
   1.83967757  1.54854369  2.03052187  1.04106927  1.79020762  1.33657491
   2.51321959  2.87551069  3.02344275  0.87515926  1.62051523  1.16928446
   2.45623302  1.46531284  2.72220755  0.98122525  1.03740084  1.5094471
   1.86456609  2.18162584  1.62074268  1.37454796  1.09091949  1.34667969
   1.66047919  2.25512099  0.70139223  2.04399276  2.02199745  2.45393324
   1.67555344  1.33934844  1.12588751  0.76626378  1.4437319   0.70204324
   0.55939579  1.08094335  1.9577502   1.71586323  1.4059546   0.95959765
   1.11553216  2.16970277  1.6615535   1.65793312  1.9567461   1.71152496
   1.87377679  1.16198158  1.1217941   2.27011847  1.7066015   1.97899008
   0.70789623  0.74437404  1.28497541  2.53317547  1.99080455  0.85317683
   1.41515863  0.87971044  1.36973917  1.91148067  1.32898235  1.0600673
   0.86000878  1.81279051  1.0578053   0.68052649  0.88473016  2.866992
   0.70696509  1.95820582  0.15737888  1.16240573  2.44604445  0.90532511
   2.29707289  1.33254409  0.25152689  2.08579946  1.41379631  0.49512106
   1.04923356  1.30608642  1.05360126  0.87723124  0.66710645  1.1555177
   1.2080245   0.58294183  0.5871864   1.00330329  1.20209336  1.60895121
   1.70008624  1.04449964  0.61683577  2.24201012  3.0585506   1.30628765
   0.88432884  1.03485835  1.27528155  1.35226274  1.3100493   2.60901117
   1.49663484  1.19838357  0.7711271   0.90168017  0.76905602  1.26459086
   1.60448217  2.69785047  1.06381404  2.17994738  0.98764259  1.58490705
   0.64640737  1.18096495  1.26975739  1.8678925   2.26239133  2.02281308
   1.25481522  0.86610436  1.16164482  2.13535666  1.67336035  1.99895847
   1.56938267  0.70296144  1.00298095  1.4182514   2.41023302  1.34795618
   1.51213348  0.96480983  1.16923857  1.00067663  1.61598492  0.98309118
   2.45045543  0.58354151  1.02908385  1.20920122  1.22182536  1.37485671
   1.62865019  1.12573254  1.02745461  2.19928217  2.79865837  2.44717693
   1.2217927   0.83772355  0.92594606  1.58264482  2.40346503  2.52879691
   1.55099809  1.36964154  1.36950052  1.75412369  1.09266484  2.35275102
   1.50547338  1.29763126  1.64889991  1.41296732  2.36433554  0.78441298
   1.81169605  2.32999802  1.76339507  1.3965534   1.44714105  1.87329614
   2.44909024  0.91667086  1.29535007  1.43115008  1.6391474   2.25968647
   3.04880047  1.743415    1.53685606  1.59385228  1.72315204  1.94154191
   1.78968203  0.44896713  1.37214351  0.7329101   2.08730602  0.88794327
   1.39354885  3.95265627  1.84702146  1.29144597  1.42214584  1.20292854
   1.90348876  0.62695825  1.5848583   0.71835226  0.89737988  0.8858701
   0.73568726  1.52997208  2.03646684  0.91420591  0.82614827  0.78721434
   1.06514478  2.16562653  1.25109732  0.92529011  0.7572028   1.60235858
   1.02915752  0.96638077  2.94237399  0.44517386  1.02407944  1.00335348
   1.39576244  1.88728523  1.39814222  1.0389545   1.7859329   1.94788611
   1.39137256  1.52091265  1.07003713  1.68802857  1.10804474  1.07648396
   1.39693499  1.20162737  0.90298247  0.92800468  1.54115307  0.84237063
   1.78257763  1.85977733  1.15949225  0.73899359  0.9352023   1.27079237
   1.38223982  1.63170671  0.63435638  1.10474849  1.09064126  0.35427666
   0.9977411   0.63797683
