 2.24708414  1.59609115  1.21156883  1.71394968  2.28786564  3.44494891
   0.84175372  0.64850265  1.36318505  1.08691442  1.14923966  1.71803463
   0.59549445  1.15945697  3.42138219  1.26851308  1.76173031  0.40370888
   1.62995458  0.60838974  0.7196002   0.35965759  1.82994282  1.41565764
   1.17173922  1.69902742  1.00861073  1.6899308   1.41080809  1.3602941
   1.21332574  2.00333667  1.81329751  2.11261201  1.24509966  1.13074613
   0.62935948  1.60032165  1.56201363  1.67843163  1.45449579  0.79323101
   0.79312295  1.64616239  0.5296244   0.35399339  1.43452489  0.75852251
   1.0931946   1.28323841  1.72344542  1.81606007  1.86460543  2.23784447
   1.92767465  1.72407365  0.70753932  1.05449402  1.16831887  1.55296159
   1.41741335  1.08740938  1.01966465  1.19437039  1.46159267  0.54120731
   0.98476803  0.462571    1.05678403  1.03841972  0.87245905  2.14792871
   0.80090255  0.97964299  1.7073667   1.52026188  0.84839767  1.65903246
   1.63175344  1.2184186   0.78273189  0.96056527  1.25502729  0.92376006
   1.61767542  0.83924484  0.39023051  2.47743559  1.42136765  2.28131652
   2.51875162  2.46155453  0.94958711  1.16507006  2.70545578  2.99082899
   0.88612813  1.28804314  1.06102049  0.89436656  1.26468313  1.14186549
   2.55700731  3.72785354  1.50970244  2.20745325  1.42598104  1.86481583
   0.65990955  0.84441525  1.85120738  1.74143338  1.15860474  1.00977409
   1.10284269  0.91086882  1.22213709  2.12145877  2.18137407  1.43958449
   0.85810113  0.909141    1.13182902  1.72254241  1.64978647  1.44657195
   1.03422403  1.02590406  0.68431437  0.66223353  0.93981862  1.60661817
   1.69463599  1.09281969  1.77919734  0.90643591  0.80341744  0.74402469
   0.94660556  0.52494216  2.6664257   1.76472545  2.506078    0.37961158
   2.65416765  1.61551583  0.71853817  2.1213038   1.40383065  2.04689312
   1.48960805  1.43817854  1.10769057  3.11837578  2.49707651  1.69926429
   1.13795173  1.23624504  0.84962136  1.99367535  1.87703204  1.39029408
   1.31497991  1.08813524  1.47693717  2.10631418  1.38932383  0.77861935
   0.90621585  1.43041492  0.64432174  1.19958222  1.08243299  1.85103226
   0.78148949  1.80114913  1.2549324   1.64581728  1.34380925  1.1513207
   1.38751757  1.07649243  0.58945781  1.56534398  0.97678161  1.0415448
   0.79202408  1.59426808  0.66323477  0.78524852  1.01393342  1.48899996
   1.2231828   0.92533058  0.90707201  2.07377315  2.08631563  1.29818249
   1.76883936  1.12344813  1.46351016  2.89671326  1.29963088  0.20806144
   2.58446884  1.82768798  2.68930459  0.95349336  2.38379455  2.74019861
   1.24770093  1.51557386  1.30084002  1.54612255  0.45157322  1.30864906
   1.38622487  0.9392938   2.11954975  1.02484739  1.97324038  1.6356374
   1.43368793  1.41055501  1.0949173   1.81184506  1.70394564  2.17756915
   1.15775013  1.41119921  2.08039498  3.72678041  1.93948209  1.33689106
   1.47778976  2.25408268  0.73475015  1.1837132   1.10462117  1.80699337
   1.51977563  1.72555935  0.68286556  1.27387166  2.32328176  1.1922009
   1.78864706  0.86833     3.24481511  1.03619587  0.95148617  0.76158673
   1.886428    1.54030895  1.83147883  1.50304556  0.63560259  0.91651565
   2.02750349  0.9494378   2.74190378  0.95529526  1.65555751  1.1144923
   2.39919615  2.06868553  3.14181376  1.19150376  1.66152668  1.52012718
   1.38466883  0.69591963  1.4725095   1.23542321  0.89970726  1.88675952
   1.40136468  1.22308671  1.21770608  1.86984134  1.47545707  3.10096836
   0.93364543  1.33558309  0.35277098  0.54336226  1.17576396  1.15365529
   0.34967154  1.86273587  0.5216887   1.18705392  0.84273458  1.20956779
   1.01471043  2.79363537  1.42858362  0.83373493  1.60690117  1.31185555
   0.89621282  1.46932447  0.60257035  1.22035193  1.33615041  1.55056608
   0.82164103  0.95643055  1.0977056   1.52586973  1.12786376  1.21112871
   1.62670553  1.2182653   1.98550081  3.69965506  1.38498807  1.02803659
   0.84241503  1.93743145  1.11221921  1.20377421  0.66824818  2.33988476
   0.65063149  3.14895177  1.13388789  0.82731938  1.996243    1.93949354
   1.86360371  1.13859963  0.96414596  1.86179471  1.26010311  1.49167526
   1.2060132   0.65933543  1.16836786  0.71303463  0.74835414  0.86942726
   0.57557231  0.79630232  1.50489271  0.79444242  0.53730768  2.36133409
   0.92011374  1.1547519   1.1258235   1.65096021  1.5063206   1.42417753
   1.9816618   0.69357276  0.94153941  0.9029128   1.19674408  2.26067567
   0.93031418  1.37491369  1.67800486  0.37451282  1.13066638  0.72063601
   0.89651948  2.36180425  1.60010755  1.41613913  0.99381679  1.66065288
   1.0911231   1.17816257  1.01609159  2.24311924  1.33078384  0.69415319
   1.71916044  0.97469682  0.30240914  1.42102647  0.38154539  1.68708777
   0.9645986   1.86137509  1.49602377  0.96305501  1.5759691   2.18680286
   1.30120909  0.95336217  1.43239176  1.00249171  0.74078155  0.83579057
   2.78462481  0.11327553  0.72863442  1.55410528  1.04219735  2.11699653
   1.6196692   1.30024076  1.08019614  1.56997621  3.31693673  1.36436534
   0.10656377  1.3678925   2.23449659  1.77590084  1.3410126   1.61356425
   1.21746993  1.67698348  1.866763    2.24320984  0.82354766  1.89637029
   1.20955551  0.78557074  0.81195253  2.25448275  2.4749949   0.81027788
   1.9799875   1.41074324  1.29711568  2.05159259  1.60959423  1.94452226
   2.98094392  0.58370894  2.13645077  1.02416396  2.788059    1.68081307
   4.05824089  1.41359055  1.81376278  3.341295    1.85030293  1.92971635
   1.60260403  0.92712134  1.51682973  1.01897931  1.24175441  0.74184597
   0.97597229  2.23264122  0.85879093  1.78385675  2.20872402  1.22287571
   0.64234406  1.10386348  0.7474153   0.81906766  1.0779382   0.72643733
   0.48879609  1.42105198  2.33861065  0.83076465  1.45791924  0.96408165
   1.0184418   3.07491422  1.43385625  0.95596755  1.30344987  1.66467905
   2.8881166   1.04570258  2.07477689  0.93943465  2.14878988  1.06657898
   1.64827609  1.46072936  0.44697648  0.88414431  2.28030038  1.34111726
   2.347018    2.59283686  1.35157561  1.31548095  2.39947844  1.13678658
   1.71390772  1.17083347  0.84223557  0.78898048  1.19576013  0.97262752
   1.63843536  0.75316346  1.47916746  0.36378288  0.83414364  2.59225368
   1.52809787  1.68763125  1.01761985  1.3868773   0.63465804  1.37706637
   1.4640013   2.23430872
