 1.9161315   1.67886078  1.99913287  2.4290297   1.77909434  2.17719054
   1.09372032  1.23838627  0.8178854   1.96959686  1.50028431  1.12692583
   0.97849089  0.9828099   3.95410562  1.45847952  1.55739725  0.42817339
   1.48133039  0.65944254  0.56309056  0.27425268  1.16686571  1.5765276
   1.47191     0.7207703   1.38566935  0.89880234  1.02480674  0.78070295
   1.41688859  1.77913225  1.35144234  0.32389578  1.36740434  1.46165287
   0.89222956  2.85754728  1.45592618  1.78075111  1.99233878  1.09660232
   1.7435956   1.02056026  0.42945424  0.81840897  1.33026874  1.31735444
   1.38205278  1.56865466  2.07863808  2.44195485  0.10317665  2.31966257
   1.51843011  1.38410723  0.33735502  1.35813296  2.40450788  1.28797007
   1.11957252  1.02757728  1.42308712  0.82725525  1.52054453  0.41161412
   0.40687266  1.54666078  0.86018926  1.05650759  0.66689748  1.89677858
   0.93338168  0.67323238  0.77730387  1.61118388  0.86878794  0.83848995
   2.30256987  1.99960983  1.97905791  0.88081414  1.13435709  1.16938293
   1.20174468  1.39645529  0.63973397  2.48622346  1.72761285  0.78607082
   2.78519964  2.29619598  1.19106066  1.00502098  2.43758225  1.60332096
   0.59189981  1.78916728  0.77973622  1.47013915  1.72444987  1.20711613
   1.72917116  2.67729568  2.33538079  1.95434391  0.83699042  1.23806572
   1.9051764   1.56057024  1.63917708  2.58148932  0.64486933  1.37730217
   1.51790154  1.2810806   2.56418991  1.70138705  2.07063341  1.62626541
   1.08446622  0.97602355  1.66870165  1.72674394  1.6836549   3.15128088
   1.34625494  1.33370852  2.01582241  0.55942386  0.45431426  1.25319767
   1.31720197  0.93101442  1.57125938  1.71686363  0.54103357  0.89975917
   1.08665192  1.4938885   1.87732661  1.15991724  2.09157991  0.88080573
   2.0756464   0.88441914  0.7204349   2.41213441  1.38662052  0.94004482
   2.07645822  1.2930572   1.75970209  2.40742612  0.23918621  1.30264366
   1.90623236  1.43285859  1.00308216  1.12633908  1.6129545   1.43890274
   0.92977333  0.76827306  1.29452205  1.30663228  1.48423457  0.72510445
   1.45052183  1.43472397  0.74200267 -0.04108648  1.2595998   1.83200383
   1.06490016  1.64262736  1.56866157  2.45462513  1.55921507  1.8613807
   1.03164542  1.24325955  0.9707644   1.64366496  0.90137935  1.70377111
   0.78116453  1.85441911  0.97880006  1.05167663  1.427966    1.1863209
   2.88246202  0.8185125   1.75114393  1.1388824   2.82166481  1.99663901
   1.1511054   2.21933484  2.02269292  3.53658247  1.16555965  0.70769215
   0.98608309  2.59648013  1.82297873  0.77616131  3.00663137  5.43709421
   2.24672604  1.0516336   1.2782023   1.01091266  1.04537427  2.12861037
   1.98799443  0.9716152   2.41359425  1.09909356  1.9910754   1.38450849
   1.90405428  0.97572047  1.51853704  1.46298969  0.89506078  1.83661723
   1.8521359   1.29768085  0.84820139  4.35962629  1.77389419  2.06266165
   1.1453414   0.98237973  1.17386615  0.67289555  1.2635864   1.44075239
   1.3364929   2.39396405  0.54888618  2.06735206  2.20761085  1.23124278
   1.17817724  1.10802341  2.13683987  1.77938247  1.67690349  0.10065787
   1.50321996  2.22861814  1.37442017  0.98418444  1.48107743  1.39403307
   2.77684689  2.38685751  4.20665121  1.05993593  1.28150761  0.47540224
   0.95948565  1.80905569  1.92116654  1.00231564  1.85078001  1.61680007
   1.44706273  0.60568261  1.78334403  1.03527927  0.98637903  1.36812508
   0.6391266   2.14885354  1.00415158  1.64062369  1.45275927  2.30947256
   1.4747777   0.65099663  0.8662129   1.78910708  0.84659123  0.93717271
   0.94064498  0.59647477  0.35195723  2.39501953  0.88615465  1.15306294
   1.52271581  1.96505022  1.36924636  0.7302826   1.50906992  1.68019104
   1.18191195  1.2765491   1.20050097  2.21458578  1.02005064  1.38719988
   0.67721772  0.86480302  1.84493053  1.62649441  2.73407578  1.13615346
   2.20377183  0.94713557  1.79989493  2.25221729  1.45965445  1.21603954
   0.8313579   1.24399304  0.53761107  1.31371891  1.0144316   2.43083382
   0.80524743  1.93696344  0.71540129  0.85776192  1.51067758  1.29112053
   1.91853666  1.37441504  1.00988793  2.44266772  0.96924925  1.2312398
   0.95513606  0.99511892  1.06494975  1.86889887  0.76964861  0.94186604
   1.30559134  0.82696503  0.9254455   0.76812071  0.91265297  1.29275846
   1.20925009  1.93540037  1.40049219  1.04567063  1.93165135  1.59520543
   1.88859522  1.4838711   0.82718462  1.63058114  0.99028826  2.10640979
   1.28611767  1.02212262  1.73859072  1.01745629  1.28282428  1.0168252
   1.41365075  2.57941699  0.81078887  2.19538569  0.81366771  1.91273487
   0.62182915  1.57452631  0.8964777   1.1858604   2.41664934  1.78355885
   2.34039474  1.16112387  0.87875313  1.42351007  1.1418066   1.71519005
   0.9317773   1.44457877  1.61928701  0.90970063  1.88144386  1.98564184
   0.6124562   1.2957536   1.24549294  1.69617951  1.25514507  1.02440798
   3.12545514  0.85109723  0.59598899  1.73809659  1.05326664  1.86027074
   2.20860219  1.62840056  1.11937082  2.57260847  2.88084507  1.75510812
   0.60379887  1.19439471  1.82641578  1.12438822  1.28037715  2.42461872
   1.37285423  1.85397279  1.54336011  1.5086118   0.55035633  1.84310412
   1.30875611  1.36165357  1.00366807  1.51476336  1.44115782  0.66183811
   1.31403899  2.31694055  1.75501919  0.92879421  1.65760827  1.59736633
   2.74756837  1.80399907  1.68877947  0.32099015  1.90340483  1.53418779
   4.85272646  1.11614847  1.60636556  2.13403821  1.12324548  2.21517849
   1.26199496  0.70133621  1.44129181  0.75798815  2.05457902  0.66012686
   0.95047641  0.93758804  1.77808058  1.58823013  1.79479253  2.74620748
   1.82063699  0.91902131  0.83701438  1.4740082   1.09153152  0.83342373
   1.36212206  1.39235699  2.09120917  0.68625081  0.7893455   1.29149103
   0.72626555  2.44930553  1.34123027  0.97252953  1.25132513  2.28247762
   1.49679518  1.12670529  2.71517086  0.54724514  1.29727161  1.13595223
   1.11756408  1.62355864  0.93377155  1.23685646  1.40577257  1.49601626
   0.79168612  1.67257476  1.30668604  1.32729316  1.20946085  0.85701418
   2.03944683  1.44811952  1.01399791  1.12089956  1.47618735  1.46817243
   1.57646739  1.88901067  0.97379738  0.96274787  1.16801202  1.01417053
   1.35777032  1.48474073  1.23576975  0.8322525   0.59651327  0.83654785
   0.93940121  1.55470538
