  1.51312590e+00   1.21275747e+00   1.59598529e+00   2.33758688e+00
    1.79257107e+00   1.61937857e+00   1.89490998e+00   1.29202676e+00
    9.98795450e-01   1.21180630e+00   1.68840039e+00   1.43891561e+00
    6.16356194e-01   1.51303375e+00   3.78469920e+00   1.15227211e+00
    1.49163759e+00   3.78621787e-01   1.24913478e+00   6.15499735e-01
    6.68823838e-01   8.51948559e-01   1.53440022e+00   1.23959267e+00
    9.58093822e-01   1.14767778e+00   1.47886014e+00   1.32881844e+00
    7.79135942e-01   1.60105526e+00   1.20890260e+00   2.44484019e+00
    2.01290584e+00   1.41749549e+00   9.08106804e-01   1.26909161e+00
    1.29582644e+00   1.53073752e+00   9.38527405e-01   2.42935681e+00
    2.37885642e+00   1.55762672e+00   1.43741345e+00   1.12171412e+00
    7.32044697e-01   7.44347692e-01   2.13483238e+00   1.51501584e+00
    1.22758627e+00   2.50280714e+00   2.13783002e+00   3.23385096e+00
    1.25038874e+00   1.21980953e+00   1.45068002e+00   1.71647394e+00
    1.32590747e+00   1.07063484e+00   2.76621842e+00   1.85642052e+00
    2.35921144e+00   1.39164984e+00   1.16178358e+00   2.61413312e+00
    2.05720925e+00   7.47390449e-01   8.96198988e-01   1.11514449e+00
    1.20597219e+00   1.85462308e+00   1.16715133e+00   2.06552553e+00
    1.09956098e+00   5.17223120e-01   1.03502131e+00   1.92836893e+00
    1.24799109e+00   7.18916118e-01   2.35682130e+00   1.49536836e+00
    1.87591922e+00   8.54643285e-01   1.03225005e+00   1.85247362e+00
    1.52026248e+00   1.85660481e+00   4.02331024e-01   2.56280208e+00
    1.89305294e+00   2.27837181e+00   2.17789984e+00   2.82073641e+00
    6.71214104e-01   5.96912324e-01   2.91873789e+00   1.34410894e+00
    8.00362825e-01   7.14733064e-01   1.66261411e+00   1.92019725e+00
    1.90119684e+00   1.43179250e+00   1.92143798e+00   2.79890633e+00
    2.29978561e+00   1.26507652e+00   6.57181084e-01   2.36026645e+00
    9.75076437e-01   1.28451967e+00   1.14554584e+00   2.42235065e+00
    1.08225596e+00   9.52028513e-01   1.70875144e+00   1.12866175e+00
    1.24759960e+00   2.28621769e+00   1.88410378e+00   1.59092486e+00
    1.35730863e+00   8.94963801e-01   1.65740609e+00   1.27838600e+00
    1.45186949e+00   2.15745521e+00   1.64692521e+00   1.86121237e+00
    1.30106616e+00   8.16452086e-01   1.00863779e+00   1.26816869e+00
    1.51145244e+00   1.31491733e+00   1.60179186e+00   5.63039780e-01
    7.40052819e-01   1.51312184e+00   1.01001847e+00   1.24656451e+00
    2.33891797e+00   1.34818339e+00   2.12884140e+00   5.50467491e-01
    3.72738743e+00   7.49493837e-01   1.41341269e+00   1.90938580e+00
    1.23444998e+00   1.65656590e+00   1.86545432e+00   1.00429952e+00
    2.09981680e+00   1.63721001e+00   1.09105611e+00   1.00557458e+00
    1.94590211e+00   1.74810231e+00   1.12332773e+00   3.07906365e+00
    1.37408447e+00   1.91249859e+00   1.81595623e+00   6.45105898e-01
    2.51603961e+00   8.66950035e-01   1.75642526e+00   1.01321077e+00
    1.45434844e+00   1.08085740e+00   5.94491124e-01   1.19469059e+00
    1.95877934e+00   1.67005718e+00   1.61394501e+00   1.85356855e+00
    1.52500367e+00   2.31034851e+00   1.15301502e+00   1.74777281e+00
    1.74002695e+00   1.16462505e+00   1.34450674e+00   2.14807653e+00
    9.89608467e-01   1.82858074e+00   1.88639805e-01   1.16685843e+00
    1.04912293e+00   6.83483779e-01   1.99903023e+00   1.63470030e+00
    2.32641983e+00   9.34722126e-01   1.87688839e+00   2.24794364e+00
    3.33215404e+00   2.58891225e+00   1.26568925e+00   1.54668808e+00
    1.99733222e+00   3.59082389e+00   9.12934840e-01   1.42759824e+00
    1.06879830e+00   2.64850283e+00   2.32358313e+00   1.32949209e+00
    2.61458254e+00   5.30855846e+00   1.89299262e+00   1.68603373e+00
    1.97132814e+00   1.97286642e+00   9.49431956e-01   2.18593764e+00
    2.14651990e+00   8.66088390e-01   2.37299895e+00   1.12267566e+00
    1.98095489e+00   1.87510502e+00   1.39647615e+00   1.05971873e+00
    1.71103108e+00   1.66194606e+00   1.35291731e+00   1.57160854e+00
    7.19834030e-01   1.83922350e+00   6.93220139e-01   4.36309004e+00
    1.78888714e+00   1.99432886e+00   3.53696203e+00   1.70970774e+00
    1.68053174e+00   1.68739319e+00   1.14248896e+00   1.56375325e+00
    1.59324789e+00   2.19178772e+00   7.19188094e-01   1.84269905e+00
    2.08096671e+00   9.75917518e-01   1.51183009e+00   1.97613561e+00
    2.12742066e+00   1.13243890e+00   1.23122954e+00   7.65067041e-01
    1.53292012e+00   1.63070631e+00   1.89656019e+00   2.16574836e+00
    9.69738901e-01   2.08493662e+00   2.19862676e+00   1.13988638e+00
    3.02087784e+00   8.71024847e-01   9.54014301e-01   7.89399445e-01
    2.00443149e+00   1.98863482e+00   2.36745763e+00   1.32366991e+00
    1.51680315e+00   1.27013874e+00   1.45894837e+00   2.67162204e+00
    1.42935443e+00   1.65450680e+00   1.29546738e+00   6.60835326e-01
    1.33089411e+00   1.56392527e+00   1.15278280e+00   1.64973605e+00
    1.87259662e+00   2.53554916e+00   1.41936398e+00   9.29801464e-01
    1.28100693e+00   1.81568325e+00   1.37161243e+00   8.32378507e-01
    1.65650928e+00   1.22842038e+00   8.75992477e-01   1.66763914e+00
    1.83426499e+00   1.05210209e+00   1.68570638e+00   2.47979021e+00
    1.74174678e+00   7.43033350e-01   2.01713014e+00   1.90495908e+00
    7.70009995e-01   1.20426214e+00   7.07992136e-01   1.79220223e+00
    2.09340501e+00   1.15808070e+00   1.27710521e+00   1.19095111e+00
    1.81261945e+00   2.69849920e+00   1.98593259e+00   1.11021781e+00
    1.66127944e+00   8.15677881e-01   1.73518634e+00   2.38319016e+00
    2.81088853e+00   1.13650489e+00   1.05931151e+00   8.77351403e-01
    7.84251511e-01   1.47808123e+00   8.72228026e-01   1.15684962e+00
    1.56960428e+00   1.78536093e+00   7.26863086e-01   6.10854447e-01
    2.04163146e+00   1.90035927e+00   1.76719689e+00   9.44888592e-01
    6.00007594e-01   1.98817945e+00   1.24256051e+00   1.13308120e+00
    1.56604767e+00   1.68643332e+00   1.83053982e+00   1.95649099e+00
    1.35381615e+00   1.12748253e+00   5.69457710e-01   8.04996073e-01
    1.04935110e+00   1.55282283e+00   5.92814267e-01   1.75997448e+00
    7.83913851e-01   1.61136293e+00   1.71939611e+00   2.11482430e+00
    1.56309760e+00   2.18195128e+00   1.81815052e+00   1.13560128e+00
    2.21559215e+00   8.46832812e-01   1.19327259e+00   2.04790854e+00
    1.09923589e+00   7.82396138e-01   9.36856329e-01   9.99872565e-01
    1.18021452e+00   1.18639469e+00   1.70351243e+00   2.89846134e+00
    1.90381145e+00   1.45020163e+00   1.05344498e+00   1.90029156e+00
    7.16786742e-01   2.00925589e+00   7.03756273e-01   1.00642133e+00
    2.03521872e+00   1.55362201e+00   1.48873484e+00   1.64962852e+00
    7.73738921e-01   1.84959638e+00   1.34614146e+00   2.14506269e+00
    1.43516040e+00   1.55676579e+00   1.38099110e+00   8.87498736e-01
    2.12067747e+00   1.65904117e+00   1.08059466e+00   9.33079004e-01
    1.35054290e+00   1.67288899e+00   8.43323350e-01   1.78673851e+00
    2.45653272e+00   6.84572458e-01   3.73933256e-01   2.05118966e+00
    1.75758827e+00   1.76454175e+00   1.44252014e+00   4.48062211e-01
    2.47026086e+00   3.22397947e+00   2.97333336e+00   1.33670950e+00
    1.09652865e+00   8.19336355e-01   1.89515901e+00   1.97806358e+00
    1.89256036e+00   2.60507059e+00   1.25249410e+00   1.38430274e+00
    1.15598285e+00   1.79438090e+00   1.12500823e+00   4.06730938e+00
    2.03846812e+00   1.00944102e+00   2.50403214e+00   1.07690012e+00
    9.80636060e-01   9.16286111e-01   1.94365323e+00   3.07151127e+00
    1.13800073e+00   9.55687106e-01   1.42552602e+00   1.82265556e+00
    1.85454726e+00   1.50214994e+00   1.49959111e+00   2.13044381e+00
    1.37247801e+00   2.42864776e+00   4.42849207e+00   1.95553005e+00
    1.57729459e+00   2.42648220e+00   1.11522770e+00   2.47744226e+00
    1.82060099e+00   7.09995806e-01   1.19589925e+00   9.36986148e-01
    1.97838521e+00   7.30507791e-01   1.13801098e+00   3.10707831e+00
    1.50620842e+00   9.54036236e-01   2.35749793e+00   2.93466425e+00
    2.24735355e+00   9.55770493e-01   9.17347312e-01   1.50085199e+00
    3.60961080e-01   1.52052200e+00   1.59349465e+00   1.15400636e+00
    2.54864144e+00   1.28279734e+00   1.02331269e+00  -3.37634585e-03
    1.77013671e+00   2.16249800e+00   1.68611884e+00   8.22468221e-01
    1.33521116e+00   3.14142299e+00   1.16812789e+00   7.98198223e-01
    2.48094606e+00   3.20843488e-01   1.23013878e+00   5.98832190e-01
    1.92760944e+00   3.13244390e+00   1.00561488e+00   6.39763713e-01
    1.84653926e+00   2.52371621e+00   1.40852177e+00   1.13912714e+00
    1.80041766e+00   1.28579342e+00   1.16215265e+00   1.57764626e+00
    1.17419100e+00   1.75637877e+00   1.24528539e+00   1.20460641e+00
    2.01634216e+00   2.16909814e+00   2.27508354e+00   7.56157815e-01
    1.85227513e+00   4.40658033e-01   6.52217150e-01   2.47856665e+00
    1.84791183e+00   1.90200913e+00   1.75115502e+00   7.11204588e-01
    1.63538754e+00   1.45952201e+00   1.14289474e+00   2.14200354e+00
