 1.25019026  1.2965703   1.80223858  2.12688398  1.80438769  1.97285807
   0.44209945  0.88710934  1.24651575  1.03725815  2.03510356  1.23655927
   0.03064784  0.43386966  4.21787453  1.29786301  1.77848399  0.65817457
   0.88398224  0.79691279  0.83779824  0.82305604  0.90146959  1.87454593
   0.92270553  0.74978101  1.85803246  1.10615861  0.47587457  0.2240306
   0.65397495  1.40451872  0.89471865  0.72840106  1.17044973  1.2967602
   1.51826251  1.09364164  1.08761823  1.47523177  1.58612216  0.60000795
   1.38511443  0.8698442   0.81258261  0.61368233  1.22195995  1.39770842
   0.95241696  1.62629902  2.03190422  3.07419634  0.43037507  1.5974896
   0.91568565  2.04460597  1.21001351  1.37511289  1.91113424  2.02733302
   0.91393256  0.44142354  1.52427268  0.7814604   1.08196068  0.6057328
   1.0746187   0.95046204  0.92141289  1.06015241  0.63290524  1.89806688
   1.41401958  0.91532344  0.85141206  0.6030851   1.05369782  1.74082553
   3.12695503  0.80213755  1.02438247  1.16204703  1.43894482  1.05202639
   0.630916    1.91016841  0.30254751  2.31663966  1.69076967  2.45590639
   1.5661552   1.57643974  0.50839758  0.63241285  2.03986645  1.02370024
   1.79754865  1.04371071  0.59955579  1.27978408  1.75415325  0.84318829
   1.25527942  1.65909564  0.98446357  2.35730505  1.60291493  2.57351828
   0.6680423   1.01218057  1.53473902  1.48966897  1.30365157  1.58218634
   0.6509825   0.74552798  1.14133167  1.25572586  1.28474939  1.07634366
   1.22079778  1.14859498  1.45940316  1.6511668   1.68978775  2.5011692
   0.839966    1.37304676  0.56484908  0.97202128  0.82348609  1.75370932
   0.29741937  0.69501281  1.04529929  1.09072411  0.9767952   0.389424
   1.1670779   1.45147419  1.94096923  0.99350995  1.68991017  0.59478712
   2.30298686  1.47424245  0.92293555  1.0114522   1.19250453  0.18855472
   1.51418889  1.72938216  1.98947263  2.10506439  0.73109502  1.19343495
   1.48778999  1.36683512  1.25118494  2.50542307  1.81503463  2.04474664
   0.78989953  1.063694    1.8159405   1.23436761  0.94573051  1.51541686
   0.56923556  1.32564449  0.65296894  0.68572444  1.02040136  1.33731413
   0.68543124  1.51236451  1.68174827  1.06238389  0.90825009  1.08142722
   1.07643461  1.30838764  0.69949263  1.87295425  0.31416342  1.28715014
   0.38537249  2.06799555  0.75837833  0.95655745  1.46741164  1.28280532
   1.22650373  1.16188467  1.32857156  0.74315172  2.3507998   2.18665409
   1.57756603  2.18208051  1.79413927  4.40477085  1.0513972   0.65750998
   0.86044043  2.1085093   2.45452762  2.00340867  1.53981233  4.60357189
   1.38128173  0.34268171  1.51620138  0.79263783  1.17527699  2.08840656
   1.73822427  1.17460585  1.1295836   1.1426003   1.86432672  1.66160297
   1.64586759  0.88440537  0.84826612  1.00038183  0.70409679  1.4996736
   0.94050223  1.67494845  2.20368338  4.16672564  1.59680855  1.24436343
   1.41386628  0.93926883  0.6963132   1.52443373  1.04805613  1.9528054
   1.2233417   3.52060175  0.89175665  1.31818604  1.88293004  1.72358942
   0.81892604  1.15698373  0.87961894  1.27945662  1.03239405  0.76894581
   1.66835678  1.54163408  1.15917754  1.46089363  1.10832071  1.54662609
   2.77577376  1.21202862  3.41079092  0.35597342  1.58981717  0.9669615
   0.90480411  1.16242898  1.47811699  1.08928108  1.28128493  1.97549891
   1.41883814  1.44941127  1.7089541   1.33982933  0.75885308  1.00797963
   1.04752159  1.63009453  1.22786438  1.45762169  1.92023826  1.02192974
   0.81405938  1.22087359  0.06641809  0.89442712  0.88913965  1.18035483
   0.2647371   0.29598251  0.61078525  1.39954686  1.34415174  1.74149215
   2.47317886  1.6796422   1.20176172  0.91205722  2.72696424  0.86892295
   0.40839383  1.43303323  0.67435998  2.12790132  1.54523683  0.8499161
   1.34137547  1.05406666  1.03811681  0.44029027  0.58256459  0.73566544
   1.65349579  1.00119948  0.72017819  1.74918175  2.05507517  0.75768101
   0.78324246  1.17726898  0.9216097   1.17837429  0.69653386  0.65083241
   0.81052268  1.20549095  0.43845147  0.67367202  2.27880192  0.64441496
   1.47412622  0.90063471  0.5377152   1.93395591  1.44413471  0.58894116
   1.25103593  0.40253648  1.4731133   1.78103137  1.21104217  0.53173095
   0.58497161  0.37889236  1.64817572  1.25736475  0.72535002  1.58076406
   0.74153996  1.57642984  1.54467952  1.48013544  1.49078369  1.49913883
   1.411268    0.19846     1.08559632  0.84573758  0.8174997   2.13335967
   0.37545833  0.81722105  1.520015    1.26739311  0.54855245  1.0702467
   1.44414258  1.89125443  0.61506462  1.23667574  1.21932721  2.31650114
   0.90943527  1.48506796  1.05013239  1.40279973  1.86656439  0.90005714
   1.28047645  0.8922497   0.11852258  1.22535348  0.5142175   2.14106178
   1.21982038  1.49411452  1.55810499  1.07776642  2.07966757  1.5716027
   1.08812344  0.99739784  0.80572081  2.01396966  0.61402452  1.83839047
   0.95405996  0.8011108   0.69788826  1.48360944  0.53094077  1.87285185
   1.02565682  1.17041278  1.87196982  1.90579069  2.94369388  0.7803809
   0.35311973  0.90918463  0.6191026   1.95447075  1.28097463  1.84359276
   1.56940806  1.24242222  1.83108354  1.57074952  0.45627582  3.49612188
   1.88471949  1.16651261  1.4167335   1.36603713  1.46902156  0.99772584
   1.40947318  1.13765073  1.35237682  0.49102828  1.37821841  2.07250357
   2.87158847  1.36752057  1.42857623  0.76500976  2.21352935  1.9103986
   4.51459885  2.97949648  1.19854176  1.57409942  2.18504119  2.20680308
   2.05670714  0.21204497  2.73101664  1.19706249  1.35585356  1.02428472
   1.41137898  1.2821703   1.37768674  1.07886887  1.36032569  2.15964222
   1.07873571  1.14207435  1.15931106  1.08010161  0.64375657  1.17328155
   0.64456928  0.47846428  2.09198809  0.97373021  1.34091461  0.68916273
   0.71335703  1.48684251  1.10831344  0.6239382   0.97793025  2.33138156
   1.20990801  0.71333593  1.25795543  0.73897618  0.89584017  0.64438647
   1.13615477  2.12812591  0.35675615  0.84618366  1.84620416  0.7880885
   1.43751109  1.04416668  1.36252034  1.19912314  2.20445895  0.62993199
   0.94522154  0.56636506  0.77442527  1.03150809  1.90329731  1.27041745
   1.73271215  1.47128522  1.17039537  0.23966035  0.30088353  1.39775825
   1.04639232  1.77877343  1.43531418  1.06651032  0.64760226  1.03941905
   0.86756611  1.62986434
