 0.94430417  0.93490559  2.37924504  2.96390676  1.73620558  1.6215384
   0.91302639  1.61544549  1.39537728  1.98720312  1.28262722  0.93830764
   0.41842464  1.27623427  6.56903076  1.25806236  1.92503059  0.617962
   0.6828987   1.11339557  1.00638664  1.29340363  1.43960154  1.76991463
   0.44982836  1.1497041   2.55828357  1.71250796  0.41065419  1.31496263
   0.99203652  1.5948081   0.63950866  2.2099452   0.81924987  1.40634179
   3.17501354  2.15949321  2.89251947  2.23366857  2.3593576   0.66609603
   1.21824133  0.84715468  0.76062101  0.97094411  0.87815833  1.07798934
   1.35074341  1.77785158  1.99748993  3.92246866  0.30198517  1.61744797
   0.93202484  2.21896791  1.201864    1.0098418   1.84169626  2.72478151
   1.65525627  0.85915262  1.11640191  0.9501918   3.08605337  0.32546815
   1.01257956  0.84511501  1.02064049  2.30525494  1.0309      2.34794044
   0.70297772  1.0655582   1.3086046   0.92631322  0.6997633   0.76729316
   5.31799889  0.75539351  1.33909738  1.07329822  1.41535676  2.06088805
   0.46010831  2.22965193  0.5942179   3.14153743  0.90238035  2.18072271
   2.06004596  2.46047854  1.20029056  0.12531951  3.41823387  2.51756382
   1.49454737  1.68334198  1.40639615  1.12142527  1.52584314  1.36596227
   1.45617902  2.54637098  2.02158594  1.36432469  1.27926099  1.52484703
   1.11785996  1.9131279   0.84185731  1.268381    1.44889879  1.57499993
   1.63285017  1.16686022  1.6002748   1.63288331  1.62273526  1.87084508
   1.19022727  1.29948711  1.12334752  1.51179659  1.58292997  2.93979025
   1.2148248   1.87949002  1.62322104  0.79845834  1.16745234  1.7680912
   1.32071304  1.07911539  1.2804358   2.10956383  0.42304066  1.17779338
   0.73853517  2.00903749  2.05759978  3.19507599  2.40281582  1.0751965
   2.23200512  1.64919031  1.08439279  2.12066817  1.30970848  1.18842399
   1.74432456  1.05338967  2.19936228  1.84393489  1.88935852  1.06529653
   1.84519446  1.58622003  1.08210218  2.56526041  1.57324016  2.44328642
   0.71837509  1.51619589  2.62776089  0.94968253  1.05395818  1.59291029
   0.89255053  0.94297683  0.77022851  0.70734549  0.70292735  2.13964939
   0.87168646  1.6446054   1.19314921  1.91545641  1.54595125  1.96697783
   1.52525699  0.99912304  1.04159188  1.68823528  0.86760753  2.54312038
   0.58673066  1.88570476  0.83455527  1.56701064  1.60302663  1.34957325
   0.98661631  1.15080345  1.29146433  1.44630837  3.63035607  2.51800942
   1.75314152  2.85922146  1.31013501  5.64311123  1.31005192  1.22506976
   1.0375272   2.29159498  1.95796847  1.56952906  2.38235855  5.90017509
   2.11038709  1.30151975  2.09475136  1.65182304  0.66660327  1.64520395
   1.66018081  1.18539751  2.69984174  0.8076027   1.43789482  1.47996521
   2.04529309  1.063447    1.12325907  1.39378941  1.09374511  1.63062608
   1.72020018  2.4204874   0.83495951  5.36581135  2.51820469  0.97197527
   1.09839404  0.6624949   1.08753026  2.40910697  1.89218473  1.67360985
   0.54699469  5.41238451  0.74381542  2.33651328  2.82193089  1.78471851
   1.73907316  1.29694152  1.10538876  1.26782703  1.36538434  0.77105057
   1.76380301  1.70807171  0.76258111  2.03963256  1.77795601  1.92778587
   2.43749118  1.18772888  4.55310488  1.19173634  2.13878012  0.89481354
   1.96255386  1.99790454  2.03900266  1.52787757  0.58537197  1.10878718
   1.33235502  1.96944547  2.01917481  1.21585536  1.45316744  0.52990401
   1.32346702  2.09352469  0.877958    1.40293276  1.699857    1.28339279
   1.23773694  1.11275184  0.3887777   2.03186798  1.2301836   0.86244774
   0.42930782  0.94166458  0.94299906  1.30501676  1.39726567  1.31664062
   3.72856355  1.70637393  1.51997912  1.03037691  1.44074845  1.42680359
   0.35481441  1.31810915  1.78766704  2.06567121  1.0552938   1.6023339
   1.6231097   1.21199477  1.26317728  1.04623365  1.06466615  0.86462629
   1.60668635  1.34741628  1.40641916  2.33260679  2.88301706  0.94035327
   1.56514716  1.62821424  0.35514891  1.18560445  0.74386203  1.17709398
   1.442083    1.37277389  0.66121703  0.42675689  3.49629307  1.50151145
   1.68122327  0.56982625  0.8923555   2.42635894  1.40815508  1.03842092
   0.8761791   0.63359976  1.31720316  2.32070303  0.90108222  1.05181372
   0.87387717  0.67087418  2.07356572  1.3510704   0.77088028  1.56232965
   2.24574924  1.35758042  1.56283784  1.52007473  1.51590705  1.30714774
   2.31865001  0.53115928  1.63361835  0.99418932  1.29396832  3.09000731
   1.0174222   0.87104535  1.19849169  0.96002352  1.12833238  1.74510252
   1.39430559  2.18158174  0.8873232   1.65178525  2.02462244  1.97966731
   1.67447937  1.84120631  0.92047358  2.00008059  1.06518614  1.32518649
   0.89986253  1.34615862  0.32895872  1.76449001  1.16201794  2.62868023
   1.76173997  1.31146526  1.38954449  1.23877585  2.18659139  1.48638844
   1.24141824  0.98690456  0.95508152  2.13319516  1.0200752   2.28510857
   1.65820658  0.37310782  1.1498189   1.96658361  1.11528707  1.92608035
   0.43082151  0.87104964  2.84408188  2.55656171  3.24845743  1.58825266
   0.59106725  1.13186395  1.32142055  2.38574243  1.59671021  2.39746737
   1.40103757  1.88082397  1.56777942  1.62580597  0.68147349  3.65890837
   1.85648012  1.17404771  2.40578532  1.5094502   2.00036693  0.83757412
   1.35016608  1.81359661  1.40087008  2.04112124  2.56687522  1.11327553
   3.16308498  1.66041124  0.92527133  1.06425667  2.57912588  1.47741044
   5.49111032  1.76309001  1.71441257  1.59608054  2.14998364  2.29501867
   1.55151451  0.3722972   1.86063135  1.7776891   1.11896968  1.12789476
   1.22702944  1.34912455  1.69471002  0.92552346  1.71692097  2.02117872
   1.90611911  0.92172879  1.07459033  1.09238267  1.0078702   1.32182372
   1.1449368   1.34989607  2.53375649  1.29892623  1.35482585  1.01166201
   1.81140053  2.5171504   0.4335427   0.95200843  1.14454079  3.12309027
   0.72648019  1.37776268  3.02551246  0.4560535   0.94397247  1.34299231
   1.98704958  2.93571162  0.53836697  0.64757711  1.76969421  2.17960358
   0.92496943  1.30729127  1.24066603  1.68808925  2.17483664  0.69586778
   1.40586674  1.67909741  0.04188908  1.13567364  2.44727898  1.86198115
   2.74603176  1.63873827  1.39451778  0.60411876  0.8584801   1.42193472
   0.80677956  2.07612252  1.20580947  1.26579344  1.15212977  1.42500925
   0.63144642  2.07651949
