  1.32072461e+00   7.13028729e-01   2.42086864e+00   1.54779029e+00
    1.79268575e+00   1.51181102e+00   5.86106002e-01   1.54468596e+00
    1.20951223e+00   1.02289975e+00   1.11080027e+00   1.90976715e+00
    2.35261187e-01   1.50648296e+00   3.39285064e+00   8.84130716e-01
    1.52002716e+00   1.03973424e+00   8.24935079e-01   1.30574691e+00
    1.27136123e+00   1.41175056e+00   1.09003949e+00   9.25560117e-01
    3.54101628e-01   1.23025429e+00   1.01998281e+00   1.07555521e+00
    7.08994389e-01   3.69924515e-01   6.53381944e-01   1.43055010e+00
    3.97895485e-01   1.02124465e+00   7.37592757e-01   1.90546548e+00
    3.37332392e+00   1.87312508e+00   2.03050852e+00   2.02621555e+00
    2.33586884e+00   4.26848710e-01   4.04999822e-01   1.20488977e+00
    8.73756468e-01   1.23428035e+00   8.25322330e-01   1.31602871e+00
    1.08076727e+00   1.20433497e+00   2.33126807e+00   2.38629508e+00
    7.23257184e-01   1.16575468e+00   1.38572073e+00   1.83070219e+00
    1.04857445e+00   5.59742689e-01   1.39718580e+00   1.99614370e+00
    1.13957250e+00   1.20120478e+00   1.79632843e+00   9.27445829e-01
    1.49350774e+00   8.93492818e-01   1.25212288e+00   9.28023994e-01
    5.85522950e-01   3.10196042e+00   4.20789212e-01   2.58764529e+00
    7.20943153e-01   4.25544322e-01   3.16009820e-01   1.20573115e+00
    3.91281873e-01   9.24560905e-01   3.24747968e+00   9.91906822e-01
    1.25778115e+00   1.14010930e+00   1.82501364e+00   1.42280436e+00
    1.15268700e-01   1.50707364e+00   5.13468385e-01   3.14787626e+00
    1.07783794e+00   1.76252866e+00   1.35001206e+00   1.29750550e+00
    5.92725635e-01   7.00804353e-01   1.85753679e+00   1.29730821e+00
    1.64405417e+00   1.98801529e+00   8.98723006e-01   9.84715104e-01
    1.93059576e+00   1.12240922e+00   2.03447774e-01   1.36361980e+00
    7.88308263e-01   1.46615767e+00   1.03763127e+00   1.29624403e+00
    4.17355031e-01   1.00063336e+00   5.57791531e-01   8.06558073e-01
    1.46912813e+00   1.77756202e+00   4.43877935e-01   6.42755449e-01
    4.30304587e-01   1.29454005e+00   1.71001172e+00   1.55617785e+00
    8.86630595e-01   1.07146978e+00   1.09737992e+00   1.29270029e+00
    1.90302336e+00   1.96887040e+00   7.12820888e-01   1.46984982e+00
    6.16417468e-01   1.22039628e+00   8.36413145e-01   1.37708986e+00
    9.49941516e-01   1.49266744e+00   4.97334093e-01   1.31195056e+00
    7.05900967e-01   8.57914388e-01   1.53786033e-01   1.82347083e+00
    1.94926441e+00   1.33058143e+00   1.27209938e+00   4.86880451e-01
    1.74702358e+00   1.83953142e+00  -4.79253242e-03   2.05619645e+00
    1.08342624e+00   6.02862239e-01   1.44180477e+00   4.52942699e-01
    1.33647954e+00   1.56637931e+00   2.02307403e-01   1.14241385e+00
    1.12003756e+00   1.53725731e+00   1.12030888e+00   1.64096212e+00
    9.23362851e-01   1.96542192e+00   1.10329843e+00   1.40308070e+00
    2.22937584e+00   1.47222543e+00   2.85859466e-01   7.28195727e-01
    9.76708114e-01   6.38212442e-01   1.28072953e+00   1.99593276e-01
    1.03157604e+00   3.04120302e+00   1.17870665e+00   1.60761487e+00
    8.70338023e-01   8.66193116e-01   8.11689198e-01   1.39248621e+00
   -4.10180725e-02   6.40751123e-01   4.17319655e-01   7.98101068e-01
    5.92531741e-01   1.08411407e+00   5.23055851e-01   1.33429217e+00
    9.74589288e-01   1.29612398e+00   1.94355941e+00   1.99817574e+00
    5.04116833e-01   1.07307053e+00   1.58878243e+00   3.94811034e-01
    2.74485207e+00   2.55302072e+00   1.64616799e+00   1.62131965e+00
    2.64370799e+00   3.46956873e+00   1.07107091e+00   7.27423310e-01
    7.84734428e-01   1.76707578e+00   2.41870594e+00   1.14640510e+00
    2.33039665e+00   5.82210207e+00   5.72501540e-01   8.99707556e-01
    1.94122136e+00   1.66622984e+00   6.65794075e-01   1.51643014e+00
    6.16851270e-01   1.38768947e+00   2.47493720e+00   6.47933900e-01
    1.58042431e+00   1.35717702e+00   1.49874914e+00   8.77068341e-01
    8.66622984e-01   7.12121904e-01   8.59198868e-01   1.50887918e+00
    3.28949958e-01   1.92097044e+00   9.50577915e-01   3.56345415e+00
    1.38371670e+00   1.67310572e+00   1.34527791e+00   1.29759240e+00
    5.34591734e-01   1.42982996e+00   2.00069737e+00   1.68825746e+00
    7.35679984e-01   3.67651916e+00   1.04359829e+00   1.15029299e+00
    2.08845830e+00   2.00726175e+00   1.13981402e+00   1.69639635e+00
    2.65191466e-01   2.20610476e+00   1.14004385e+00   5.69503188e-01
    1.81362689e+00   1.67835176e+00   5.21314561e-01   1.29769289e+00
    2.02816868e+00   1.35020781e+00   1.60717726e+00   4.16832238e-01
    3.55670834e+00   2.94364095e-01   1.65198278e+00   8.82788241e-01
    1.08349884e+00   1.72480261e+00   1.34282231e+00   1.51578557e+00
    1.48709905e+00   1.33490574e+00   2.01991582e+00   1.32882214e+00
    1.64680016e+00   1.39187992e+00   1.04635370e+00   1.28144467e+00
    1.40449595e+00   1.28724027e+00   8.86995614e-01   1.38804042e+00
    1.26488006e+00   8.78869653e-01   7.35925019e-01   1.10908949e+00
    2.51006812e-01   7.95191169e-01   7.44202375e-01   5.52355647e-01
    5.97095490e-01  -5.62183559e-02   1.66210219e-01   7.77973294e-01
    1.20258832e+00   1.46874070e+00   2.63189864e+00   1.29430199e+00
    1.17739928e+00   6.76325023e-01   5.49962461e-01   8.93566549e-01
    8.06842923e-01   1.49072373e+00   1.53805816e+00   2.17033172e+00
    1.20465350e+00   1.27534771e+00   1.19444633e+00   1.60590780e+00
    6.20966375e-01   1.16273856e+00   9.40462589e-01   4.65543360e-01
    1.03747058e+00   1.31222498e+00   1.41607654e+00   1.56906152e+00
    2.81954813e+00   1.10038269e+00   9.70073998e-01   1.03743505e+00
    1.91284537e-01   1.03797948e+00   8.23467314e-01   1.15884721e+00
    2.54768538e+00   1.67274916e+00   8.12896907e-01   5.18101573e-01
    1.79170418e+00   1.31535923e+00   5.14850974e-01   3.29885870e-01
    3.96200895e-01   1.98302257e+00   1.33220041e+00   2.75373280e-01
    1.60178185e+00   2.01482520e-01   1.24711370e+00   1.16544425e+00
    1.17254066e+00   3.04808825e-01   3.52281071e-02   5.69777131e-01
    1.39968085e+00   9.86416757e-01   5.10587990e-01   1.05461228e+00
    6.52664483e-01   5.77399075e-01   2.37421656e+00   1.43622553e+00
    2.01306820e+00   1.96035838e+00   1.35221291e+00   5.04134186e-02
    3.92389983e-01   7.87387013e-01   1.26302612e+00   2.41803360e+00
    2.58843720e-01   5.89426160e-01   1.28909969e+00   4.02461410e-01
    3.47407460e-01   8.57272267e-01   1.36319304e+00   2.33070183e+00
    9.69304442e-01   1.25479031e+00   6.84372365e-01   2.12573981e+00
    1.95247245e+00   1.45749760e+00   1.21220851e+00   1.92440557e+00
    1.11587965e+00   9.77173507e-01   9.78581667e-01   1.16806781e+00
   -2.31912266e-02   1.83541858e+00   6.15454614e-01   2.10162616e+00
    1.42200673e+00   1.20700896e+00   1.77401686e+00   1.01134050e+00
    1.10092282e+00   1.30860150e+00   1.05745554e+00   6.02393866e-01
    6.78235054e-01   2.18600416e+00   6.40219212e-01   1.47930336e+00
    1.96449101e+00   1.55639648e-01   2.19648570e-01   1.69573200e+00
    8.34043205e-01   1.70555639e+00   1.64145720e+00   9.87277091e-01
    2.31336832e+00   1.63543093e+00   2.23996925e+00   3.85360003e-01
    3.46276760e-01   1.29952204e+00   4.87109244e-01   1.60148704e+00
    1.06186378e+00   1.92519987e+00   1.61541820e+00   1.20761824e+00
    9.26432133e-01   1.77869582e+00   3.50114912e-01   2.74578786e+00
    2.07465434e+00   8.61483812e-01   2.47682142e+00   6.81790829e-01
    1.29635358e+00   8.75737548e-01   1.58819890e+00   2.10793233e+00
    1.44560659e+00   7.26529419e-01   2.06486988e+00   2.12619162e+00
    2.27716279e+00   4.76865888e-01   7.77499616e-01   6.88866556e-01
    1.50076747e+00   1.38751912e+00   4.07045269e+00   1.92778432e+00
    2.23323226e+00   1.02615571e+00   1.12600482e+00   2.36089540e+00
    1.04165709e+00   2.70878494e-01   1.86931527e+00   1.23753810e+00
    1.15341210e+00   1.01776958e+00   2.02831483e+00   9.02067780e-01
    1.08063531e+00   9.51089680e-01   1.63478899e+00   1.54195285e+00
    1.54096901e+00   1.05651212e+00   1.79038894e+00   1.39864552e+00
    1.02694392e+00   1.57193387e+00   9.29819167e-01   6.58683300e-01
    1.90931284e+00   7.08725810e-01   7.16757119e-01   1.42551199e-01
    8.45099151e-01   2.36852551e+00   4.27724123e-01   2.69936502e-01
    1.04125762e+00   2.57830954e+00   7.98146725e-02   1.17754710e+00
    3.32237673e+00  -9.60699469e-03   7.61529148e-01   9.39548790e-01
    2.58642602e+00   2.59739900e+00   5.86680830e-01   8.00033629e-01
    8.33132386e-01   1.38412976e+00   4.45720971e-01   9.90105569e-01
    9.93604898e-01   1.17828751e+00   1.13948441e+00   5.95869064e-01
    1.51225770e+00   9.80959058e-01   4.58749563e-01   7.47224212e-01
    1.21655405e+00   6.44025862e-01   2.67978644e+00   1.51238716e+00
    1.29373801e+00   4.16447550e-01   2.07741424e-01   1.83801723e+00
    9.38348532e-01   2.40844107e+00   1.76248217e+00   8.55802298e-01
    6.18703783e-01   9.30849791e-01   8.62037182e-01   2.06107569e+00
