  1.17656994e+00   1.14146256e+00   2.30964661e+00   1.94792140e+00
    1.38013625e+00   1.13607633e+00   5.28317630e-01   1.28093708e+00
    1.14741564e+00   1.13980019e+00   1.15922523e+00   1.57487845e+00
   -2.39754771e-03   1.89352775e+00   3.13891053e+00   1.14508140e+00
    2.06347179e+00   8.55159640e-01   6.06118023e-01   1.21905398e+00
    1.46477115e+00   1.30151451e+00   1.58013833e+00   1.37526357e+00
    1.05861926e+00   1.40732741e+00   2.24115205e+00   5.27938545e-01
    7.32175112e-02   2.96317279e-01   9.50236797e-01   1.44114709e+00
    8.99667323e-01   1.79553115e+00   1.19125879e+00   1.91421819e+00
    3.40589762e+00   1.89008331e+00   2.92103601e+00   1.56603777e+00
    2.60250902e+00   1.04459858e+00   1.61721504e+00   8.08158696e-01
    8.16764235e-01   5.18613517e-01   9.04983342e-01   1.18684888e+00
    8.75452578e-01   1.94595635e+00   1.82712221e+00   3.34149170e+00
    3.98436993e-01   1.29834628e+00   1.22005749e+00   1.98564410e+00
    1.53760815e+00   1.15374935e+00   1.62596762e+00   2.60590720e+00
    1.65468752e+00   1.23922908e+00   1.93982375e+00   1.10133255e+00
    1.22297239e+00   1.13141322e+00   1.55208325e+00   8.71515989e-01
    1.69117701e+00   1.90928519e+00   6.71739459e-01   2.74978471e+00
    5.77479899e-01   4.61801499e-01   5.89134991e-01   9.30389941e-01
    1.07522845e+00   1.13097262e+00   3.73104095e+00   1.27479887e+00
    1.65694642e+00   1.03928328e+00   1.46646023e+00   1.31170130e+00
    5.57409525e-01   1.39382052e+00   1.98283792e-01   2.63671279e+00
    1.60231495e+00   1.29347205e+00   1.74690831e+00   2.44096184e+00
    1.20113671e+00   3.75299305e-01   2.34818053e+00   1.58474398e+00
    6.10777438e-01   2.44081736e+00   4.59733814e-01   1.24416828e+00
    1.85901034e+00   1.83882296e+00   1.00917768e+00   1.97877479e+00
    1.26520133e+00   1.73423588e+00   1.21481323e+00   2.08690119e+00
    6.05925858e-01   7.90170968e-01   7.15699673e-01   1.36822081e+00
    1.45762897e+00   1.51415086e+00   1.05509257e+00   5.68327188e-01
    1.04567289e+00   1.82434762e+00   1.20241976e+00   2.79938674e+00
    5.64849913e-01   1.77967453e+00   1.71993208e+00   1.24157405e+00
    2.29666209e+00   1.95074069e+00   1.46849573e+00   1.41117251e+00
    9.02808785e-01   1.25605977e+00   8.15391302e-01   1.65536797e+00
    1.18030000e+00   7.34403968e-01   6.53587520e-01   1.65151024e+00
    6.58443451e-01   6.47581875e-01   5.86082101e-01   2.21930051e+00
    1.17482185e+00   1.93970323e+00   1.10699987e+00   5.60162365e-01
    1.60155249e+00   1.92583048e+00   1.70794204e-01   1.92333901e+00
    1.12471497e+00   9.76370692e-01   1.87291300e+00   6.23285249e-02
    1.36635745e+00   1.41682339e+00   9.09921825e-01   1.48196256e+00
    9.30928826e-01   1.70572853e+00   1.02586484e+00   1.94865942e+00
    1.09343970e+00   2.16043639e+00   8.80750537e-01   1.21969879e+00
    1.65033197e+00   1.32089865e+00   6.22886956e-01   6.95517957e-01
    3.16658169e-01   5.98523498e-01   1.24162340e+00   2.15166122e-01
    1.36873138e+00   1.24071765e+00   1.14160013e+00   2.11975503e+00
    1.15248013e+00   1.11661160e+00   5.65747142e-01   1.78293037e+00
    5.57258964e-01   1.02553916e+00   8.19382489e-01   1.40514207e+00
    6.45702958e-01   1.70671368e+00   3.51738542e-01   1.30168414e+00
    8.46256673e-01   9.02885854e-01   1.68842065e+00   2.18700266e+00
    3.04849058e-01   1.48875129e+00   1.52770400e+00   3.55043530e-01
    3.45120049e+00   1.58508432e+00   1.50365055e+00   2.03228831e+00
    1.82620299e+00   4.50966549e+00   8.34128797e-01   9.34920669e-01
    2.01962185e+00   1.56794786e+00   2.15185666e+00   1.27320290e+00
    2.53149414e+00   6.79158115e+00   4.60394233e-01   8.98436666e-01
    1.94815457e+00   1.18380201e+00   6.60816431e-01   1.12586486e+00
    6.04936779e-01   1.21277606e+00   3.24398518e+00   9.16310608e-01
    1.44686675e+00   1.18270564e+00   2.14470983e+00   1.43583286e+00
    8.04059923e-01   1.23028314e+00   8.68542373e-01   1.13302207e+00
    7.81018853e-01   2.00082660e+00   9.77899134e-01   3.54530573e+00
    1.49052560e+00   1.32031476e+00   1.51645195e+00   1.36025572e+00
    7.95095146e-01   8.27983499e-01   1.53593552e+00   1.30190706e+00
    5.48927248e-01   3.11488795e+00   1.14309537e+00   6.95952594e-01
    2.34743690e+00   1.45342660e+00   1.41253364e+00   1.59993088e+00
    6.81633711e-01   3.86624646e+00   1.46503115e+00   1.40787280e+00
    1.31354022e+00   2.12248540e+00   1.22961497e+00   2.01031923e+00
    1.60525465e+00   1.00640154e+00   2.44711304e+00   7.66685605e-01
    4.78670025e+00   3.68877888e-01   1.52692878e+00   8.85104418e-01
    1.04731572e+00   2.15044475e+00   1.86627495e+00   2.04389691e+00
    9.48501527e-01   1.29189360e+00   1.91123319e+00   9.04462337e-01
    1.45799303e+00   1.26486003e+00   1.14800596e+00   9.98952627e-01
    1.33257210e+00   2.70266700e+00   8.50903988e-01   1.54210842e+00
    1.19868648e+00   1.90114057e+00   1.12038577e+00   1.03445375e+00
    4.87816751e-01   9.32424724e-01   7.16341555e-01   2.94352889e-01
    6.44755781e-01   1.82531416e-01   7.54906416e-01   8.52498472e-01
    1.19652748e+00   1.43676841e+00   2.99565005e+00   1.63974130e+00
    8.95662189e-01   8.69760573e-01   1.20655465e+00   6.67345464e-01
    7.01882958e-01   1.54710293e+00   1.64509630e+00   2.48242927e+00
    1.20763874e+00   1.76233792e+00   1.26321757e+00   1.00763810e+00
    1.21485090e+00   1.91699696e+00   6.59780562e-01   8.11869502e-01
    1.76760232e+00   1.02847171e+00   9.31391239e-01   2.06426144e+00
    2.42325830e+00   6.04996562e-01   7.89849877e-01   8.44276667e-01
    3.99328828e-01   1.08755064e+00   1.17860687e+00   1.54264092e+00
    1.21668887e+00   1.58546948e+00   1.06409693e+00   6.71420932e-01
    8.18674803e-01   1.28887749e+00   8.40869963e-01   1.32102299e+00
    7.85121202e-01   2.25512719e+00   1.46791852e+00   6.07561767e-01
    5.72945356e-01   3.42703074e-01   2.06506848e+00   1.25449264e+00
    9.88334656e-01   6.99667633e-02   8.81233633e-01   8.83763254e-01
    1.74172950e+00   1.41677368e+00   7.91437864e-01   1.37213659e+00
    1.69508398e-01   9.19059813e-01   1.79069126e+00   1.70628691e+00
    2.59025431e+00   2.19168878e+00   2.13395762e+00   4.12100077e-01
    6.82411015e-01   1.12135541e+00   1.16682136e+00   2.70415473e+00
    4.55162913e-01   1.24136353e+00   1.65451682e+00   1.26662242e+00
    3.84431899e-01   1.21232307e+00   1.42950153e+00   2.35773730e+00
    1.65698171e+00   6.84047461e-01   1.13904035e+00   1.62770832e+00
    1.78228438e+00   1.67371702e+00   7.79948413e-01   1.82012045e+00
    1.05864358e+00   4.81717616e-01   2.53895640e+00   1.06286871e+00
    2.17693970e-01   1.37536407e+00   6.30885422e-01   2.68671918e+00
    1.41652274e+00   1.38494861e+00   1.43593621e+00   1.26311374e+00
    2.25054622e+00   1.39053297e+00   9.89451408e-01   6.59867883e-01
    4.79145348e-01   1.85083294e+00   3.08864534e-01   1.46433699e+00
    2.20245028e+00   2.21149057e-01   9.62895527e-02   1.74843907e+00
    8.31660151e-01   1.65064776e+00   1.16828680e+00   9.73538816e-01
    2.23484325e+00   1.91633916e+00   2.13307881e+00   3.41729701e-01
    7.42902100e-01   1.13970971e+00   6.58054054e-01   2.60686660e+00
    1.17921972e+00   2.42567134e+00   1.32513773e+00   1.54080474e+00
    8.31011057e-01   1.97140038e+00   4.48086679e-01   1.73886371e+00
    1.50419259e+00   8.68322730e-01   2.22522020e+00   7.87714005e-01
    1.26321423e+00   1.01766098e+00   1.70931745e+00   1.49815869e+00
    1.05436957e+00   9.38368142e-01   3.39304042e+00   1.84157097e+00
    1.34490442e+00   8.06923270e-01   7.45291233e-01   9.68610108e-01
    1.53581572e+00   1.10365283e+00   4.81435299e+00   1.49336672e+00
    1.24396801e+00   2.38961792e+00   1.27783847e+00   1.65178645e+00
    7.66322553e-01   6.85776651e-01   2.33200908e+00   1.06621826e+00
    9.02903974e-01   9.30523992e-01   1.29300463e+00   8.19137871e-01
    8.71318460e-01   8.12175155e-01   1.05527043e+00   1.22407246e+00
    1.41219938e+00   1.10600305e+00   1.45761204e+00   8.83047402e-01
    9.00881290e-01   1.37605166e+00   1.12888706e+00   1.07973278e+00
    2.17450333e+00   1.13890386e+00   6.86353564e-01   5.42923510e-01
    6.58289254e-01   3.59170175e+00   4.50148493e-01   3.43889207e-01
    8.96998823e-01   2.73486829e+00   7.84777820e-01   9.23352122e-01
    2.41035390e+00   6.94642901e-01   1.61697066e+00   1.45669913e+00
    2.07595539e+00   1.88025248e+00   6.76125169e-01   7.32421339e-01
    9.80404973e-01   2.11848569e+00   7.18480051e-01   6.04522824e-01
    1.23116994e+00   8.40556562e-01   1.33958793e+00   8.30170929e-01
    1.50216687e+00   6.37447894e-01   6.74495876e-01   1.17046261e+00
    1.64672387e+00   5.79629302e-01   3.13763976e+00   1.26677775e+00
    1.25027537e+00   3.20228547e-01   2.09105179e-01   2.02496910e+00
    6.26914084e-01   1.77311862e+00   1.69672143e+00   9.54275310e-01
    7.95764625e-01   1.32527947e+00   1.44670296e+00   2.85669136e+00
